,flow (MWh),congestion price from ($/MWh),congestion price to ($/MWh)
C1-1,18.998500,-0.000000,0.000000
C1-2,17.318311,-0.000000,0.000000
C1-3,16.053246,-0.000000,0.000000
C1-4,15.373016,-0.000000,0.000000
C1-5,15.629096,-0.000000,0.000000
C1-6,17.586686,-0.000000,0.000000
C1-7,19.007259,-0.000000,0.000000
C1-8,12.757032,-0.000000,0.000000
C1-9,10.933980,-0.000000,0.000000
C1-10,-7.189465,-0.000000,0.000000
C1-11,-17.146657,-0.000000,0.000000
C1-12,-20.337623,-0.000000,0.000000
C1-13,-17.026733,-0.000000,0.000000
C1-14,6.334878,-0.000000,0.000000
C1-15,10.868773,-0.000000,0.000000
C1-16,27.479033,-0.000000,0.000000
C1-17,44.777183,-0.000000,0.000000
C1-18,46.887184,-0.000000,0.000000
C1-19,29.462955,-0.000000,0.000000
C1-20,38.483544,-0.000000,0.000000
C1-21,28.358840,-0.000000,0.000000
C1-22,39.762102,-0.000000,0.000000
C1-23,43.972295,-0.000000,0.000000
C1-24,42.754924,-0.000000,0.000000
C2-1,-57.030446,-0.000000,0.000000
C2-2,-52.513908,-0.000000,0.000000
C2-3,-49.082158,-0.000000,0.000000
C2-4,-47.795284,-0.000000,0.000000
C2-5,-48.753455,-0.000000,0.000000
C2-6,-54.470755,-0.000000,0.000000
C2-7,-57.037359,-0.000000,0.000000
C2-8,-42.695693,-0.000000,0.000000
C2-9,-39.670629,-0.000000,0.000000
C2-10,-33.563509,-0.000000,0.000000
C2-11,-40.663709,-0.000000,0.000000
C2-12,-34.228161,-0.000000,0.000000
C2-13,-41.213831,-0.000000,0.000000
C2-14,-32.603777,-0.000000,0.000000
C2-15,-42.484348,-0.000000,0.000000
C2-16,-66.031042,-0.000000,0.000000
C2-17,-60.321212,-0.000000,0.000000
C2-18,-65.372653,-0.000000,0.000000
C2-19,-71.407068,-0.000000,0.000000
C2-20,-73.698215,-0.000000,0.000000
C2-21,-82.453454,-0.000000,0.000000
C2-22,-105.410357,-0.000000,0.000000
C2-23,-112.550444,-0.000000,0.000000
C2-24,-108.089392,-0.000000,0.000000
C3-1,-7.306871,-0.000000,0.000000
C3-2,-7.170743,-0.000000,0.000000
C3-3,-7.492442,-0.000000,0.000000
C3-4,-7.774505,-0.000000,0.000000
C3-5,-7.858241,-0.000000,0.000000
C3-6,-8.283916,-0.000000,0.000000
C3-7,-12.929090,-0.000000,0.000000
C3-8,-26.008823,-0.000000,0.000000
C3-9,-30.986223,-0.000000,0.000000
C3-10,-49.113374,-0.000000,0.000000
C3-11,-57.498713,-0.000000,0.000000
C3-12,-61.922036,-0.000000,0.000000
C3-13,-58.862251,-0.000000,0.000000
C3-14,-41.346412,-0.000000,0.000000
C3-15,-35.845988,-0.000000,0.000000
C3-16,-17.955362,-0.000000,0.000000
C3-17,-0.619211,-0.000000,0.000000
C3-18,-0.103585,-0.000000,0.000000
C3-19,-13.012631,-0.000000,0.000000
C3-20,-4.373414,-0.000000,0.000000
C3-21,-10.018641,-0.000000,0.000000
C3-22,5.122472,-0.000000,0.000000
C3-23,13.211493,-0.000000,0.000000
C3-24,15.502769,-0.000000,0.000000
C4-1,-19.073030,-0.000000,0.000000
C4-2,-18.046759,-0.000000,0.000000
C4-3,-17.366494,-0.000000,0.000000
C4-4,-17.575643,-0.000000,0.000000
C4-5,-18.012823,-0.000000,0.000000
C4-6,-19.728634,-0.000000,0.000000
C4-7,-20.688533,-0.000000,0.000000
C4-8,-23.194886,-0.000000,0.000000
C4-9,-25.389131,-0.000000,0.000000
C4-10,-35.694299,-0.000000,0.000000
C4-11,-42.330484,-0.000000,0.000000
C4-12,-43.820415,-0.000000,0.000000
C4-13,-43.017030,-0.000000,0.000000
C4-14,-30.838626,-0.000000,0.000000
C4-15,-29.665390,-0.000000,0.000000
C4-16,-23.737797,-0.000000,0.000000
C4-17,-16.705101,-0.000000,0.000000
C4-18,-17.191485,-0.000000,0.000000
C4-19,-26.220808,-0.000000,0.000000
C4-20,-20.813149,-0.000000,0.000000
C4-21,-25.609850,-0.000000,0.000000
C4-22,-20.438016,-0.000000,0.000000
C4-23,-16.505725,-0.000000,0.000000
C4-24,-13.971153,-0.000000,0.000000
C5-1,-2.649444,-0.000000,0.000000
C5-2,-2.686180,-0.000000,0.000000
C5-3,-2.974439,-0.000000,0.000000
C5-4,-3.153998,-0.000000,0.000000
C5-5,-3.166528,-0.000000,0.000000
C5-6,-3.252222,-0.000000,0.000000
C5-7,-6.073111,-0.000000,0.000000
C5-8,-14.297213,-0.000000,0.000000
C5-9,-17.316876,-0.000000,0.000000
C5-10,-28.433952,-0.000000,0.000000
C5-11,-33.473402,-0.000000,0.000000
C5-12,-36.233121,-0.000000,0.000000
C5-13,-34.277972,-0.000000,0.000000
C5-14,-23.555063,-0.000000,0.000000
C5-15,-20.056315,-0.000000,0.000000
C5-16,-8.790605,-0.000000,0.000000
C5-17,2.057893,-0.000000,0.000000
C5-18,2.475537,-0.000000,0.000000
C5-19,-5.428384,-0.000000,0.000000
C5-20,-0.158384,-0.000000,0.000000
C5-21,-3.614512,-0.000000,0.000000
C5-22,5.838998,-0.000000,0.000000
C5-23,10.750561,-0.000000,0.000000
C5-24,11.969829,-0.000000,0.000000
C6-1,39.182545,-0.000000,0.000000
C6-2,34.748701,-0.000000,0.000000
C6-3,30.940327,-0.000000,0.000000
C6-4,28.366902,-0.000000,0.000000
C6-5,28.776760,-0.000000,0.000000
C6-6,33.307491,-0.000000,0.000000
C6-7,32.694278,-0.000000,0.000000
C6-8,-1.322732,-0.000000,0.000000
C6-9,-13.421163,-0.000000,0.000000
C6-10,-48.585463,-0.000000,0.000000
C6-11,-51.195200,-0.000000,0.000000
C6-12,-66.579608,-0.000000,0.000000
C6-13,-52.612495,-0.000000,0.000000
C6-14,-41.797096,-0.000000,0.000000
C6-15,-21.374841,-0.000000,0.000000
C6-16,34.225405,-0.000000,0.000000
C6-17,40.176761,-0.000000,0.000000
C6-18,46.984976,-0.000000,0.000000
C6-19,38.434584,-0.000000,0.000000
C6-20,55.160314,-0.000000,0.000000
C6-21,61.429950,-0.000000,0.000000
C6-22,115.664291,-0.000000,0.000000
C6-23,139.542407,-0.000000,0.000000
C6-24,139.723735,-0.000000,0.000000
C7-1,-150.577686,-0.000000,0.000000
C7-2,-142.173175,-0.000000,0.000000
C7-3,-136.558076,-0.000000,0.000000
C7-4,-136.156808,-0.000000,0.000000
C7-5,-141.234549,-0.000000,0.000000
C7-6,-157.058221,-0.000000,0.000000
C7-7,-159.363621,-0.000000,0.000000
C7-8,-98.018769,-0.000000,0.000000
C7-9,-104.460253,-0.000000,0.000000
C7-10,-125.437648,-0.000000,0.000000
C7-11,-140.016975,-0.000000,0.000000
C7-12,-122.161588,-0.000000,0.000000
C7-13,-107.037285,-0.000000,0.000000
C7-14,-92.998868,-0.000000,0.000000
C7-15,-124.745445,-0.000000,0.000000
C7-16,-158.510449,-0.000000,0.000000
C7-17,-157.270038,-0.000000,0.000000
C7-18,-172.372719,-0.000000,0.000000
C7-19,-217.245638,-0.000000,0.000000
C7-20,-216.187539,-0.000000,0.000000
C7-21,-212.438829,-0.000000,0.000000
C7-22,-132.950953,-0.000000,0.000000
C7-23,-44.370611,-0.000000,0.000000
C7-24,-21.765959,-0.000000,0.000000
C8-1,-50.138515,-0.000000,0.000000
C8-2,-47.075548,-0.000000,0.000000
C8-3,-45.131126,-0.000000,0.000000
C8-4,-45.117877,-0.000000,0.000000
C8-5,-46.093494,-0.000000,0.000000
C8-6,-50.677068,-0.000000,0.000000
C8-7,-55.605015,-0.000000,0.000000
C8-8,-61.529274,-0.000000,0.000000
C8-9,-66.310358,-0.000000,0.000000
C8-10,-79.132135,-0.000000,0.000000
C8-11,-87.079297,-0.000000,0.000000
C8-12,-89.376884,-0.000000,0.000000
C8-13,-88.994885,-0.000000,0.000000
C8-14,-77.167636,-0.000000,0.000000
C8-15,-75.889054,-0.000000,0.000000
C8-16,-69.516664,-0.000000,0.000000
C8-17,-62.039172,-0.000000,0.000000
C8-18,-64.187688,-0.000000,0.000000
C8-19,-72.842447,-0.000000,0.000000
C8-20,-66.170631,-0.000000,0.000000
C8-21,-69.539303,-0.000000,0.000000
C8-22,-61.909386,-0.000000,0.000000
C8-23,-54.442138,-0.000000,0.000000
C8-24,-48.115095,-0.000000,0.000000
C9-1,-37.112945,-0.000000,0.000000
C9-2,-35.022688,-0.000000,0.000000
C9-3,-34.131480,-0.000000,0.000000
C9-4,-34.200161,-0.000000,0.000000
C9-5,-34.800506,-0.000000,0.000000
C9-6,-37.977684,-0.000000,0.000000
C9-7,-46.430039,-0.000000,0.000000
C9-8,-62.789114,-0.000000,0.000000
C9-9,-70.248482,-0.000000,0.000000
C9-10,-90.790217,-0.000000,0.000000
C9-11,-100.433386,-0.000000,0.000000
C9-12,-105.631622,-0.000000,0.000000
C9-13,-102.976139,-0.000000,0.000000
C9-14,-85.797219,-0.000000,0.000000
C9-15,-80.195719,-0.000000,0.000000
C9-16,-61.878329,-0.000000,0.000000
C9-17,-44.115415,-0.000000,0.000000
C9-18,-45.194538,-0.000000,0.000000
C9-19,-57.744203,-0.000000,0.000000
C9-20,-47.892079,-0.000000,0.000000
C9-21,-52.167170,-0.000000,0.000000
C9-22,-34.667626,-0.000000,0.000000
C9-23,-23.186957,-0.000000,0.000000
C9-24,-17.256959,-0.000000,0.000000
C10-1,-59.742769,-0.000000,0.000000
C10-2,-56.036385,-0.000000,0.000000
C10-3,-54.001329,-0.000000,0.000000
C10-4,-53.772157,-0.000000,0.000000
C10-5,-54.774247,-0.000000,0.000000
C10-6,-60.130425,-0.000000,0.000000
C10-7,-70.243943,-0.000000,0.000000
C10-8,-84.749601,-0.000000,0.000000
C10-9,-92.523457,-0.000000,0.000000
C10-10,-108.265651,-0.000000,0.000000
C10-11,-115.714464,-0.000000,0.000000
C10-12,-119.958524,-0.000000,0.000000
C10-13,-118.777814,-0.000000,0.000000
C10-14,-108.700270,-0.000000,0.000000
C10-15,-105.007912,-0.000000,0.000000
C10-16,-92.924739,-0.000000,0.000000
C10-17,-81.258779,-0.000000,0.000000
C10-18,-83.895865,-0.000000,0.000000
C10-19,-91.111396,-0.000000,0.000000
C10-20,-83.518081,-0.000000,0.000000
C10-21,-84.349722,-0.000000,0.000000
C10-22,-70.378655,-0.000000,0.000000
C10-23,-58.970413,-0.000000,0.000000
C10-24,-50.781199,-0.000000,0.000000
C11-1,-52.475482,-0.000000,0.000000
C11-2,-49.035115,-0.000000,0.000000
C11-3,-46.899715,-0.000000,0.000000
C11-4,-46.524043,-0.000000,0.000000
C11-5,-47.433565,-0.000000,0.000000
C11-6,-52.277760,-0.000000,0.000000
C11-7,-58.980544,-0.000000,0.000000
C11-8,-64.754034,-0.000000,0.000000
C11-9,-69.123695,-0.000000,0.000000
C11-10,-73.374723,-0.000000,0.000000
C11-11,-75.589212,-0.000000,0.000000
C11-12,-76.953496,-0.000000,0.000000
C11-13,-77.665296,-0.000000,0.000000
C11-14,-78.258462,-0.000000,0.000000
C11-15,-78.080512,-0.000000,0.000000
C11-16,-77.329168,-0.000000,0.000000
C11-17,-76.577823,-0.000000,0.000000
C11-18,-79.385479,-0.000000,0.000000
C11-19,-78.752768,-0.000000,0.000000
C11-20,-76.617368,-0.000000,0.000000
C11-21,-74.205157,-0.000000,0.000000
C11-22,-70.052990,-0.000000,0.000000
C11-23,-64.081778,-0.000000,0.000000
C11-24,-57.675577,-0.000000,0.000000
C12-1-1,-72.687572,-0.000000,0.000000
C12-1-2,-67.917666,-0.000000,0.000000
C12-1-3,-64.723228,-0.000000,0.000000
C12-1-4,-64.292639,-0.000000,0.000000
C12-1-5,-65.652704,-0.000000,0.000000
C12-1-6,-72.453138,-0.000000,0.000000
C12-1-7,-77.850987,-0.000000,0.000000
C12-1-8,-66.902122,-0.000000,0.000000
C12-1-9,-60.483139,-0.000000,0.000000
C12-1-10,-57.045050,-0.000000,0.000000
C12-1-11,-57.616545,-0.000000,0.000000
C12-1-12,-60.639180,-0.000000,0.000000
C12-1-13,-60.158176,-0.000000,0.000000
C12-1-14,-62.647871,-0.000000,0.000000
C12-1-15,-71.600876,-0.000000,0.000000
C12-1-16,-88.809941,-0.000000,0.000000
C12-1-17,-102.825573,-0.000000,0.000000
C12-1-18,-106.769661,-0.000000,0.000000
C12-1-19,-106.290587,-0.000000,0.000000
C12-1-20,-104.048306,-0.000000,0.000000
C12-1-21,-101.935327,-0.000000,0.000000
C12-1-22,-100.706963,-0.000000,0.000000
C12-1-23,-94.736831,-0.000000,0.000000
C12-1-24,-86.405643,-0.000000,0.000000
C13-2-1,-51.574371,-0.000000,0.000000
C13-2-2,-48.197488,-0.000000,0.000000
C13-2-3,-46.335297,-0.000000,0.000000
C13-2-4,-45.876295,-0.000000,0.000000
C13-2-5,-46.669979,-0.000000,0.000000
C13-2-6,-51.340599,-0.000000,0.000000
C13-2-7,-59.914942,-0.000000,0.000000
C13-2-8,-58.235429,-0.000000,0.000000
C13-2-9,-53.501771,-0.000000,0.000000
C13-2-10,-52.806295,-0.000000,0.000000
C13-2-11,-51.878709,-0.000000,0.000000
C13-2-12,-57.086698,-0.000000,0.000000
C13-2-13,-54.753245,-0.000000,0.000000
C13-2-14,-57.868168,-0.000000,0.000000
C13-2-15,-63.093778,-0.000000,0.000000
C13-2-16,-71.305529,-0.000000,0.000000
C13-2-17,-78.510713,-0.000000,0.000000
C13-2-18,-81.215154,-0.000000,0.000000
C13-2-19,-80.195968,-0.000000,0.000000
C13-2-20,-77.381622,-0.000000,0.000000
C13-2-21,-73.782484,-0.000000,0.000000
C13-2-22,-65.178516,-0.000000,0.000000
C13-2-23,-57.008819,-0.000000,0.000000
C13-2-24,-50.170125,-0.000000,0.000000
C14-1,-77.770847,-0.000000,0.000000
C14-2,-73.925342,-0.000000,0.000000
C14-3,-72.041852,-0.000000,0.000000
C14-4,-71.303636,-0.000000,0.000000
C14-5,-72.303348,-0.000000,0.000000
C14-6,-78.447806,-0.000000,0.000000
C14-7,-91.249649,-0.000000,0.000000
C14-8,-101.034017,-0.000000,0.000000
C14-9,-107.857199,-0.000000,0.000000
C14-10,-129.111503,-0.000000,0.000000
C14-11,-135.616988,-0.000000,0.000000
C14-12,-142.788007,-0.000000,0.000000
C14-13,-136.469839,-0.000000,0.000000
C14-14,-128.260395,-0.000000,0.000000
C14-15,-127.586881,-0.000000,0.000000
C14-16,-112.538768,-0.000000,0.000000
C14-17,-102.655918,-0.000000,0.000000
C14-18,-107.046709,-0.000000,0.000000
C14-19,-118.618374,-0.000000,0.000000
C14-20,-112.849500,-0.000000,0.000000
C14-21,-110.648697,-0.000000,0.000000
C14-22,-78.183248,-0.000000,0.000000
C14-23,-51.310110,-0.000000,0.000000
C14-24,-38.193885,-0.000000,0.000000
C15-1,-68.638371,-0.000000,0.000000
C15-2,-63.468332,-0.000000,0.000000
C15-3,-62.431776,-0.000000,0.000000
C15-4,-61.873638,-0.000000,0.000000
C15-5,-62.473081,-0.000000,0.000000
C15-6,-68.663772,-0.000000,0.000000
C15-7,-80.784835,-0.000000,0.000000
C15-8,-111.175759,-0.000000,0.000000
C15-9,-122.030635,-0.000000,0.000000
C15-10,-150.575757,-0.000000,0.000000
C15-11,-156.798952,-0.000000,0.000000
C15-12,-171.442559,-0.000000,0.000000
C15-13,-164.527131,-0.000000,0.000000
C15-14,-154.214055,-0.000000,0.000000
C15-15,-142.990607,-0.000000,0.000000
C15-16,-112.723267,-0.000000,0.000000
C15-17,-123.241020,-0.000000,0.000000
C15-18,-124.765335,-0.000000,0.000000
C15-19,-128.633952,-0.000000,0.000000
C15-20,-108.973437,-0.000000,0.000000
C15-21,-103.283201,-0.000000,0.000000
C15-22,-61.742996,-0.000000,0.000000
C15-23,-40.440940,-0.000000,0.000000
C15-24,-28.748926,-0.000000,0.000000
C16-1,-119.779638,-0.000000,0.000000
C16-2,-113.181444,-0.000000,0.000000
C16-3,-108.691879,-0.000000,0.000000
C16-4,-107.997739,-0.000000,0.000000
C16-5,-110.108318,-0.000000,0.000000
C16-6,-120.465319,-0.000000,0.000000
C16-7,-127.309020,-0.000000,0.000000
C16-8,-119.299409,-0.000000,0.000000
C16-9,-122.961889,-0.000000,0.000000
C16-10,-139.222635,-0.000000,0.000000
C16-11,-148.725367,-0.000000,0.000000
C16-12,-151.773140,-0.000000,0.000000
C16-13,-148.946564,-0.000000,0.000000
C16-14,-139.405823,-0.000000,0.000000
C16-15,-145.935820,-0.000000,0.000000
C16-16,-148.077437,-0.000000,0.000000
C16-17,-151.228498,-0.000000,0.000000
C16-18,-158.083214,-0.000000,0.000000
C16-19,-170.871147,-0.000000,0.000000
C16-20,-166.124110,-0.000000,0.000000
C16-21,-166.766883,-0.000000,0.000000
C16-22,-148.095336,-0.000000,0.000000
C16-23,-125.081781,-0.000000,0.000000
C16-24,-108.883362,-0.000000,0.000000
C17-1,-110.512199,-0.000000,0.000000
C17-2,-102.569897,-0.000000,0.000000
C17-3,-98.939783,-0.000000,0.000000
C17-4,-98.428382,-0.000000,0.000000
C17-5,-100.132777,-0.000000,0.000000
C17-6,-110.536694,-0.000000,0.000000
C17-7,-116.689553,-0.000000,0.000000
C17-8,-129.591028,-0.000000,0.000000
C17-9,-137.344784,-0.000000,0.000000
C17-10,-161.004095,-0.000000,0.000000
C17-11,-170.220364,-0.000000,0.000000
C17-12,-180.851157,-0.000000,0.000000
C17-13,-177.418496,-0.000000,0.000000
C17-14,-165.743035,-0.000000,0.000000
C17-15,-161.567188,-0.000000,0.000000
C17-16,-148.264662,-0.000000,0.000000
C17-17,-172.117814,-0.000000,0.000000
C17-18,-176.063691,-0.000000,0.000000
C17-19,-181.034738,-0.000000,0.000000
C17-20,-162.190765,-0.000000,0.000000
C17-21,-159.292537,-0.000000,0.000000
C17-22,-131.412125,-0.000000,0.000000
C17-23,-114.051983,-0.000000,0.000000
C17-24,-99.298821,-0.000000,0.000000
C18-1,-75.344854,-0.000000,0.000000
C18-2,-71.610530,-0.000000,0.000000
C18-3,-72.536415,-0.000000,0.000000
C18-4,-72.664468,-0.000000,0.000000
C18-5,-72.314422,-0.000000,0.000000
C18-6,-74.620213,-0.000000,0.000000
C18-7,-86.153818,-0.000000,0.000000
C18-8,-186.204445,-0.000000,0.000000
C18-9,-199.047247,-0.000000,0.000000
C18-10,-263.823121,-0.000000,0.000000
C18-11,-269.235531,-0.000000,0.000000
C18-12,-320.184646,-0.000000,0.000000
C18-13,-313.678487,-0.000000,0.000000
C18-14,-296.867236,-0.000000,0.000000
C18-15,-246.513689,-0.000000,0.000000
C18-16,-154.340411,-0.000000,0.000000
C18-17,-152.520599,-0.000000,0.000000
C18-18,-141.708994,-0.000000,0.000000
C18-19,-124.940491,-0.000000,0.000000
C18-20,-96.256201,-0.000000,0.000000
C18-21,-90.465030,-0.000000,0.000000
C18-22,-59.860466,-0.000000,0.000000
C18-23,-58.859878,-0.000000,0.000000
C18-24,-46.063103,-0.000000,0.000000
C19-1,-122.205631,-0.000000,0.000000
C19-2,-115.496256,-0.000000,0.000000
C19-3,-108.197316,-0.000000,0.000000
C19-4,-106.636906,-0.000000,0.000000
C19-5,-110.097243,-0.000000,0.000000
C19-6,-124.292913,-0.000000,0.000000
C19-7,-132.404851,-0.000000,0.000000
C19-8,-34.128980,-0.000000,0.000000
C19-9,-31.771841,-0.000000,0.000000
C19-10,-4.511018,-0.000000,0.000000
C19-11,-15.106823,-0.000000,0.000000
C19-12,25.623499,-0.000000,0.000000
C19-13,28.262085,-0.000000,0.000000
C19-14,29.201018,-0.000000,0.000000
C19-15,-27.009012,-0.000000,0.000000
C19-16,-106.275794,-0.000000,0.000000
C19-17,-101.363816,-0.000000,0.000000
C19-18,-123.420929,-0.000000,0.000000
C19-19,-164.549029,-0.000000,0.000000
C19-20,-182.717408,-0.000000,0.000000
C19-21,-186.950551,-0.000000,0.000000
C19-22,-166.418117,-0.000000,0.000000
C19-23,-117.532013,-0.000000,0.000000
C19-24,-101.014144,-0.000000,0.000000
C20-1,-91.806142,-0.000000,0.000000
C20-2,-90.459291,-0.000000,0.000000
C20-3,-89.858576,-0.000000,0.000000
C20-4,-89.662038,-0.000000,0.000000
C20-5,-90.033477,-0.000000,0.000000
C20-6,-92.255934,-0.000000,0.000000
C20-7,-105.016646,-0.000000,0.000000
C20-8,-167.923955,-0.000000,0.000000
C20-9,-173.499630,-0.000000,0.000000
C20-10,-225.133803,-0.000000,0.000000
C20-11,-231.055042,-0.000000,0.000000
C20-12,-268.534817,-0.000000,0.000000
C20-13,-263.105217,-0.000000,0.000000
C20-14,-250.085764,-0.000000,0.000000
C20-15,-218.748472,-0.000000,0.000000
C20-16,-154.007852,-0.000000,0.000000
C20-17,-115.415952,-0.000000,0.000000
C20-18,-109.771172,-0.000000,0.000000
C20-19,-106.887412,-0.000000,0.000000
C20-20,-103.242805,-0.000000,0.000000
C20-21,-103.741336,-0.000000,0.000000
C20-22,-89.494020,-0.000000,0.000000
C20-23,-78.451556,-0.000000,0.000000
C20-24,-63.087643,-0.000000,0.000000
C21-1,-87.344428,-0.000000,0.000000
C21-2,-75.578939,-0.000000,0.000000
C21-3,-71.512983,-0.000000,0.000000
C21-4,-70.639982,-0.000000,0.000000
C21-5,-72.572381,-0.000000,0.000000
C21-6,-86.944533,-0.000000,0.000000
C21-7,-80.257742,-0.000000,0.000000
C21-8,-30.842831,-0.000000,0.000000
C21-9,-32.575789,-0.000000,0.000000
C21-10,-26.646049,-0.000000,0.000000
C21-11,-32.364275,-0.000000,0.000000
C21-12,-14.958899,-0.000000,0.000000
C21-13,-10.340410,-0.000000,0.000000
C21-14,-6.971326,-0.000000,0.000000
C21-15,-33.109323,-0.000000,0.000000
C21-16,-69.680078,-0.000000,0.000000
C21-17,-179.942881,-0.000000,0.000000
C21-18,-191.057854,-0.000000,0.000000
C21-19,-202.781278,-0.000000,0.000000
C21-20,-167.921397,-0.000000,0.000000
C21-21,-158.834403,-0.000000,0.000000
C21-22,-103.661100,-0.000000,0.000000
C21-23,-76.041367,-0.000000,0.000000
C21-24,-64.960104,-0.000000,0.000000
C22-1,-46.732352,-0.000000,0.000000
C22-2,-34.357599,-0.000000,0.000000
C22-3,-30.155721,-0.000000,0.000000
C22-4,-29.290810,-0.000000,0.000000
C22-5,-31.240391,-0.000000,0.000000
C22-6,-46.038331,-0.000000,0.000000
C22-7,-31.542551,-0.000000,0.000000
C22-8,58.259715,-0.000000,0.000000
C22-9,59.403802,-0.000000,0.000000
C22-10,94.502940,-0.000000,0.000000
C22-11,91.394337,-0.000000,0.000000
C22-12,131.478828,-0.000000,0.000000
C22-13,133.632536,-0.000000,0.000000
C22-14,130.205725,-0.000000,0.000000
C22-15,83.773819,-0.000000,0.000000
C22-16,7.280567,-0.000000,0.000000
C22-17,-136.948204,-0.000000,0.000000
C22-18,-152.455121,-0.000000,0.000000
C22-19,-167.117105,-0.000000,0.000000
C22-20,-130.261160,-0.000000,0.000000
C22-21,-119.854631,-0.000000,0.000000
C22-22,-66.200158,-0.000000,0.000000
C22-23,-41.498137,-0.000000,0.000000
C22-24,-37.619807,-0.000000,0.000000
C23-1,-203.647580,-0.000000,0.000000
C23-2,-191.598755,-0.000000,0.000000
C23-3,-180.985674,-0.000000,0.000000
C23-4,-178.842221,-0.000000,0.000000
C23-5,-183.714136,-0.000000,0.000000
C23-6,-205.427997,-0.000000,0.000000
C23-7,-162.042656,-0.000000,0.000000
C23-8,-11.427240,-0.000000,0.000000
C23-9,7.248184,-0.000000,0.000000
C23-10,38.211412,-0.000000,0.000000
C23-11,33.378719,-0.000000,0.000000
C23-12,77.291674,-0.000000,0.000000
C23-13,81.025545,-0.000000,0.000000
C23-14,78.243884,-0.000000,0.000000
C23-15,4.110033,-0.000000,0.000000
C23-16,-123.790663,-0.000000,0.000000
C23-17,-220.212598,-0.000000,0.000000
C23-18,-246.627192,-0.000000,0.000000
C23-19,-286.773326,-0.000000,0.000000
C23-20,-301.627564,-0.000000,0.000000
C23-21,-302.116954,-0.000000,0.000000
C23-22,-275.140357,-0.000000,0.000000
C23-23,-216.986933,-0.000000,0.000000
C23-24,-190.526640,-0.000000,0.000000
C24-1,85.555210,-0.000000,0.000000
C24-2,64.623276,-0.000000,0.000000
C24-3,57.079846,-0.000000,0.000000
C24-4,50.877238,-0.000000,0.000000
C24-5,64.199099,-0.000000,0.000000
C24-6,81.973200,-0.000000,0.000000
C24-7,16.378211,-0.000000,0.000000
C24-8,-105.319786,-0.000000,0.000000
C24-9,-118.604912,-0.000000,0.000000
C24-10,-154.436194,-0.000000,0.000000
C24-11,-155.518994,-0.000000,0.000000
C24-12,-181.664496,-0.000000,0.000000
C24-13,-169.364988,-0.000000,0.000000
C24-14,-162.769840,-0.000000,0.000000
C24-15,-140.314690,-0.000000,0.000000
C24-16,34.228277,-0.000000,0.000000
C24-17,13.900373,-0.000000,0.000000
C24-18,14.983937,-0.000000,0.000000
C24-19,17.606149,-0.000000,0.000000
C24-20,59.063691,-0.000000,0.000000
C24-21,71.727595,-0.000000,0.000000
C24-22,119.155401,-0.000000,0.000000
C24-23,30.466603,-0.000000,0.000000
C24-24,48.618774,-0.000000,0.000000
C25-1-1,-135.105359,-0.000000,0.000000
C25-1-2,-142.474436,-0.000000,0.000000
C25-1-3,-136.831046,-0.000000,0.000000
C25-1-4,-139.185419,-0.000000,0.000000
C25-1-5,-139.219940,-0.000000,0.000000
C25-1-6,-136.303910,-0.000000,0.000000
C25-1-7,-126.963376,-0.000000,0.000000
C25-1-8,-37.707606,-0.000000,0.000000
C25-1-9,-37.126515,-0.000000,0.000000
C25-1-10,-30.889876,-0.000000,0.000000
C25-1-11,-36.446111,-0.000000,0.000000
C25-1-12,-17.675578,-0.000000,0.000000
C25-1-13,-14.715744,-0.000000,0.000000
C25-1-14,-13.346244,-0.000000,0.000000
C25-1-15,-42.821467,-0.000000,0.000000
C25-1-16,-108.922748,-0.000000,0.000000
C25-1-17,-133.185886,-0.000000,0.000000
C25-1-18,-144.839116,-0.000000,0.000000
C25-1-19,-167.784403,-0.000000,0.000000
C25-1-20,-185.276437,-0.000000,0.000000
C25-1-21,-186.675351,-0.000000,0.000000
C25-1-22,-175.476287,-0.000000,0.000000
C25-1-23,-118.674301,-0.000000,0.000000
C25-1-24,-108.324999,-0.000000,0.000000
C25-2-1,-135.105359,-0.000000,0.000000
C25-2-2,-142.474436,-0.000000,0.000000
C25-2-3,-136.831046,-0.000000,0.000000
C25-2-4,-139.185419,-0.000000,0.000000
C25-2-5,-139.219940,-0.000000,0.000000
C25-2-6,-136.303910,-0.000000,0.000000
C25-2-7,-126.963376,-0.000000,0.000000
C25-2-8,-37.707606,-0.000000,0.000000
C25-2-9,-37.126515,-0.000000,0.000000
C25-2-10,-30.889876,-0.000000,0.000000
C25-2-11,-36.446111,-0.000000,0.000000
C25-2-12,-17.675578,-0.000000,0.000000
C25-2-13,-14.715744,-0.000000,0.000000
C25-2-14,-13.346244,-0.000000,0.000000
C25-2-15,-42.821467,-0.000000,0.000000
C25-2-16,-108.922748,-0.000000,0.000000
C25-2-17,-133.185886,-0.000000,0.000000
C25-2-18,-144.839116,-0.000000,0.000000
C25-2-19,-167.784403,-0.000000,0.000000
C25-2-20,-185.276437,-0.000000,0.000000
C25-2-21,-186.675351,-0.000000,0.000000
C25-2-22,-175.476287,-0.000000,0.000000
C25-2-23,-118.674301,-0.000000,0.000000
C25-2-24,-108.324999,-0.000000,0.000000
C26-1,150.577686,-0.000000,0.000000
C26-2,142.173175,-0.000000,0.000000
C26-3,136.558076,-0.000000,0.000000
C26-4,136.156808,-0.000000,0.000000
C26-5,141.234549,-0.000000,0.000000
C26-6,157.058221,-0.000000,0.000000
C26-7,111.863621,-0.000000,0.000000
C26-8,16.518769,-0.000000,0.000000
C26-9,17.560253,-0.000000,0.000000
C26-10,30.137648,-0.000000,0.000000
C26-11,36.716975,-0.000000,0.000000
C26-12,21.861588,-0.000000,0.000000
C26-13,1.837285,-0.000000,0.000000
C26-14,-9.001132,-0.000000,0.000000
C26-15,27.945445,-0.000000,0.000000
C26-16,86.510449,-0.000000,0.000000
C26-17,157.270038,-0.000000,0.000000
C26-18,172.372719,-0.000000,0.000000
C26-19,217.245638,-0.000000,0.000000
C26-20,216.187539,-0.000000,0.000000
C26-21,212.438829,-0.000000,0.000000
C26-22,132.950953,-0.000000,0.000000
C26-23,44.370611,-0.000000,0.000000
C26-24,21.765959,-0.000000,0.000000
C27-1,-265.927929,-0.000000,0.000000
C27-2,-273.354914,-0.000000,0.000000
C27-3,-255.030400,-0.000000,0.000000
C27-4,-256.122444,-0.000000,0.000000
C27-5,-254.530435,-0.000000,0.000000
C27-6,-276.257560,-0.000000,0.000000
C27-7,-240.249078,-0.000000,0.000000
C27-8,-99.480042,-0.000000,0.000000
C27-9,-79.901445,-0.000000,0.000000
C27-10,-27.449985,-0.000000,0.000000
C27-11,-41.438116,-0.000000,0.000000
C27-12,36.955270,-0.000000,0.000000
C27-13,45.031836,-0.000000,0.000000
C27-14,39.573033,-0.000000,0.000000
C27-15,1.980402,-0.000000,0.000000
C27-16,-139.782934,-0.000000,0.000000
C27-17,-186.432615,-0.000000,0.000000
C27-18,-247.572185,-0.000000,0.000000
C27-19,-351.067153,-0.000000,0.000000
C27-20,-435.771790,-0.000000,0.000000
C27-21,-444.900095,-0.000000,0.000000
C27-22,-431.059596,-0.000000,0.000000
C27-23,-389.735411,-0.000000,0.000000
C27-24,-433.202265,-0.000000,0.000000
C28-1,229.855173,-0.000000,0.000000
C28-2,231.151343,-0.000000,0.000000
C28-3,217.604800,-0.000000,0.000000
C28-4,214.938227,-0.000000,0.000000
C28-5,221.068546,-0.000000,0.000000
C28-6,234.980554,-0.000000,0.000000
C28-7,171.400198,-0.000000,0.000000
C28-8,-43.644913,-0.000000,0.000000
C28-9,-86.754239,-0.000000,0.000000
C28-10,-147.474575,-0.000000,0.000000
C28-11,-141.173529,-0.000000,0.000000
C28-12,-202.890888,-0.000000,0.000000
C28-13,-195.503515,-0.000000,0.000000
C28-14,-180.479481,-0.000000,0.000000
C28-15,-76.649469,-0.000000,0.000000
C28-16,112.357214,-0.000000,0.000000
C28-17,42.858131,-0.000000,0.000000
C28-18,76.420546,-0.000000,0.000000
C28-19,142.897762,-0.000000,0.000000
C28-20,255.914024,-0.000000,0.000000
C28-21,279.146611,-0.000000,0.000000
C28-22,343.032248,-0.000000,0.000000
C28-23,275.949659,-0.000000,0.000000
C28-24,245.153938,-0.000000,0.000000
C29-1,24.327996,-0.000000,0.000000
C29-2,26.872920,-0.000000,0.000000
C29-3,21.479359,-0.000000,0.000000
C29-4,21.681689,-0.000000,0.000000
C29-5,12.864770,-0.000000,0.000000
C29-6,34.101628,-0.000000,0.000000
C29-7,66.276119,-0.000000,0.000000
C29-8,176.733572,-0.000000,0.000000
C29-9,172.904209,-0.000000,0.000000
C29-10,161.726830,-0.000000,0.000000
C29-11,168.635558,-0.000000,0.000000
C29-12,145.422576,-0.000000,0.000000
C29-13,136.185561,-0.000000,0.000000
C29-14,140.535909,-0.000000,0.000000
C29-15,108.877469,-0.000000,0.000000
C29-16,14.567581,-0.000000,0.000000
C29-17,11.415169,-0.000000,0.000000
C29-18,67.937449,-0.000000,0.000000
C29-19,123.495242,-0.000000,0.000000
C29-20,144.475965,-0.000000,0.000000
C29-21,139.659783,-0.000000,0.000000
C29-22,111.468325,-0.000000,0.000000
C29-23,222.941770,-0.000000,0.000000
C29-24,263.934644,-0.000000,0.000000
C30-1,-70.855925,-0.000000,0.000000
C30-2,-71.027834,-0.000000,0.000000
C30-3,-64.209759,-0.000000,0.000000
C30-4,-66.304133,-0.000000,0.000000
C30-5,-76.195205,-0.000000,0.000000
C30-6,-63.159188,-0.000000,0.000000
C30-7,-64.825197,-0.000000,0.000000
C30-8,-22.013614,-0.000000,0.000000
C30-9,-33.705654,-0.000000,0.000000
C30-10,-44.476815,-0.000000,0.000000
C30-11,-49.973674,-0.000000,0.000000
C30-12,-49.467306,-0.000000,0.000000
C30-13,-55.453725,-0.000000,0.000000
C30-14,-50.962876,-0.000000,0.000000
C30-15,-56.497067,-0.000000,0.000000
C30-16,-96.850515,-0.000000,0.000000
C30-17,-104.147785,-0.000000,0.000000
C30-18,-99.309635,-0.000000,0.000000
C30-19,-77.462395,-0.000000,0.000000
C30-20,-76.747755,-0.000000,0.000000
C30-21,-77.959878,-0.000000,0.000000
C30-22,-80.427921,-0.000000,0.000000
C30-23,-33.377181,-0.000000,0.000000
C30-24,-20.036909,-0.000000,0.000000
C31-1-1,-57.733345,-0.000000,0.000000
C31-1-2,-51.878314,-0.000000,0.000000
C31-1-3,-51.730741,-0.000000,0.000000
C31-1-4,-51.129181,-0.000000,0.000000
C31-1-5,-56.749124,-0.000000,0.000000
C31-1-6,-52.583163,-0.000000,0.000000
C31-1-7,-45.424025,-0.000000,0.000000
C31-1-8,2.114413,-0.000000,0.000000
C31-1-9,-5.620657,-0.000000,0.000000
C31-1-10,-16.871716,-0.000000,0.000000
C31-1-11,-16.367052,-0.000000,0.000000
C31-1-12,-29.790769,-0.000000,0.000000
C31-1-13,-35.357394,-0.000000,0.000000
C31-1-14,-33.972318,-0.000000,0.000000
C31-1-15,-49.564508,-0.000000,0.000000
C31-1-16,-95.718661,-0.000000,0.000000
C31-1-17,-79.806889,-0.000000,0.000000
C31-1-18,-71.772734,-0.000000,0.000000
C31-1-19,-43.151066,-0.000000,0.000000
C31-1-20,-29.816352,-0.000000,0.000000
C31-1-21,-29.011377,-0.000000,0.000000
C31-1-22,-37.576420,-0.000000,0.000000
C31-1-23,26.113957,-0.000000,0.000000
C31-1-24,55.143453,-0.000000,0.000000
C31-2-1,-57.733345,-0.000000,0.000000
C31-2-2,-51.878314,-0.000000,0.000000
C31-2-3,-51.730741,-0.000000,0.000000
C31-2-4,-51.129181,-0.000000,0.000000
C31-2-5,-56.749124,-0.000000,0.000000
C31-2-6,-52.583163,-0.000000,0.000000
C31-2-7,-45.424025,-0.000000,0.000000
C31-2-8,2.114413,-0.000000,0.000000
C31-2-9,-5.620657,-0.000000,0.000000
C31-2-10,-16.871716,-0.000000,0.000000
C31-2-11,-16.367052,-0.000000,0.000000
C31-2-12,-29.790769,-0.000000,0.000000
C31-2-13,-35.357394,-0.000000,0.000000
C31-2-14,-33.972318,-0.000000,0.000000
C31-2-15,-49.564508,-0.000000,0.000000
C31-2-16,-95.718661,-0.000000,0.000000
C31-2-17,-79.806889,-0.000000,0.000000
C31-2-18,-71.772734,-0.000000,0.000000
C31-2-19,-43.151066,-0.000000,0.000000
C31-2-20,-29.816352,-0.000000,0.000000
C31-2-21,-29.011377,-0.000000,0.000000
C31-2-22,-37.576420,-0.000000,0.000000
C31-2-23,26.113957,-0.000000,0.000000
C31-2-24,55.143453,-0.000000,0.000000
C32-1-1,76.935337,-0.000000,0.000000
C32-1-2,80.074248,-0.000000,0.000000
C32-1-3,74.847006,-0.000000,0.000000
C32-1-4,73.785706,-0.000000,0.000000
C32-1-5,76.192372,-0.000000,0.000000
C32-1-6,79.641179,-0.000000,0.000000
C32-1-7,76.748185,-0.000000,0.000000
C32-1-8,-11.404377,-0.000000,0.000000
C32-1-9,-29.722675,-0.000000,0.000000
C32-1-10,-59.210587,-0.000000,0.000000
C32-1-11,-60.263354,-0.000000,0.000000
C32-1-12,-90.459775,-0.000000,0.000000
C32-1-13,-88.631431,-0.000000,0.000000
C32-1-14,-81.448867,-0.000000,0.000000
C32-1-15,-33.305025,-0.000000,0.000000
C32-1-16,43.042289,-0.000000,0.000000
C32-1-17,-34.013279,-0.000000,0.000000
C32-1-18,-19.264814,-0.000000,0.000000
C32-1-19,14.431877,-0.000000,0.000000
C32-1-20,72.486037,-0.000000,0.000000
C32-1-21,85.848772,-0.000000,0.000000
C32-1-22,120.797759,-0.000000,0.000000
C32-1-23,91.579622,-0.000000,0.000000
C32-1-24,80.819851,-0.000000,0.000000
C32-2-1,76.935337,-0.000000,0.000000
C32-2-2,80.074248,-0.000000,0.000000
C32-2-3,74.847006,-0.000000,0.000000
C32-2-4,73.785706,-0.000000,0.000000
C32-2-5,76.192372,-0.000000,0.000000
C32-2-6,79.641179,-0.000000,0.000000
C32-2-7,76.748185,-0.000000,0.000000
C32-2-8,-11.404377,-0.000000,0.000000
C32-2-9,-29.722675,-0.000000,0.000000
C32-2-10,-59.210587,-0.000000,0.000000
C32-2-11,-60.263354,-0.000000,0.000000
C32-2-12,-90.459775,-0.000000,0.000000
C32-2-13,-88.631431,-0.000000,0.000000
C32-2-14,-81.448867,-0.000000,0.000000
C32-2-15,-33.305025,-0.000000,0.000000
C32-2-16,43.042289,-0.000000,0.000000
C32-2-17,-34.013279,-0.000000,0.000000
C32-2-18,-19.264814,-0.000000,0.000000
C32-2-19,14.431877,-0.000000,0.000000
C32-2-20,72.486037,-0.000000,0.000000
C32-2-21,85.848772,-0.000000,0.000000
C32-2-22,120.797759,-0.000000,0.000000
C32-2-23,91.579622,-0.000000,0.000000
C32-2-24,80.819851,-0.000000,0.000000
C33-1-1,50.067890,-0.000000,0.000000
C33-1-2,54.968269,-0.000000,0.000000
C33-1-3,50.834352,-0.000000,0.000000
C33-1-4,49.965396,-0.000000,0.000000
C33-1-5,51.906386,-0.000000,0.000000
C33-1-6,52.874966,-0.000000,0.000000
C33-1-7,55.900147,-0.000000,0.000000
C33-1-8,-13.708442,-0.000000,0.000000
C33-1-9,-13.414007,-0.000000,0.000000
C33-1-10,-33.928446,-0.000000,0.000000
C33-1-11,-29.515031,-0.000000,0.000000
C33-1-12,-58.259965,-0.000000,0.000000
C33-1-13,-61.646063,-0.000000,0.000000
C33-1-14,-61.617200,-0.000000,0.000000
C33-1-15,-25.332248,-0.000000,0.000000
C33-1-16,31.199755,-0.000000,0.000000
C33-1-17,-73.221124,-0.000000,0.000000
C33-1-18,-59.910179,-0.000000,0.000000
C33-1-19,-25.889541,-0.000000,0.000000
C33-1-20,33.257945,-0.000000,0.000000
C33-1-21,47.855732,-0.000000,0.000000
C33-1-22,84.930629,-0.000000,0.000000
C33-1-23,58.769752,-0.000000,0.000000
C33-1-24,51.289955,-0.000000,0.000000
C33-2-1,50.067890,-0.000000,0.000000
C33-2-2,54.968269,-0.000000,0.000000
C33-2-3,50.834352,-0.000000,0.000000
C33-2-4,49.965396,-0.000000,0.000000
C33-2-5,51.906386,-0.000000,0.000000
C33-2-6,52.874966,-0.000000,0.000000
C33-2-7,55.900147,-0.000000,0.000000
C33-2-8,-13.708442,-0.000000,0.000000
C33-2-9,-13.414007,-0.000000,0.000000
C33-2-10,-33.928446,-0.000000,0.000000
C33-2-11,-29.515031,-0.000000,0.000000
C33-2-12,-58.259965,-0.000000,0.000000
C33-2-13,-61.646063,-0.000000,0.000000
C33-2-14,-61.617200,-0.000000,0.000000
C33-2-15,-25.332248,-0.000000,0.000000
C33-2-16,31.199755,-0.000000,0.000000
C33-2-17,-73.221124,-0.000000,0.000000
C33-2-18,-59.910179,-0.000000,0.000000
C33-2-19,-25.889541,-0.000000,0.000000
C33-2-20,33.257945,-0.000000,0.000000
C33-2-21,47.855732,-0.000000,0.000000
C33-2-22,84.930629,-0.000000,0.000000
C33-2-23,58.769752,-0.000000,0.000000
C33-2-24,51.289955,-0.000000,0.000000
C34-1,-92.344075,-0.000000,0.000000
C34-2,-95.372166,-0.000000,0.000000
C34-3,-83.790241,-0.000000,0.000000
C34-4,-87.295867,-0.000000,0.000000
C34-5,-98.604795,-0.000000,0.000000
C34-6,-84.440812,-0.000000,0.000000
C34-7,-96.374803,-0.000000,0.000000
C34-8,-71.186386,-0.000000,0.000000
C34-9,-85.494346,-0.000000,0.000000
C34-10,-95.523185,-0.000000,0.000000
C34-11,-105.626326,-0.000000,0.000000
C34-12,-94.932694,-0.000000,0.000000
C34-13,-100.146275,-0.000000,0.000000
C34-14,-94.637124,-0.000000,0.000000
C34-15,-90.702933,-0.000000,0.000000
C34-16,-115.949485,-0.000000,0.000000
C34-17,-132.652215,-0.000000,0.000000
C34-18,-139.890365,-0.000000,0.000000
C34-19,-128.537605,-0.000000,0.000000
C34-20,-136.852245,-0.000000,0.000000
C34-21,-138.040122,-0.000000,0.000000
C34-22,-132.772079,-0.000000,0.000000
C34-23,-107.422819,-0.000000,0.000000
C34-24,-106.363091,-0.000000,0.000000
C35-1,0.000000,-0.000000,0.000000
C35-2,0.000000,-0.000000,0.000000
C35-3,0.000000,-0.000000,0.000000
C35-4,0.000000,-0.000000,0.000000
C35-5,0.000000,-0.000000,0.000000
C35-6,0.000000,-0.000000,0.000000
C35-7,0.000000,-0.000000,0.000000
C35-8,0.000000,-0.000000,0.000000
C35-9,0.000000,-0.000000,0.000000
C35-10,0.000000,-0.000000,0.000000
C35-11,0.000000,-0.000000,0.000000
C35-12,0.000000,-0.000000,0.000000
C35-13,0.000000,-0.000000,0.000000
C35-14,0.000000,-0.000000,0.000000
C35-15,0.000000,-0.000000,0.000000
C35-16,0.000000,-0.000000,0.000000
C35-17,0.000000,-0.000000,0.000000
C35-18,0.000000,-0.000000,0.000000
C35-19,0.000000,-0.000000,0.000000
C35-20,0.000000,-0.000000,0.000000
C35-21,0.000000,-0.000000,0.000000
C35-22,0.000000,-0.000000,0.000000
C35-23,0.000000,-0.000000,0.000000
C35-24,0.000000,-0.000000,0.000000
