,hour,dispatch,dual,offer,lmp,capacity
320_PV_1-1,1,0.000000,0.000000,0.000000,0.000000,0.000000
314_PV_1-1,1,0.000000,0.000000,0.000000,0.000000,0.000000
314_PV_2-1,1,0.000000,0.000000,0.000000,0.000000,0.000000
313_PV_1-1,1,0.000000,0.000000,0.000000,0.000000,0.000000
314_PV_3-1,1,0.000000,0.000000,0.000000,0.000000,0.000000
314_PV_4-1,1,0.000000,0.000000,0.000000,0.000000,0.000000
313_PV_2-1,1,0.000000,0.000000,0.000000,0.000000,0.000000
310_PV_1-1,1,0.000000,0.000000,0.000000,0.000000,0.000000
324_PV_1-1,1,0.000000,0.000000,0.000000,0.000000,0.000000
312_PV_1-1,1,0.000000,0.000000,0.000000,0.000000,0.000000
310_PV_2-1,1,0.000000,0.000000,0.000000,0.000000,0.000000
324_PV_2-1,1,0.000000,0.000000,0.000000,0.000000,0.000000
324_PV_3-1,1,0.000000,0.000000,0.000000,0.000000,0.000000
319_PV_1-1,1,0.000000,0.000000,0.000000,0.000000,0.000000
308_RTPV_1-1,1,0.000000,0.000000,0.000000,0.000000,0.000000
313_RTPV_1-1,1,0.000000,0.000000,0.000000,0.000000,0.000000
313_RTPV_2-1,1,0.000000,0.000000,0.000000,0.000000,0.000000
313_RTPV_3-1,1,0.000000,0.000000,0.000000,0.000000,0.000000
313_RTPV_4-1,1,0.000000,0.000000,0.000000,0.000000,0.000000
313_RTPV_5-1,1,0.000000,0.000000,0.000000,0.000000,0.000000
313_RTPV_6-1,1,0.000000,0.000000,0.000000,0.000000,0.000000
313_RTPV_7-1,1,0.000000,0.000000,0.000000,0.000000,0.000000
313_RTPV_8-1,1,0.000000,0.000000,0.000000,0.000000,0.000000
313_RTPV_9-1,1,0.000000,0.000000,0.000000,0.000000,0.000000
313_RTPV_10-1,1,0.000000,0.000000,0.000000,0.000000,0.000000
313_RTPV_11-1,1,0.000000,0.000000,0.000000,0.000000,0.000000
313_RTPV_12-1,1,0.000000,0.000000,0.000000,0.000000,0.000000
320_RTPV_1-1,1,0.000000,0.000000,0.000000,0.000000,0.000000
320_RTPV_2-1,1,0.000000,0.000000,0.000000,0.000000,0.000000
320_RTPV_3-1,1,0.000000,0.000000,0.000000,0.000000,0.000000
313_RTPV_13-1,1,0.000000,0.000000,0.000000,0.000000,0.000000
320_RTPV_4-1,1,0.000000,0.000000,0.000000,0.000000,0.000000
320_RTPV_5-1,1,0.000000,0.000000,0.000000,0.000000,0.000000
320_RTPV_6-1,1,0.000000,0.000000,0.000000,0.000000,0.000000
309_WIND_1-1,1,145.500000,0.000000,0.000000,0.000000,145.500000
317_WIND_1-1,1,479.269194,0.000000,0.000000,0.000000,738.900000
303_WIND_1-1,1,486.920145,0.000000,0.000000,0.000000,837.000000
320_PV_1-2,2,0.000000,0.000000,0.000000,0.000000,0.000000
314_PV_1-2,2,0.000000,0.000000,0.000000,0.000000,0.000000
314_PV_2-2,2,0.000000,0.000000,0.000000,0.000000,0.000000
313_PV_1-2,2,0.000000,0.000000,0.000000,0.000000,0.000000
314_PV_3-2,2,0.000000,0.000000,0.000000,0.000000,0.000000
314_PV_4-2,2,0.000000,0.000000,0.000000,0.000000,0.000000
313_PV_2-2,2,0.000000,0.000000,0.000000,0.000000,0.000000
310_PV_1-2,2,0.000000,0.000000,0.000000,0.000000,0.000000
324_PV_1-2,2,0.000000,0.000000,0.000000,0.000000,0.000000
312_PV_1-2,2,0.000000,0.000000,0.000000,0.000000,0.000000
310_PV_2-2,2,0.000000,0.000000,0.000000,0.000000,0.000000
324_PV_2-2,2,0.000000,0.000000,0.000000,0.000000,0.000000
324_PV_3-2,2,0.000000,0.000000,0.000000,0.000000,0.000000
319_PV_1-2,2,0.000000,0.000000,0.000000,0.000000,0.000000
308_RTPV_1-2,2,0.000000,0.000000,0.000000,0.000000,0.000000
313_RTPV_1-2,2,0.000000,0.000000,0.000000,0.000000,0.000000
313_RTPV_2-2,2,0.000000,0.000000,0.000000,0.000000,0.000000
313_RTPV_3-2,2,0.000000,0.000000,0.000000,0.000000,0.000000
313_RTPV_4-2,2,0.000000,0.000000,0.000000,0.000000,0.000000
313_RTPV_5-2,2,0.000000,0.000000,0.000000,0.000000,0.000000
313_RTPV_6-2,2,0.000000,0.000000,0.000000,0.000000,0.000000
313_RTPV_7-2,2,0.000000,0.000000,0.000000,0.000000,0.000000
313_RTPV_8-2,2,0.000000,0.000000,0.000000,0.000000,0.000000
313_RTPV_9-2,2,0.000000,0.000000,0.000000,0.000000,0.000000
313_RTPV_10-2,2,0.000000,0.000000,0.000000,0.000000,0.000000
313_RTPV_11-2,2,0.000000,0.000000,0.000000,0.000000,0.000000
313_RTPV_12-2,2,0.000000,0.000000,0.000000,0.000000,0.000000
320_RTPV_1-2,2,0.000000,0.000000,0.000000,0.000000,0.000000
320_RTPV_2-2,2,0.000000,0.000000,0.000000,0.000000,0.000000
320_RTPV_3-2,2,0.000000,0.000000,0.000000,0.000000,0.000000
313_RTPV_13-2,2,0.000000,0.000000,0.000000,0.000000,0.000000
320_RTPV_4-2,2,0.000000,0.000000,0.000000,0.000000,0.000000
320_RTPV_5-2,2,0.000000,0.000000,0.000000,0.000000,0.000000
320_RTPV_6-2,2,0.000000,0.000000,0.000000,0.000000,0.000000
309_WIND_1-2,2,146.900000,0.000000,0.000000,0.000000,146.900000
317_WIND_1-2,2,389.313619,0.000000,0.000000,0.000000,775.800000
303_WIND_1-2,2,499.740193,0.000000,0.000000,0.000000,806.800000
320_PV_1-3,3,0.000000,0.000000,0.000000,0.000000,0.000000
314_PV_1-3,3,0.000000,0.000000,0.000000,0.000000,0.000000
314_PV_2-3,3,0.000000,0.000000,0.000000,0.000000,0.000000
313_PV_1-3,3,0.000000,0.000000,0.000000,0.000000,0.000000
314_PV_3-3,3,0.000000,0.000000,0.000000,0.000000,0.000000
314_PV_4-3,3,0.000000,0.000000,0.000000,0.000000,0.000000
313_PV_2-3,3,0.000000,0.000000,0.000000,0.000000,0.000000
310_PV_1-3,3,0.000000,0.000000,0.000000,0.000000,0.000000
324_PV_1-3,3,0.000000,0.000000,0.000000,0.000000,0.000000
312_PV_1-3,3,0.000000,0.000000,0.000000,0.000000,0.000000
310_PV_2-3,3,0.000000,0.000000,0.000000,0.000000,0.000000
324_PV_2-3,3,0.000000,0.000000,0.000000,0.000000,0.000000
324_PV_3-3,3,0.000000,0.000000,0.000000,0.000000,0.000000
319_PV_1-3,3,0.000000,0.000000,0.000000,0.000000,0.000000
308_RTPV_1-3,3,0.000000,0.000000,0.000000,0.000000,0.000000
313_RTPV_1-3,3,0.000000,0.000000,0.000000,0.000000,0.000000
313_RTPV_2-3,3,0.000000,0.000000,0.000000,0.000000,0.000000
313_RTPV_3-3,3,0.000000,0.000000,0.000000,0.000000,0.000000
313_RTPV_4-3,3,0.000000,0.000000,0.000000,0.000000,0.000000
313_RTPV_5-3,3,0.000000,0.000000,0.000000,0.000000,0.000000
313_RTPV_6-3,3,0.000000,0.000000,0.000000,0.000000,0.000000
313_RTPV_7-3,3,0.000000,0.000000,0.000000,0.000000,0.000000
313_RTPV_8-3,3,0.000000,0.000000,0.000000,0.000000,0.000000
313_RTPV_9-3,3,0.000000,0.000000,0.000000,0.000000,0.000000
313_RTPV_10-3,3,0.000000,0.000000,0.000000,0.000000,0.000000
313_RTPV_11-3,3,0.000000,0.000000,0.000000,0.000000,0.000000
313_RTPV_12-3,3,0.000000,0.000000,0.000000,0.000000,0.000000
320_RTPV_1-3,3,0.000000,0.000000,0.000000,0.000000,0.000000
320_RTPV_2-3,3,0.000000,0.000000,0.000000,0.000000,0.000000
320_RTPV_3-3,3,0.000000,0.000000,0.000000,0.000000,0.000000
313_RTPV_13-3,3,0.000000,0.000000,0.000000,0.000000,0.000000
320_RTPV_4-3,3,0.000000,0.000000,0.000000,0.000000,0.000000
320_RTPV_5-3,3,0.000000,0.000000,0.000000,0.000000,0.000000
320_RTPV_6-3,3,0.000000,0.000000,0.000000,0.000000,0.000000
309_WIND_1-3,3,147.800000,0.000000,0.000000,0.000000,147.800000
317_WIND_1-3,3,328.359262,0.000000,0.000000,0.000000,768.400000
303_WIND_1-3,3,508.402585,0.000000,0.000000,0.000000,804.700000
320_PV_1-4,4,0.000000,0.000000,0.000000,0.000000,0.000000
314_PV_1-4,4,0.000000,0.000000,0.000000,0.000000,0.000000
314_PV_2-4,4,0.000000,0.000000,0.000000,0.000000,0.000000
313_PV_1-4,4,0.000000,0.000000,0.000000,0.000000,0.000000
314_PV_3-4,4,0.000000,0.000000,0.000000,0.000000,0.000000
314_PV_4-4,4,0.000000,0.000000,0.000000,0.000000,0.000000
313_PV_2-4,4,0.000000,0.000000,0.000000,0.000000,0.000000
310_PV_1-4,4,0.000000,0.000000,0.000000,0.000000,0.000000
324_PV_1-4,4,0.000000,0.000000,0.000000,0.000000,0.000000
312_PV_1-4,4,0.000000,0.000000,0.000000,0.000000,0.000000
310_PV_2-4,4,0.000000,0.000000,0.000000,0.000000,0.000000
324_PV_2-4,4,0.000000,0.000000,0.000000,0.000000,0.000000
324_PV_3-4,4,0.000000,0.000000,0.000000,0.000000,0.000000
319_PV_1-4,4,0.000000,0.000000,0.000000,0.000000,0.000000
308_RTPV_1-4,4,0.000000,0.000000,0.000000,0.000000,0.000000
313_RTPV_1-4,4,0.000000,0.000000,0.000000,0.000000,0.000000
313_RTPV_2-4,4,0.000000,0.000000,0.000000,0.000000,0.000000
313_RTPV_3-4,4,0.000000,0.000000,0.000000,0.000000,0.000000
313_RTPV_4-4,4,0.000000,0.000000,0.000000,0.000000,0.000000
313_RTPV_5-4,4,0.000000,0.000000,0.000000,0.000000,0.000000
313_RTPV_6-4,4,0.000000,0.000000,0.000000,0.000000,0.000000
313_RTPV_7-4,4,0.000000,0.000000,0.000000,0.000000,0.000000
313_RTPV_8-4,4,0.000000,0.000000,0.000000,0.000000,0.000000
313_RTPV_9-4,4,0.000000,0.000000,0.000000,0.000000,0.000000
313_RTPV_10-4,4,0.000000,0.000000,0.000000,0.000000,0.000000
313_RTPV_11-4,4,0.000000,0.000000,0.000000,0.000000,0.000000
313_RTPV_12-4,4,0.000000,0.000000,0.000000,0.000000,0.000000
320_RTPV_1-4,4,0.000000,0.000000,0.000000,0.000000,0.000000
320_RTPV_2-4,4,0.000000,0.000000,0.000000,0.000000,0.000000
320_RTPV_3-4,4,0.000000,0.000000,0.000000,0.000000,0.000000
313_RTPV_13-4,4,0.000000,0.000000,0.000000,0.000000,0.000000
320_RTPV_4-4,4,0.000000,0.000000,0.000000,0.000000,0.000000
320_RTPV_5-4,4,0.000000,0.000000,0.000000,0.000000,0.000000
320_RTPV_6-4,4,0.000000,0.000000,0.000000,0.000000,0.000000
309_WIND_1-4,4,147.700000,0.000000,0.000000,0.000000,147.700000
317_WIND_1-4,4,278.520745,0.000000,0.000000,0.000000,785.100000
303_WIND_1-4,4,515.063658,0.000000,0.000000,0.000000,822.500000
320_PV_1-5,5,0.000000,0.000000,0.000000,0.000000,0.000000
314_PV_1-5,5,0.000000,0.000000,0.000000,0.000000,0.000000
314_PV_2-5,5,0.000000,0.000000,0.000000,0.000000,0.000000
313_PV_1-5,5,0.000000,0.000000,0.000000,0.000000,0.000000
314_PV_3-5,5,0.000000,0.000000,0.000000,0.000000,0.000000
314_PV_4-5,5,0.000000,0.000000,0.000000,0.000000,0.000000
313_PV_2-5,5,0.000000,0.000000,0.000000,0.000000,0.000000
310_PV_1-5,5,0.000000,0.000000,0.000000,0.000000,0.000000
324_PV_1-5,5,0.000000,0.000000,0.000000,0.000000,0.000000
312_PV_1-5,5,0.000000,0.000000,0.000000,0.000000,0.000000
310_PV_2-5,5,0.000000,0.000000,0.000000,0.000000,0.000000
324_PV_2-5,5,0.000000,0.000000,0.000000,0.000000,0.000000
324_PV_3-5,5,0.000000,0.000000,0.000000,0.000000,0.000000
319_PV_1-5,5,0.000000,0.000000,0.000000,0.000000,0.000000
308_RTPV_1-5,5,0.000000,0.000000,0.000000,0.000000,0.000000
313_RTPV_1-5,5,0.000000,0.000000,0.000000,0.000000,0.000000
313_RTPV_2-5,5,0.000000,0.000000,0.000000,0.000000,0.000000
313_RTPV_3-5,5,0.000000,0.000000,0.000000,0.000000,0.000000
313_RTPV_4-5,5,0.000000,0.000000,0.000000,0.000000,0.000000
313_RTPV_5-5,5,0.000000,0.000000,0.000000,0.000000,0.000000
313_RTPV_6-5,5,0.000000,0.000000,0.000000,0.000000,0.000000
313_RTPV_7-5,5,0.000000,0.000000,0.000000,0.000000,0.000000
313_RTPV_8-5,5,0.000000,0.000000,0.000000,0.000000,0.000000
313_RTPV_9-5,5,0.000000,0.000000,0.000000,0.000000,0.000000
313_RTPV_10-5,5,0.000000,0.000000,0.000000,0.000000,0.000000
313_RTPV_11-5,5,0.000000,0.000000,0.000000,0.000000,0.000000
313_RTPV_12-5,5,0.000000,0.000000,0.000000,0.000000,0.000000
320_RTPV_1-5,5,0.000000,0.000000,0.000000,0.000000,0.000000
320_RTPV_2-5,5,0.000000,0.000000,0.000000,0.000000,0.000000
320_RTPV_3-5,5,0.000000,0.000000,0.000000,0.000000,0.000000
313_RTPV_13-5,5,0.000000,0.000000,0.000000,0.000000,0.000000
320_RTPV_4-5,5,0.000000,0.000000,0.000000,0.000000,0.000000
320_RTPV_5-5,5,0.000000,0.000000,0.000000,0.000000,0.000000
320_RTPV_6-5,5,0.000000,0.000000,0.000000,0.000000,0.000000
309_WIND_1-5,5,147.300000,0.000000,0.000000,0.000000,147.300000
317_WIND_1-5,5,271.401721,0.000000,0.000000,0.000000,787.200000
303_WIND_1-5,5,515.820582,0.000000,0.000000,0.000000,814.400000
320_PV_1-6,6,0.000000,0.000000,0.000000,0.000000,0.000000
314_PV_1-6,6,0.000000,0.000000,0.000000,0.000000,0.000000
314_PV_2-6,6,0.000000,0.000000,0.000000,0.000000,0.000000
313_PV_1-6,6,0.000000,0.000000,0.000000,0.000000,0.000000
314_PV_3-6,6,0.000000,0.000000,0.000000,0.000000,0.000000
314_PV_4-6,6,0.000000,0.000000,0.000000,0.000000,0.000000
313_PV_2-6,6,0.000000,0.000000,0.000000,0.000000,0.000000
310_PV_1-6,6,0.000000,0.000000,0.000000,0.000000,0.000000
324_PV_1-6,6,0.000000,0.000000,0.000000,0.000000,0.000000
312_PV_1-6,6,0.000000,0.000000,0.000000,0.000000,0.000000
310_PV_2-6,6,0.000000,0.000000,0.000000,0.000000,0.000000
324_PV_2-6,6,0.000000,0.000000,0.000000,0.000000,0.000000
324_PV_3-6,6,0.000000,0.000000,0.000000,0.000000,0.000000
319_PV_1-6,6,0.000000,0.000000,0.000000,0.000000,0.000000
308_RTPV_1-6,6,0.000000,0.000000,0.000000,0.000000,0.000000
313_RTPV_1-6,6,0.000000,0.000000,0.000000,0.000000,0.000000
313_RTPV_2-6,6,0.000000,0.000000,0.000000,0.000000,0.000000
313_RTPV_3-6,6,0.000000,0.000000,0.000000,0.000000,0.000000
313_RTPV_4-6,6,0.000000,0.000000,0.000000,0.000000,0.000000
313_RTPV_5-6,6,0.000000,0.000000,0.000000,0.000000,0.000000
313_RTPV_6-6,6,0.000000,0.000000,0.000000,0.000000,0.000000
313_RTPV_7-6,6,0.000000,0.000000,0.000000,0.000000,0.000000
313_RTPV_8-6,6,0.000000,0.000000,0.000000,0.000000,0.000000
313_RTPV_9-6,6,0.000000,0.000000,0.000000,0.000000,0.000000
313_RTPV_10-6,6,0.000000,0.000000,0.000000,0.000000,0.000000
313_RTPV_11-6,6,0.000000,0.000000,0.000000,0.000000,0.000000
313_RTPV_12-6,6,0.000000,0.000000,0.000000,0.000000,0.000000
320_RTPV_1-6,6,0.000000,0.000000,0.000000,0.000000,0.000000
320_RTPV_2-6,6,0.000000,0.000000,0.000000,0.000000,0.000000
320_RTPV_3-6,6,0.000000,0.000000,0.000000,0.000000,0.000000
313_RTPV_13-6,6,0.000000,0.000000,0.000000,0.000000,0.000000
320_RTPV_4-6,6,0.000000,0.000000,0.000000,0.000000,0.000000
320_RTPV_5-6,6,0.000000,0.000000,0.000000,0.000000,0.000000
320_RTPV_6-6,6,0.000000,0.000000,0.000000,0.000000,0.000000
309_WIND_1-6,6,146.800000,0.000000,0.000000,0.000000,146.800000
317_WIND_1-6,6,303.528712,0.000000,0.000000,0.000000,784.700000
303_WIND_1-6,6,511.241994,0.000000,0.000000,0.000000,816.300000
320_PV_1-7,7,0.000000,0.000000,0.000000,0.000000,15.200000
314_PV_1-7,7,13.800000,0.000000,0.000000,0.000000,13.800000
314_PV_2-7,7,0.000000,0.000000,0.000000,0.000000,13.700000
313_PV_1-7,7,0.000000,0.000000,0.000000,0.000000,13.700000
314_PV_3-7,7,0.000000,0.000000,0.000000,0.000000,14.800000
314_PV_4-7,7,0.000000,0.000000,0.000000,0.000000,13.700000
313_PV_2-7,7,0.000000,0.000000,0.000000,0.000000,13.000000
310_PV_1-7,7,14.000000,0.000000,0.000000,0.000000,14.000000
324_PV_1-7,7,0.000000,0.000000,0.000000,0.000000,13.900000
312_PV_1-7,7,0.000000,0.000000,0.000000,0.000000,15.000000
310_PV_2-7,7,0.000000,0.000000,0.000000,0.000000,14.100000
324_PV_2-7,7,0.000000,0.000000,0.000000,0.000000,12.800000
324_PV_3-7,7,0.000000,0.000000,0.000000,0.000000,12.800000
319_PV_1-7,7,59.000000,0.000000,0.000000,0.000000,59.000000
308_RTPV_1-7,7,0.600000,0.000000,0.000000,0.000000,0.600000
313_RTPV_1-7,7,0.000000,0.000000,0.000000,0.000000,0.600000
313_RTPV_2-7,7,0.000000,0.000000,0.000000,0.000000,0.600000
313_RTPV_3-7,7,0.000000,0.000000,0.000000,0.000000,0.400000
313_RTPV_4-7,7,0.000000,0.000000,0.000000,0.000000,0.400000
313_RTPV_5-7,7,0.000000,0.000000,0.000000,0.000000,0.600000
313_RTPV_6-7,7,0.000000,0.000000,0.000000,0.000000,0.600000
313_RTPV_7-7,7,0.000000,0.000000,0.000000,0.000000,0.700000
313_RTPV_8-7,7,0.000000,0.000000,0.000000,0.000000,0.400000
313_RTPV_9-7,7,0.000000,0.000000,0.000000,0.000000,0.600000
313_RTPV_10-7,7,0.000000,0.000000,0.000000,0.000000,0.600000
313_RTPV_11-7,7,0.000000,0.000000,0.000000,0.000000,0.600000
313_RTPV_12-7,7,0.000000,0.000000,0.000000,0.000000,0.300000
320_RTPV_1-7,7,0.000000,0.000000,0.000000,0.000000,0.300000
320_RTPV_2-7,7,0.000000,0.000000,0.000000,0.000000,0.300000
320_RTPV_3-7,7,0.000000,0.000000,0.000000,0.000000,0.500000
313_RTPV_13-7,7,0.000000,0.000000,0.000000,0.000000,0.400000
320_RTPV_4-7,7,0.000000,0.000000,0.000000,0.000000,0.300000
320_RTPV_5-7,7,0.000000,0.000000,0.000000,0.000000,0.400000
320_RTPV_6-7,7,0.000000,0.000000,0.000000,0.000000,0.200000
309_WIND_1-7,7,0.000000,0.000000,0.000000,0.000000,147.400000
317_WIND_1-7,7,791.600000,0.000000,0.000000,0.000000,791.600000
303_WIND_1-7,7,83.923126,0.000000,0.000000,0.000000,826.300000
320_PV_1-8,8,0.000000,0.000000,0.000000,0.000000,31.000000
314_PV_1-8,8,30.100000,0.000000,0.000000,0.000000,30.100000
314_PV_2-8,8,30.200000,0.000000,0.000000,0.000000,30.200000
313_PV_1-8,8,0.000000,0.000000,0.000000,0.000000,44.600000
314_PV_3-8,8,43.700000,0.000000,0.000000,0.000000,43.700000
314_PV_4-8,8,0.000000,0.000000,0.000000,0.000000,30.200000
313_PV_2-8,8,0.000000,0.000000,0.000000,0.000000,43.300000
310_PV_1-8,8,30.600000,0.000000,0.000000,0.000000,30.600000
324_PV_1-8,8,30.700000,0.000000,0.000000,0.000000,30.700000
312_PV_1-8,8,44.800000,0.000000,0.000000,0.000000,44.800000
310_PV_2-8,8,0.000000,0.000000,0.000000,0.000000,30.900000
324_PV_2-8,8,0.000000,0.000000,0.000000,0.000000,29.700000
324_PV_3-8,8,0.000000,0.000000,0.000000,0.000000,29.700000
319_PV_1-8,8,59.565755,0.000000,0.000000,0.000000,117.500000
308_RTPV_1-8,8,26.500000,0.000000,0.000000,0.000000,26.500000
313_RTPV_1-8,8,0.000000,0.000000,0.000000,0.000000,26.600000
313_RTPV_2-8,8,0.000000,0.000000,0.000000,0.000000,17.700000
313_RTPV_3-8,8,0.000000,0.000000,0.000000,0.000000,16.100000
313_RTPV_4-8,8,0.000000,0.000000,0.000000,0.000000,16.700000
313_RTPV_5-8,8,0.000000,0.000000,0.000000,0.000000,18.000000
313_RTPV_6-8,8,0.000000,0.000000,0.000000,0.000000,17.400000
313_RTPV_7-8,8,0.000000,0.000000,0.000000,0.000000,18.300000
313_RTPV_8-8,8,0.000000,0.000000,0.000000,0.000000,16.500000
313_RTPV_9-8,8,0.000000,0.000000,0.000000,0.000000,18.300000
313_RTPV_10-8,8,0.000000,0.000000,0.000000,0.000000,18.200000
313_RTPV_11-8,8,0.000000,0.000000,0.000000,0.000000,19.200000
313_RTPV_12-8,8,0.000000,0.000000,0.000000,0.000000,7.700000
320_RTPV_1-8,8,0.000000,0.000000,0.000000,0.000000,7.800000
320_RTPV_2-8,8,0.000000,0.000000,0.000000,0.000000,7.700000
320_RTPV_3-8,8,0.000000,0.000000,0.000000,0.000000,8.100000
313_RTPV_13-8,8,0.000000,0.000000,0.000000,0.000000,7.900000
320_RTPV_4-8,8,0.000000,0.000000,0.000000,0.000000,7.800000
320_RTPV_5-8,8,0.000000,0.000000,0.000000,0.000000,8.400000
320_RTPV_6-8,8,0.000000,0.000000,0.000000,0.000000,2.800000
309_WIND_1-8,8,146.200000,0.000000,0.000000,0.000000,146.200000
317_WIND_1-8,8,0.000000,0.000000,0.000000,0.000000,793.100000
303_WIND_1-8,8,614.736428,0.000000,0.000000,0.000000,826.300000
320_PV_1-9,9,0.000000,0.000000,0.000000,0.000000,37.400000
314_PV_1-9,9,36.400000,0.000000,0.000000,0.000000,36.400000
314_PV_2-9,9,0.000000,0.000000,0.000000,0.000000,35.000000
313_PV_1-9,9,0.000000,0.000000,0.000000,0.000000,61.100000
314_PV_3-9,9,0.000000,0.000000,0.000000,0.000000,59.700000
314_PV_4-9,9,0.000000,0.000000,0.000000,0.000000,35.000000
313_PV_2-9,9,0.000000,0.000000,0.000000,0.000000,59.400000
310_PV_1-9,9,36.700000,0.000000,0.000000,0.000000,36.700000
324_PV_1-9,9,0.000000,0.000000,0.000000,0.000000,35.700000
312_PV_1-9,9,61.300000,0.000000,0.000000,0.000000,61.300000
310_PV_2-9,9,0.000000,0.000000,0.000000,0.000000,37.200000
324_PV_2-9,9,0.000000,0.000000,0.000000,0.000000,34.600000
324_PV_3-9,9,0.000000,0.000000,0.000000,0.000000,34.600000
319_PV_1-9,9,0.000000,0.000000,0.000000,0.000000,141.900000
308_RTPV_1-9,9,48.000000,0.000000,0.000000,0.000000,48.000000
313_RTPV_1-9,9,0.000000,0.000000,0.000000,0.000000,48.100000
313_RTPV_2-9,9,0.000000,0.000000,0.000000,0.000000,31.600000
313_RTPV_3-9,9,0.000000,0.000000,0.000000,0.000000,29.400000
313_RTPV_4-9,9,0.000000,0.000000,0.000000,0.000000,30.600000
313_RTPV_5-9,9,0.000000,0.000000,0.000000,0.000000,32.400000
313_RTPV_6-9,9,0.000000,0.000000,0.000000,0.000000,31.600000
313_RTPV_7-9,9,0.000000,0.000000,0.000000,0.000000,32.500000
313_RTPV_8-9,9,0.000000,0.000000,0.000000,0.000000,30.400000
313_RTPV_9-9,9,0.000000,0.000000,0.000000,0.000000,32.400000
313_RTPV_10-9,9,0.000000,0.000000,0.000000,0.000000,32.400000
313_RTPV_11-9,9,0.000000,0.000000,0.000000,0.000000,34.100000
313_RTPV_12-9,9,0.000000,0.000000,0.000000,0.000000,13.800000
320_RTPV_1-9,9,0.000000,0.000000,0.000000,0.000000,13.800000
320_RTPV_2-9,9,0.000000,0.000000,0.000000,0.000000,13.800000
320_RTPV_3-9,9,0.000000,0.000000,0.000000,0.000000,14.200000
313_RTPV_13-9,9,0.000000,0.000000,0.000000,0.000000,13.900000
320_RTPV_4-9,9,0.000000,0.000000,0.000000,0.000000,13.600000
320_RTPV_5-9,9,0.000000,0.000000,0.000000,0.000000,14.800000
320_RTPV_6-9,9,0.000000,0.000000,0.000000,0.000000,4.900000
309_WIND_1-9,9,146.700000,0.000000,0.000000,0.000000,146.700000
317_WIND_1-9,9,792.300000,0.000000,0.000000,0.000000,792.300000
303_WIND_1-9,9,33.439775,0.000000,0.000000,0.000000,825.200000
320_PV_1-10,10,0.000000,0.000000,0.000000,0.000000,38.800000
314_PV_1-10,10,0.000000,0.000000,0.000000,0.000000,37.900000
314_PV_2-10,10,0.000000,0.000000,0.000000,0.000000,36.400000
313_PV_1-10,10,0.000000,0.000000,0.000000,0.000000,68.800000
314_PV_3-10,10,0.000000,0.000000,0.000000,0.000000,68.700000
314_PV_4-10,10,0.000000,0.000000,0.000000,0.000000,36.400000
313_PV_2-10,10,0.000000,0.000000,0.000000,0.000000,67.500000
310_PV_1-10,10,37.600000,0.000000,0.000000,0.000000,37.600000
324_PV_1-10,10,0.000000,0.000000,0.000000,0.000000,37.100000
312_PV_1-10,10,-0.000000,0.000000,0.000000,0.000000,69.000000
310_PV_2-10,10,0.000000,0.000000,0.000000,0.000000,38.200000
324_PV_2-10,10,0.000000,0.000000,0.000000,0.000000,36.000000
324_PV_3-10,10,0.000000,0.000000,0.000000,0.000000,36.000000
319_PV_1-10,10,0.000000,0.000000,0.000000,0.000000,149.500000
308_RTPV_1-10,10,62.300000,0.000000,0.000000,0.000000,62.300000
313_RTPV_1-10,10,0.000000,0.000000,0.000000,0.000000,62.400000
313_RTPV_2-10,10,0.000000,0.000000,0.000000,0.000000,41.300000
313_RTPV_3-10,10,0.000000,0.000000,0.000000,0.000000,40.600000
313_RTPV_4-10,10,0.000000,0.000000,0.000000,0.000000,39.700000
313_RTPV_5-10,10,0.000000,0.000000,0.000000,0.000000,42.500000
313_RTPV_6-10,10,0.000000,0.000000,0.000000,0.000000,41.000000
313_RTPV_7-10,10,0.000000,0.000000,0.000000,0.000000,41.800000
313_RTPV_8-10,10,0.000000,0.000000,0.000000,0.000000,39.700000
313_RTPV_9-10,10,0.000000,0.000000,0.000000,0.000000,41.700000
313_RTPV_10-10,10,0.000000,0.000000,0.000000,0.000000,42.100000
313_RTPV_11-10,10,0.000000,0.000000,0.000000,0.000000,44.200000
313_RTPV_12-10,10,0.000000,0.000000,0.000000,0.000000,18.200000
320_RTPV_1-10,10,0.000000,0.000000,0.000000,0.000000,18.200000
320_RTPV_2-10,10,0.000000,0.000000,0.000000,0.000000,18.200000
320_RTPV_3-10,10,0.000000,0.000000,0.000000,0.000000,18.400000
313_RTPV_13-10,10,0.000000,0.000000,0.000000,0.000000,18.300000
320_RTPV_4-10,10,0.000000,0.000000,0.000000,0.000000,17.700000
320_RTPV_5-10,10,0.000000,0.000000,0.000000,0.000000,19.500000
320_RTPV_6-10,10,0.000000,0.000000,0.000000,0.000000,6.400000
309_WIND_1-10,10,-0.000000,0.000000,0.000000,0.000000,146.600000
317_WIND_1-10,10,790.500000,0.000000,0.000000,0.000000,790.500000
303_WIND_1-10,10,326.778108,0.000000,0.000000,0.000000,834.500000
320_PV_1-11,11,0.000000,0.000000,0.000000,0.000000,39.200000
314_PV_1-11,11,38.300000,0.000000,0.000000,0.000000,38.300000
314_PV_2-11,11,38.300000,0.000000,0.000000,0.000000,38.300000
313_PV_1-11,11,73.600000,0.000000,0.000000,0.000000,73.600000
314_PV_3-11,11,73.700000,0.000000,0.000000,0.000000,73.700000
314_PV_4-11,11,38.300000,0.000000,0.000000,0.000000,38.300000
313_PV_2-11,11,0.000000,0.000000,0.000000,0.000000,71.700000
310_PV_1-11,11,38.200000,0.000000,0.000000,0.000000,38.200000
324_PV_1-11,11,0.000000,0.000000,0.000000,0.000000,39.200000
312_PV_1-11,11,73.700000,0.000000,0.000000,0.000000,73.700000
310_PV_2-11,11,0.000000,0.000000,0.000000,0.000000,38.700000
324_PV_2-11,11,0.000000,0.000000,0.000000,0.000000,37.900000
324_PV_3-11,11,0.000000,0.000000,0.000000,0.000000,37.900000
319_PV_1-11,11,33.629971,0.000000,0.000000,0.000000,149.500000
308_RTPV_1-11,11,70.300000,0.000000,0.000000,0.000000,70.300000
313_RTPV_1-11,11,0.000000,0.000000,0.000000,0.000000,70.400000
313_RTPV_2-11,11,0.000000,0.000000,0.000000,0.000000,46.500000
313_RTPV_3-11,11,0.000000,0.000000,0.000000,0.000000,45.700000
313_RTPV_4-11,11,0.000000,0.000000,0.000000,0.000000,45.300000
313_RTPV_5-11,11,0.000000,0.000000,0.000000,0.000000,47.900000
313_RTPV_6-11,11,0.000000,0.000000,0.000000,0.000000,46.200000
313_RTPV_7-11,11,0.000000,0.000000,0.000000,0.000000,46.400000
313_RTPV_8-11,11,0.000000,0.000000,0.000000,0.000000,44.800000
313_RTPV_9-11,11,0.000000,0.000000,0.000000,0.000000,46.300000
313_RTPV_10-11,11,0.000000,0.000000,0.000000,0.000000,46.800000
313_RTPV_11-11,11,0.000000,0.000000,0.000000,0.000000,49.200000
313_RTPV_12-11,11,0.000000,0.000000,0.000000,0.000000,20.500000
320_RTPV_1-11,11,0.000000,0.000000,0.000000,0.000000,20.600000
320_RTPV_2-11,11,0.000000,0.000000,0.000000,0.000000,20.500000
320_RTPV_3-11,11,20.900000,0.000000,0.000000,0.000000,20.900000
313_RTPV_13-11,11,0.000000,0.000000,0.000000,0.000000,20.600000
320_RTPV_4-11,11,19.600000,0.000000,0.000000,0.000000,19.600000
320_RTPV_5-11,11,0.000000,0.000000,0.000000,0.000000,21.900000
320_RTPV_6-11,11,7.100000,0.000000,0.000000,0.000000,7.100000
309_WIND_1-11,11,147.200000,0.000000,0.000000,0.000000,147.200000
317_WIND_1-11,11,0.000000,0.000000,0.000000,0.000000,787.300000
303_WIND_1-11,11,622.788504,0.000000,0.000000,0.000000,834.200000
320_PV_1-12,12,0.000000,0.000000,0.000000,0.000000,38.500000
314_PV_1-12,12,37.600000,0.000000,0.000000,0.000000,37.600000
314_PV_2-12,12,0.000000,0.000000,0.000000,0.000000,36.700000
313_PV_1-12,12,0.000000,0.000000,0.000000,0.000000,74.600000
314_PV_3-12,12,0.000000,0.000000,0.000000,0.000000,73.400000
314_PV_4-12,12,0.000000,0.000000,0.000000,0.000000,36.700000
313_PV_2-12,12,0.000000,0.000000,0.000000,0.000000,72.800000
310_PV_1-12,12,37.900000,0.000000,0.000000,0.000000,37.900000
324_PV_1-12,12,37.600000,0.000000,0.000000,0.000000,37.600000
312_PV_1-12,12,74.800000,0.000000,0.000000,0.000000,74.800000
310_PV_2-12,12,0.000000,0.000000,0.000000,0.000000,38.500000
324_PV_2-12,12,0.000000,0.000000,0.000000,0.000000,36.400000
324_PV_3-12,12,0.000000,0.000000,0.000000,0.000000,36.400000
319_PV_1-12,12,136.731441,0.000000,0.000000,0.000000,146.400000
308_RTPV_1-12,12,74.000000,0.000000,0.000000,0.000000,74.000000
313_RTPV_1-12,12,0.000000,0.000000,0.000000,0.000000,74.000000
313_RTPV_2-12,12,47.700000,0.000000,0.000000,0.000000,47.700000
313_RTPV_3-12,12,0.000000,0.000000,0.000000,0.000000,47.300000
313_RTPV_4-12,12,47.200000,0.000000,0.000000,0.000000,47.200000
313_RTPV_5-12,12,49.000000,0.000000,0.000000,0.000000,49.000000
313_RTPV_6-12,12,0.000000,0.000000,0.000000,0.000000,47.300000
313_RTPV_7-12,12,0.000000,0.000000,0.000000,0.000000,46.100000
313_RTPV_8-12,12,45.900000,0.000000,0.000000,0.000000,45.900000
313_RTPV_9-12,12,0.000000,0.000000,0.000000,0.000000,46.100000
313_RTPV_10-12,12,0.000000,0.000000,0.000000,0.000000,47.500000
313_RTPV_11-12,12,0.000000,0.000000,0.000000,0.000000,50.000000
313_RTPV_12-12,12,21.300000,0.000000,0.000000,0.000000,21.300000
320_RTPV_1-12,12,0.000000,0.000000,0.000000,0.000000,21.300000
320_RTPV_2-12,12,0.000000,0.000000,0.000000,0.000000,21.200000
320_RTPV_3-12,12,0.000000,0.000000,0.000000,0.000000,21.600000
313_RTPV_13-12,12,0.000000,0.000000,0.000000,0.000000,21.000000
320_RTPV_4-12,12,0.000000,0.000000,0.000000,0.000000,19.900000
320_RTPV_5-12,12,0.000000,0.000000,0.000000,0.000000,22.300000
320_RTPV_6-12,12,0.000000,0.000000,0.000000,0.000000,7.200000
309_WIND_1-12,12,146.100000,0.000000,0.000000,0.000000,146.100000
317_WIND_1-12,12,0.000000,0.000000,0.000000,0.000000,784.900000
303_WIND_1-12,12,617.286243,0.000000,0.000000,0.000000,753.900000
320_PV_1-13,13,0.000000,0.000000,0.000000,0.000000,37.900000
314_PV_1-13,13,37.000000,0.000000,0.000000,0.000000,37.000000
314_PV_2-13,13,0.000000,0.000000,0.000000,0.000000,35.700000
313_PV_1-13,13,24.287857,0.000000,0.000000,0.000000,71.300000
314_PV_3-13,13,0.000000,0.000000,0.000000,0.000000,70.300000
314_PV_4-13,13,0.000000,0.000000,0.000000,0.000000,35.700000
313_PV_2-13,13,0.000000,0.000000,0.000000,0.000000,69.600000
310_PV_1-13,13,36.800000,0.000000,0.000000,0.000000,36.800000
324_PV_1-13,13,36.500000,0.000000,0.000000,0.000000,36.500000
312_PV_1-13,13,71.700000,0.000000,0.000000,0.000000,71.700000
310_PV_2-13,13,37.300000,0.000000,0.000000,0.000000,37.300000
324_PV_2-13,13,0.000000,0.000000,0.000000,0.000000,35.400000
324_PV_3-13,13,0.000000,0.000000,0.000000,0.000000,35.400000
319_PV_1-13,13,143.900000,0.000000,0.000000,0.000000,143.900000
308_RTPV_1-13,13,69.600000,0.000000,0.000000,0.000000,69.600000
313_RTPV_1-13,13,0.000000,0.000000,0.000000,0.000000,69.500000
313_RTPV_2-13,13,0.000000,0.000000,0.000000,0.000000,44.100000
313_RTPV_3-13,13,0.000000,0.000000,0.000000,0.000000,45.200000
313_RTPV_4-13,13,0.000000,0.000000,0.000000,0.000000,44.500000
313_RTPV_5-13,13,0.000000,0.000000,0.000000,0.000000,45.500000
313_RTPV_6-13,13,0.000000,0.000000,0.000000,0.000000,43.200000
313_RTPV_7-13,13,45.100000,0.000000,0.000000,0.000000,45.100000
313_RTPV_8-13,13,42.000000,0.000000,0.000000,0.000000,42.000000
313_RTPV_9-13,13,45.100000,0.000000,0.000000,0.000000,45.100000
313_RTPV_10-13,13,0.000000,0.000000,0.000000,0.000000,45.500000
313_RTPV_11-13,13,0.000000,0.000000,0.000000,0.000000,47.900000
313_RTPV_12-13,13,0.000000,0.000000,0.000000,0.000000,20.000000
320_RTPV_1-13,13,0.000000,0.000000,0.000000,0.000000,20.000000
320_RTPV_2-13,13,0.000000,0.000000,0.000000,0.000000,20.000000
320_RTPV_3-13,13,0.000000,0.000000,0.000000,0.000000,20.300000
313_RTPV_13-13,13,0.000000,0.000000,0.000000,0.000000,20.000000
320_RTPV_4-13,13,0.000000,0.000000,0.000000,0.000000,19.000000
320_RTPV_5-13,13,0.000000,0.000000,0.000000,0.000000,21.200000
320_RTPV_6-13,13,0.000000,0.000000,0.000000,0.000000,6.800000
309_WIND_1-13,13,146.600000,0.000000,0.000000,0.000000,146.600000
317_WIND_1-13,13,0.000000,0.000000,0.000000,0.000000,772.900000
303_WIND_1-13,13,608.417742,0.000000,0.000000,0.000000,705.000000
320_PV_1-14,14,-0.000000,0.000000,0.000000,0.000000,36.100000
314_PV_1-14,14,35.300000,0.000000,0.000000,0.000000,35.300000
314_PV_2-14,14,35.100000,0.000000,0.000000,0.000000,35.100000
313_PV_1-14,14,66.100000,0.000000,0.000000,0.000000,66.100000
314_PV_3-14,14,65.000000,0.000000,0.000000,0.000000,65.000000
314_PV_4-14,14,35.100000,0.000000,0.000000,0.000000,35.100000
313_PV_2-14,14,64.500000,0.000000,0.000000,0.000000,64.500000
310_PV_1-14,14,36.000000,0.000000,0.000000,0.000000,36.000000
324_PV_1-14,14,35.900000,0.000000,0.000000,0.000000,35.900000
312_PV_1-14,14,66.800000,0.000000,0.000000,0.000000,66.800000
310_PV_2-14,14,0.000000,0.000000,0.000000,0.000000,36.500000
324_PV_2-14,14,0.000000,0.000000,0.000000,0.000000,34.800000
324_PV_3-14,14,34.800000,0.000000,0.000000,0.000000,34.800000
319_PV_1-14,14,0.000000,0.000000,0.000000,0.000000,136.500000
308_RTPV_1-14,14,62.400000,0.000000,0.000000,0.000000,62.400000
313_RTPV_1-14,14,0.000000,0.000000,0.000000,0.000000,62.400000
313_RTPV_2-14,14,0.000000,0.000000,0.000000,0.000000,38.500000
313_RTPV_3-14,14,0.000000,0.000000,0.000000,0.000000,38.900000
313_RTPV_4-14,14,0.000000,0.000000,0.000000,0.000000,39.100000
313_RTPV_5-14,14,0.000000,0.000000,0.000000,0.000000,39.600000
313_RTPV_6-14,14,0.000000,0.000000,0.000000,0.000000,37.900000
313_RTPV_7-14,14,0.000000,0.000000,0.000000,0.000000,39.300000
313_RTPV_8-14,14,0.000000,0.000000,0.000000,0.000000,36.700000
313_RTPV_9-14,14,0.000000,0.000000,0.000000,0.000000,39.300000
313_RTPV_10-14,14,38.800000,0.000000,0.000000,0.000000,38.800000
313_RTPV_11-14,14,41.000000,0.000000,0.000000,0.000000,41.000000
313_RTPV_12-14,14,17.200000,0.000000,0.000000,0.000000,17.200000
320_RTPV_1-14,14,0.000000,0.000000,0.000000,0.000000,17.200000
320_RTPV_2-14,14,0.000000,0.000000,0.000000,0.000000,17.100000
320_RTPV_3-14,14,0.000000,0.000000,0.000000,0.000000,17.500000
313_RTPV_13-14,14,13.922225,0.000000,0.000000,0.000000,17.400000
320_RTPV_4-14,14,0.000000,0.000000,0.000000,0.000000,16.200000
320_RTPV_5-14,14,0.000000,0.000000,0.000000,0.000000,18.400000
320_RTPV_6-14,14,0.000000,0.000000,0.000000,0.000000,5.800000
309_WIND_1-14,14,146.200000,0.000000,0.000000,0.000000,146.200000
317_WIND_1-14,14,0.000000,0.000000,0.000000,0.000000,772.200000
303_WIND_1-14,14,614.158382,0.000000,0.000000,0.000000,762.000000
320_PV_1-15,15,0.000000,0.000000,0.000000,0.000000,32.900000
314_PV_1-15,15,32.200000,0.000000,0.000000,0.000000,32.200000
314_PV_2-15,15,0.000000,0.000000,0.000000,0.000000,32.800000
313_PV_1-15,15,49.342528,0.000000,0.000000,0.000000,54.500000
314_PV_3-15,15,0.000000,0.000000,0.000000,0.000000,54.700000
314_PV_4-15,15,0.000000,0.000000,0.000000,0.000000,32.800000
313_PV_2-15,15,0.000000,0.000000,0.000000,0.000000,53.200000
310_PV_1-15,15,32.400000,0.000000,0.000000,0.000000,32.400000
324_PV_1-15,15,0.000000,0.000000,0.000000,0.000000,33.700000
312_PV_1-15,15,55.300000,0.000000,0.000000,0.000000,55.300000
310_PV_2-15,15,33.000000,0.000000,0.000000,0.000000,33.000000
324_PV_2-15,15,0.000000,0.000000,0.000000,0.000000,32.600000
324_PV_3-15,15,0.000000,0.000000,0.000000,0.000000,32.600000
319_PV_1-15,15,124.000000,0.000000,0.000000,0.000000,124.000000
308_RTPV_1-15,15,46.000000,0.000000,0.000000,0.000000,46.000000
313_RTPV_1-15,15,0.000000,0.000000,0.000000,0.000000,45.900000
313_RTPV_2-15,15,28.600000,0.000000,0.000000,0.000000,28.600000
313_RTPV_3-15,15,28.400000,0.000000,0.000000,0.000000,28.400000
313_RTPV_4-15,15,28.000000,0.000000,0.000000,0.000000,28.000000
313_RTPV_5-15,15,29.500000,0.000000,0.000000,0.000000,29.500000
313_RTPV_6-15,15,28.200000,0.000000,0.000000,0.000000,28.200000
313_RTPV_7-15,15,29.600000,0.000000,0.000000,0.000000,29.600000
313_RTPV_8-15,15,26.900000,0.000000,0.000000,0.000000,26.900000
313_RTPV_9-15,15,29.500000,0.000000,0.000000,0.000000,29.500000
313_RTPV_10-15,15,0.000000,0.000000,0.000000,0.000000,29.500000
313_RTPV_11-15,15,0.000000,0.000000,0.000000,0.000000,31.200000
313_RTPV_12-15,15,12.200000,0.000000,0.000000,0.000000,12.200000
320_RTPV_1-15,15,0.000000,0.000000,0.000000,0.000000,12.200000
320_RTPV_2-15,15,0.000000,0.000000,0.000000,0.000000,12.200000
320_RTPV_3-15,15,0.000000,0.000000,0.000000,0.000000,12.600000
313_RTPV_13-15,15,12.600000,0.000000,0.000000,0.000000,12.600000
320_RTPV_4-15,15,0.000000,0.000000,0.000000,0.000000,12.300000
320_RTPV_5-15,15,0.000000,0.000000,0.000000,0.000000,13.200000
320_RTPV_6-15,15,0.000000,0.000000,0.000000,0.000000,4.200000
309_WIND_1-15,15,141.700000,0.000000,0.000000,0.000000,141.700000
317_WIND_1-15,15,0.000000,0.000000,0.000000,0.000000,742.300000
303_WIND_1-15,15,640.387273,0.000000,0.000000,0.000000,799.300000
320_PV_1-16,16,0.000000,0.000000,0.000000,0.000000,21.300000
314_PV_1-16,16,20.500000,0.000000,0.000000,0.000000,20.500000
314_PV_2-16,16,0.000000,0.000000,0.000000,0.000000,20.300000
313_PV_1-16,16,0.000000,0.000000,0.000000,0.000000,29.600000
314_PV_3-16,16,0.000000,0.000000,0.000000,0.000000,29.800000
314_PV_4-16,16,20.300000,0.000000,0.000000,0.000000,20.300000
313_PV_2-16,16,0.000000,0.000000,0.000000,0.000000,29.200000
310_PV_1-16,16,21.400000,0.000000,0.000000,0.000000,21.400000
324_PV_1-16,16,-0.000000,0.000000,0.000000,0.000000,21.100000
312_PV_1-16,16,-0.000000,0.000000,0.000000,0.000000,32.400000
310_PV_2-16,16,22.000000,0.000000,0.000000,0.000000,22.000000
324_PV_2-16,16,0.000000,0.000000,0.000000,0.000000,20.200000
324_PV_3-16,16,0.000000,0.000000,0.000000,0.000000,20.200000
319_PV_1-16,16,0.000000,0.000000,0.000000,0.000000,79.700000
308_RTPV_1-16,16,19.300000,0.000000,0.000000,0.000000,19.300000
313_RTPV_1-16,16,0.000000,0.000000,0.000000,0.000000,19.300000
313_RTPV_2-16,16,0.000000,0.000000,0.000000,0.000000,12.200000
313_RTPV_3-16,16,0.000000,0.000000,0.000000,0.000000,12.100000
313_RTPV_4-16,16,0.000000,0.000000,0.000000,0.000000,11.800000
313_RTPV_5-16,16,0.000000,0.000000,0.000000,0.000000,12.700000
313_RTPV_6-16,16,0.000000,0.000000,0.000000,0.000000,12.200000
313_RTPV_7-16,16,0.000000,0.000000,0.000000,0.000000,12.700000
313_RTPV_8-16,16,0.000000,0.000000,0.000000,0.000000,10.300000
313_RTPV_9-16,16,0.000000,0.000000,0.000000,0.000000,12.600000
313_RTPV_10-16,16,0.000000,0.000000,0.000000,0.000000,12.500000
313_RTPV_11-16,16,0.000000,0.000000,0.000000,0.000000,13.300000
313_RTPV_12-16,16,0.000000,0.000000,0.000000,0.000000,5.000000
320_RTPV_1-16,16,0.000000,0.000000,0.000000,0.000000,5.000000
320_RTPV_2-16,16,0.000000,0.000000,0.000000,0.000000,5.000000
320_RTPV_3-16,16,0.000000,0.000000,0.000000,0.000000,5.500000
313_RTPV_13-16,16,0.000000,0.000000,0.000000,0.000000,5.300000
320_RTPV_4-16,16,0.000000,0.000000,0.000000,0.000000,5.300000
320_RTPV_5-16,16,0.000000,0.000000,0.000000,0.000000,5.800000
320_RTPV_6-16,16,0.000000,0.000000,0.000000,0.000000,1.700000
309_WIND_1-16,16,105.831937,0.000000,0.000000,0.000000,122.500000
317_WIND_1-16,16,688.300000,0.000000,0.000000,0.000000,688.300000
303_WIND_1-16,16,472.435242,0.000000,0.000000,0.000000,807.900000
320_PV_1-17,17,0.000000,13.736400,0.000000,13.736400,0.000000
314_PV_1-17,17,0.000000,14.321123,0.000000,14.321123,0.000000
314_PV_2-17,17,0.000000,14.321123,0.000000,14.321123,0.000000
313_PV_1-17,17,0.000000,15.731579,0.000000,15.731579,0.000000
314_PV_3-17,17,0.000000,14.321123,0.000000,14.321123,0.000000
314_PV_4-17,17,0.000000,14.321123,0.000000,14.321123,0.000000
313_PV_2-17,17,0.000000,15.731579,0.000000,15.731579,0.000000
310_PV_1-17,17,0.000000,15.565400,0.000000,15.565400,0.000000
324_PV_1-17,17,0.000000,6.775623,0.000000,6.775623,0.000000
312_PV_1-17,17,0.000000,16.350780,0.000000,16.350780,0.000000
310_PV_2-17,17,0.000000,15.565400,0.000000,15.565400,0.000000
324_PV_2-17,17,0.000000,6.775623,0.000000,6.775623,0.000000
324_PV_3-17,17,0.000000,6.775623,0.000000,6.775623,0.000000
319_PV_1-17,17,0.000000,12.931691,0.000000,12.931691,0.000000
308_RTPV_1-17,17,0.000000,17.883211,0.000000,17.883211,0.000000
313_RTPV_1-17,17,0.000000,15.731579,0.000000,15.731579,0.000000
313_RTPV_2-17,17,0.000000,15.731579,0.000000,15.731579,0.000000
313_RTPV_3-17,17,0.000000,15.731579,0.000000,15.731579,0.000000
313_RTPV_4-17,17,0.000000,15.731579,0.000000,15.731579,0.000000
313_RTPV_5-17,17,0.000000,15.731579,0.000000,15.731579,0.000000
313_RTPV_6-17,17,0.000000,15.731579,0.000000,15.731579,0.000000
313_RTPV_7-17,17,0.000000,15.731579,0.000000,15.731579,0.000000
313_RTPV_8-17,17,0.000000,15.731579,0.000000,15.731579,0.000000
313_RTPV_9-17,17,0.000000,15.731579,0.000000,15.731579,0.000000
313_RTPV_10-17,17,0.000000,15.731579,0.000000,15.731579,0.000000
313_RTPV_11-17,17,0.000000,15.731579,0.000000,15.731579,0.000000
313_RTPV_12-17,17,0.000000,15.731579,0.000000,15.731579,0.000000
320_RTPV_1-17,17,0.000000,13.736400,0.000000,13.736400,0.000000
320_RTPV_2-17,17,0.000000,13.736400,0.000000,13.736400,0.000000
320_RTPV_3-17,17,0.000000,13.736400,0.000000,13.736400,0.000000
313_RTPV_13-17,17,0.000000,15.731579,0.000000,15.731579,0.000000
320_RTPV_4-17,17,0.000000,13.736400,0.000000,13.736400,0.000000
320_RTPV_5-17,17,0.000000,13.736400,0.000000,13.736400,0.000000
320_RTPV_6-17,17,0.000000,13.736400,0.000000,13.736400,0.000000
309_WIND_1-17,17,72.900000,20.201023,0.000000,20.201023,72.900000
317_WIND_1-17,17,567.100000,11.619662,0.000000,11.619662,567.100000
303_WIND_1-17,17,494.960180,0.000000,0.000000,0.000000,798.500000
320_PV_1-18,18,0.000000,15.731579,0.000000,15.731579,0.000000
314_PV_1-18,18,0.000000,15.731579,0.000000,15.731579,0.000000
314_PV_2-18,18,0.000000,15.731579,0.000000,15.731579,0.000000
313_PV_1-18,18,0.000000,15.731579,0.000000,15.731579,0.000000
314_PV_3-18,18,0.000000,15.731579,0.000000,15.731579,0.000000
314_PV_4-18,18,0.000000,15.731579,0.000000,15.731579,0.000000
313_PV_2-18,18,0.000000,15.731579,0.000000,15.731579,0.000000
310_PV_1-18,18,0.000000,15.731579,0.000000,15.731579,0.000000
324_PV_1-18,18,0.000000,15.731579,0.000000,15.731579,0.000000
312_PV_1-18,18,0.000000,15.731579,0.000000,15.731579,0.000000
310_PV_2-18,18,0.000000,15.731579,0.000000,15.731579,0.000000
324_PV_2-18,18,0.000000,15.731579,0.000000,15.731579,0.000000
324_PV_3-18,18,0.000000,15.731579,0.000000,15.731579,0.000000
319_PV_1-18,18,0.000000,15.731579,0.000000,15.731579,0.000000
308_RTPV_1-18,18,0.000000,15.731579,0.000000,15.731579,0.000000
313_RTPV_1-18,18,0.000000,15.731579,0.000000,15.731579,0.000000
313_RTPV_2-18,18,0.000000,15.731579,0.000000,15.731579,0.000000
313_RTPV_3-18,18,0.000000,15.731579,0.000000,15.731579,0.000000
313_RTPV_4-18,18,0.000000,15.731579,0.000000,15.731579,0.000000
313_RTPV_5-18,18,0.000000,15.731579,0.000000,15.731579,0.000000
313_RTPV_6-18,18,0.000000,15.731579,0.000000,15.731579,0.000000
313_RTPV_7-18,18,0.000000,15.731579,0.000000,15.731579,0.000000
313_RTPV_8-18,18,0.000000,15.731579,0.000000,15.731579,0.000000
313_RTPV_9-18,18,0.000000,15.731579,0.000000,15.731579,0.000000
313_RTPV_10-18,18,0.000000,15.731579,0.000000,15.731579,0.000000
313_RTPV_11-18,18,0.000000,15.731579,0.000000,15.731579,0.000000
313_RTPV_12-18,18,0.000000,15.731579,0.000000,15.731579,0.000000
320_RTPV_1-18,18,0.000000,15.731579,0.000000,15.731579,0.000000
320_RTPV_2-18,18,0.000000,15.731579,0.000000,15.731579,0.000000
320_RTPV_3-18,18,0.000000,15.731579,0.000000,15.731579,0.000000
313_RTPV_13-18,18,0.000000,15.731579,0.000000,15.731579,0.000000
320_RTPV_4-18,18,0.000000,15.731579,0.000000,15.731579,0.000000
320_RTPV_5-18,18,0.000000,15.731579,0.000000,15.731579,0.000000
320_RTPV_6-18,18,0.000000,15.731579,0.000000,15.731579,0.000000
309_WIND_1-18,18,104.000000,15.731579,0.000000,15.731579,104.000000
317_WIND_1-18,18,735.600000,15.731579,0.000000,15.731579,735.600000
303_WIND_1-18,18,301.800000,15.731579,0.000000,15.731579,301.800000
320_PV_1-19,19,0.000000,21.116646,0.000000,21.116646,0.000000
314_PV_1-19,19,0.000000,21.116646,0.000000,21.116646,0.000000
314_PV_2-19,19,0.000000,21.116646,0.000000,21.116646,0.000000
313_PV_1-19,19,0.000000,21.116646,0.000000,21.116646,0.000000
314_PV_3-19,19,0.000000,21.116646,0.000000,21.116646,0.000000
314_PV_4-19,19,0.000000,21.116646,0.000000,21.116646,0.000000
313_PV_2-19,19,0.000000,21.116646,0.000000,21.116646,0.000000
310_PV_1-19,19,0.000000,21.116646,0.000000,21.116646,0.000000
324_PV_1-19,19,0.000000,21.116646,0.000000,21.116646,0.000000
312_PV_1-19,19,0.000000,21.116646,0.000000,21.116646,0.000000
310_PV_2-19,19,0.000000,21.116646,0.000000,21.116646,0.000000
324_PV_2-19,19,0.000000,21.116646,0.000000,21.116646,0.000000
324_PV_3-19,19,0.000000,21.116646,0.000000,21.116646,0.000000
319_PV_1-19,19,0.000000,21.116646,0.000000,21.116646,0.000000
308_RTPV_1-19,19,0.000000,21.116646,0.000000,21.116646,0.000000
313_RTPV_1-19,19,0.000000,21.116646,0.000000,21.116646,0.000000
313_RTPV_2-19,19,0.000000,21.116646,0.000000,21.116646,0.000000
313_RTPV_3-19,19,0.000000,21.116646,0.000000,21.116646,0.000000
313_RTPV_4-19,19,0.000000,21.116646,0.000000,21.116646,0.000000
313_RTPV_5-19,19,0.000000,21.116646,0.000000,21.116646,0.000000
313_RTPV_6-19,19,0.000000,21.116646,0.000000,21.116646,0.000000
313_RTPV_7-19,19,0.000000,21.116646,0.000000,21.116646,0.000000
313_RTPV_8-19,19,0.000000,21.116646,0.000000,21.116646,0.000000
313_RTPV_9-19,19,0.000000,21.116646,0.000000,21.116646,0.000000
313_RTPV_10-19,19,0.000000,21.116646,0.000000,21.116646,0.000000
313_RTPV_11-19,19,0.000000,21.116646,0.000000,21.116646,0.000000
313_RTPV_12-19,19,0.000000,21.116646,0.000000,21.116646,0.000000
320_RTPV_1-19,19,0.000000,21.116646,0.000000,21.116646,0.000000
320_RTPV_2-19,19,0.000000,21.116646,0.000000,21.116646,0.000000
320_RTPV_3-19,19,0.000000,21.116646,0.000000,21.116646,0.000000
313_RTPV_13-19,19,0.000000,21.116646,0.000000,21.116646,0.000000
320_RTPV_4-19,19,0.000000,21.116646,0.000000,21.116646,0.000000
320_RTPV_5-19,19,0.000000,21.116646,0.000000,21.116646,0.000000
320_RTPV_6-19,19,0.000000,21.116646,0.000000,21.116646,0.000000
309_WIND_1-19,19,40.600000,21.116646,0.000000,21.116646,40.600000
317_WIND_1-19,19,764.300000,21.116646,0.000000,21.116646,764.300000
303_WIND_1-19,19,302.700000,21.116646,0.000000,21.116646,302.700000
320_PV_1-20,20,0.000000,13.736400,0.000000,13.736400,0.000000
314_PV_1-20,20,0.000000,14.321123,0.000000,14.321123,0.000000
314_PV_2-20,20,0.000000,14.321123,0.000000,14.321123,0.000000
313_PV_1-20,20,0.000000,15.731579,0.000000,15.731579,0.000000
314_PV_3-20,20,0.000000,14.321123,0.000000,14.321123,0.000000
314_PV_4-20,20,0.000000,14.321123,0.000000,14.321123,0.000000
313_PV_2-20,20,0.000000,15.731579,0.000000,15.731579,0.000000
310_PV_1-20,20,0.000000,15.565400,0.000000,15.565400,0.000000
324_PV_1-20,20,0.000000,6.775623,0.000000,6.775623,0.000000
312_PV_1-20,20,0.000000,16.350780,0.000000,16.350780,0.000000
310_PV_2-20,20,0.000000,15.565400,0.000000,15.565400,0.000000
324_PV_2-20,20,0.000000,6.775623,0.000000,6.775623,0.000000
324_PV_3-20,20,0.000000,6.775623,0.000000,6.775623,0.000000
319_PV_1-20,20,0.000000,12.931691,0.000000,12.931691,0.000000
308_RTPV_1-20,20,0.000000,17.883211,0.000000,17.883211,0.000000
313_RTPV_1-20,20,0.000000,15.731579,0.000000,15.731579,0.000000
313_RTPV_2-20,20,0.000000,15.731579,0.000000,15.731579,0.000000
313_RTPV_3-20,20,0.000000,15.731579,0.000000,15.731579,0.000000
313_RTPV_4-20,20,0.000000,15.731579,0.000000,15.731579,0.000000
313_RTPV_5-20,20,0.000000,15.731579,0.000000,15.731579,0.000000
313_RTPV_6-20,20,0.000000,15.731579,0.000000,15.731579,0.000000
313_RTPV_7-20,20,0.000000,15.731579,0.000000,15.731579,0.000000
313_RTPV_8-20,20,0.000000,15.731579,0.000000,15.731579,0.000000
313_RTPV_9-20,20,0.000000,15.731579,0.000000,15.731579,0.000000
313_RTPV_10-20,20,0.000000,15.731579,0.000000,15.731579,0.000000
313_RTPV_11-20,20,0.000000,15.731579,0.000000,15.731579,0.000000
313_RTPV_12-20,20,0.000000,15.731579,0.000000,15.731579,0.000000
320_RTPV_1-20,20,0.000000,13.736400,0.000000,13.736400,0.000000
320_RTPV_2-20,20,0.000000,13.736400,0.000000,13.736400,0.000000
320_RTPV_3-20,20,0.000000,13.736400,0.000000,13.736400,0.000000
313_RTPV_13-20,20,0.000000,15.731579,0.000000,15.731579,0.000000
320_RTPV_4-20,20,0.000000,13.736400,0.000000,13.736400,0.000000
320_RTPV_5-20,20,0.000000,13.736400,0.000000,13.736400,0.000000
320_RTPV_6-20,20,0.000000,13.736400,0.000000,13.736400,0.000000
309_WIND_1-20,20,37.100000,20.201023,0.000000,20.201023,37.100000
317_WIND_1-20,20,764.800000,11.619662,0.000000,11.619662,764.800000
303_WIND_1-20,20,458.203189,0.000000,0.000000,0.000000,699.400000
320_PV_1-21,21,0.000000,13.736400,0.000000,13.736400,0.000000
314_PV_1-21,21,0.000000,14.321123,0.000000,14.321123,0.000000
314_PV_2-21,21,0.000000,14.321123,0.000000,14.321123,0.000000
313_PV_1-21,21,0.000000,15.731579,0.000000,15.731579,0.000000
314_PV_3-21,21,0.000000,14.321123,0.000000,14.321123,0.000000
314_PV_4-21,21,0.000000,14.321123,0.000000,14.321123,0.000000
313_PV_2-21,21,0.000000,15.731579,0.000000,15.731579,0.000000
310_PV_1-21,21,0.000000,15.565400,0.000000,15.565400,0.000000
324_PV_1-21,21,0.000000,6.775623,0.000000,6.775623,0.000000
312_PV_1-21,21,0.000000,16.350780,0.000000,16.350780,0.000000
310_PV_2-21,21,0.000000,15.565400,0.000000,15.565400,0.000000
324_PV_2-21,21,0.000000,6.775623,0.000000,6.775623,0.000000
324_PV_3-21,21,0.000000,6.775623,0.000000,6.775623,0.000000
319_PV_1-21,21,0.000000,12.931691,0.000000,12.931691,0.000000
308_RTPV_1-21,21,0.000000,17.883211,0.000000,17.883211,0.000000
313_RTPV_1-21,21,0.000000,15.731579,0.000000,15.731579,0.000000
313_RTPV_2-21,21,0.000000,15.731579,0.000000,15.731579,0.000000
313_RTPV_3-21,21,0.000000,15.731579,0.000000,15.731579,0.000000
313_RTPV_4-21,21,0.000000,15.731579,0.000000,15.731579,0.000000
313_RTPV_5-21,21,0.000000,15.731579,0.000000,15.731579,0.000000
313_RTPV_6-21,21,0.000000,15.731579,0.000000,15.731579,0.000000
313_RTPV_7-21,21,0.000000,15.731579,0.000000,15.731579,0.000000
313_RTPV_8-21,21,0.000000,15.731579,0.000000,15.731579,0.000000
313_RTPV_9-21,21,0.000000,15.731579,0.000000,15.731579,0.000000
313_RTPV_10-21,21,0.000000,15.731579,0.000000,15.731579,0.000000
313_RTPV_11-21,21,0.000000,15.731579,0.000000,15.731579,0.000000
313_RTPV_12-21,21,0.000000,15.731579,0.000000,15.731579,0.000000
320_RTPV_1-21,21,0.000000,13.736400,0.000000,13.736400,0.000000
320_RTPV_2-21,21,0.000000,13.736400,0.000000,13.736400,0.000000
320_RTPV_3-21,21,0.000000,13.736400,0.000000,13.736400,0.000000
313_RTPV_13-21,21,0.000000,15.731579,0.000000,15.731579,0.000000
320_RTPV_4-21,21,0.000000,13.736400,0.000000,13.736400,0.000000
320_RTPV_5-21,21,0.000000,13.736400,0.000000,13.736400,0.000000
320_RTPV_6-21,21,0.000000,13.736400,0.000000,13.736400,0.000000
309_WIND_1-21,21,40.600000,20.201023,0.000000,20.201023,40.600000
317_WIND_1-21,21,734.900000,11.619662,0.000000,11.619662,734.900000
303_WIND_1-21,21,403.467296,0.000000,0.000000,0.000000,676.900000
320_PV_1-22,22,0.000000,14.151098,0.000000,14.151098,0.000000
314_PV_1-22,22,0.000000,14.614286,0.000000,14.614286,0.000000
314_PV_2-22,22,0.000000,14.614286,0.000000,14.614286,0.000000
313_PV_1-22,22,0.000000,15.731579,0.000000,15.731579,0.000000
314_PV_3-22,22,0.000000,14.614286,0.000000,14.614286,0.000000
314_PV_4-22,22,0.000000,14.614286,0.000000,14.614286,0.000000
313_PV_2-22,22,0.000000,15.731579,0.000000,15.731579,0.000000
310_PV_1-22,22,0.000000,15.379447,0.000000,15.379447,0.000000
324_PV_1-22,22,0.000000,5.367309,0.000000,5.367309,0.000000
312_PV_1-22,22,0.000000,16.222079,0.000000,16.222079,0.000000
310_PV_2-22,22,0.000000,15.379447,0.000000,15.379447,0.000000
324_PV_2-22,22,0.000000,5.367309,0.000000,5.367309,0.000000
324_PV_3-22,22,0.000000,5.367309,0.000000,5.367309,0.000000
319_PV_1-22,22,0.000000,13.513648,0.000000,13.513648,0.000000
308_RTPV_1-22,22,0.000000,17.437624,0.000000,17.437624,0.000000
313_RTPV_1-22,22,0.000000,15.731579,0.000000,15.731579,0.000000
313_RTPV_2-22,22,0.000000,15.731579,0.000000,15.731579,0.000000
313_RTPV_3-22,22,0.000000,15.731579,0.000000,15.731579,0.000000
313_RTPV_4-22,22,0.000000,15.731579,0.000000,15.731579,0.000000
313_RTPV_5-22,22,0.000000,15.731579,0.000000,15.731579,0.000000
313_RTPV_6-22,22,0.000000,15.731579,0.000000,15.731579,0.000000
313_RTPV_7-22,22,0.000000,15.731579,0.000000,15.731579,0.000000
313_RTPV_8-22,22,0.000000,15.731579,0.000000,15.731579,0.000000
313_RTPV_9-22,22,0.000000,15.731579,0.000000,15.731579,0.000000
313_RTPV_10-22,22,0.000000,15.731579,0.000000,15.731579,0.000000
313_RTPV_11-22,22,0.000000,15.731579,0.000000,15.731579,0.000000
313_RTPV_12-22,22,0.000000,15.731579,0.000000,15.731579,0.000000
320_RTPV_1-22,22,0.000000,14.151098,0.000000,14.151098,0.000000
320_RTPV_2-22,22,0.000000,14.151098,0.000000,14.151098,0.000000
320_RTPV_3-22,22,0.000000,14.151098,0.000000,14.151098,0.000000
313_RTPV_13-22,22,0.000000,15.731579,0.000000,15.731579,0.000000
320_RTPV_4-22,22,0.000000,14.151098,0.000000,14.151098,0.000000
320_RTPV_5-22,22,0.000000,14.151098,0.000000,14.151098,0.000000
320_RTPV_6-22,22,0.000000,14.151098,0.000000,14.151098,0.000000
309_WIND_1-22,22,84.600000,19.495801,0.000000,19.495801,84.600000
317_WIND_1-22,22,760.660446,0.000000,0.000000,0.000000,799.100000
303_WIND_1-22,22,411.512881,0.000000,0.000000,0.000000,659.900000
320_PV_1-23,23,0.000000,12.455902,0.000000,12.455902,0.000000
314_PV_1-23,23,0.000000,12.455902,0.000000,12.455902,0.000000
314_PV_2-23,23,0.000000,12.455902,0.000000,12.455902,0.000000
313_PV_1-23,23,0.000000,12.455902,0.000000,12.455902,0.000000
314_PV_3-23,23,0.000000,12.455902,0.000000,12.455902,0.000000
314_PV_4-23,23,0.000000,12.455902,0.000000,12.455902,0.000000
313_PV_2-23,23,0.000000,12.455902,0.000000,12.455902,0.000000
310_PV_1-23,23,0.000000,12.455902,0.000000,12.455902,0.000000
324_PV_1-23,23,0.000000,12.455902,0.000000,12.455902,0.000000
312_PV_1-23,23,0.000000,12.455902,0.000000,12.455902,0.000000
310_PV_2-23,23,0.000000,12.455902,0.000000,12.455902,0.000000
324_PV_2-23,23,0.000000,12.455902,0.000000,12.455902,0.000000
324_PV_3-23,23,0.000000,12.455902,0.000000,12.455902,0.000000
319_PV_1-23,23,0.000000,12.455902,0.000000,12.455902,0.000000
308_RTPV_1-23,23,0.000000,12.455902,0.000000,12.455902,0.000000
313_RTPV_1-23,23,0.000000,12.455902,0.000000,12.455902,0.000000
313_RTPV_2-23,23,0.000000,12.455902,0.000000,12.455902,0.000000
313_RTPV_3-23,23,0.000000,12.455902,0.000000,12.455902,0.000000
313_RTPV_4-23,23,0.000000,12.455902,0.000000,12.455902,0.000000
313_RTPV_5-23,23,0.000000,12.455902,0.000000,12.455902,0.000000
313_RTPV_6-23,23,0.000000,12.455902,0.000000,12.455902,0.000000
313_RTPV_7-23,23,0.000000,12.455902,0.000000,12.455902,0.000000
313_RTPV_8-23,23,0.000000,12.455902,0.000000,12.455902,0.000000
313_RTPV_9-23,23,0.000000,12.455902,0.000000,12.455902,0.000000
313_RTPV_10-23,23,0.000000,12.455902,0.000000,12.455902,0.000000
313_RTPV_11-23,23,0.000000,12.455902,0.000000,12.455902,0.000000
313_RTPV_12-23,23,0.000000,12.455902,0.000000,12.455902,0.000000
320_RTPV_1-23,23,0.000000,12.455902,0.000000,12.455902,0.000000
320_RTPV_2-23,23,0.000000,12.455902,0.000000,12.455902,0.000000
320_RTPV_3-23,23,0.000000,12.455902,0.000000,12.455902,0.000000
313_RTPV_13-23,23,0.000000,12.455902,0.000000,12.455902,0.000000
320_RTPV_4-23,23,0.000000,12.455902,0.000000,12.455902,0.000000
320_RTPV_5-23,23,0.000000,12.455902,0.000000,12.455902,0.000000
320_RTPV_6-23,23,0.000000,12.455902,0.000000,12.455902,0.000000
309_WIND_1-23,23,117.200000,12.455902,0.000000,12.455902,117.200000
317_WIND_1-23,23,764.100000,12.455902,0.000000,12.455902,764.100000
303_WIND_1-23,23,232.200000,12.455902,0.000000,12.455902,232.200000
320_PV_1-24,24,0.000000,0.000000,0.000000,0.000000,0.000000
314_PV_1-24,24,0.000000,0.000000,0.000000,0.000000,0.000000
314_PV_2-24,24,0.000000,0.000000,0.000000,0.000000,0.000000
313_PV_1-24,24,0.000000,0.000000,0.000000,0.000000,0.000000
314_PV_3-24,24,0.000000,0.000000,0.000000,0.000000,0.000000
314_PV_4-24,24,0.000000,0.000000,0.000000,0.000000,0.000000
313_PV_2-24,24,0.000000,0.000000,0.000000,0.000000,0.000000
310_PV_1-24,24,0.000000,0.000000,0.000000,0.000000,0.000000
324_PV_1-24,24,0.000000,0.000000,0.000000,0.000000,0.000000
312_PV_1-24,24,0.000000,0.000000,0.000000,0.000000,0.000000
310_PV_2-24,24,0.000000,0.000000,0.000000,0.000000,0.000000
324_PV_2-24,24,0.000000,0.000000,0.000000,0.000000,0.000000
324_PV_3-24,24,0.000000,0.000000,0.000000,0.000000,0.000000
319_PV_1-24,24,0.000000,0.000000,0.000000,0.000000,0.000000
308_RTPV_1-24,24,0.000000,0.000000,0.000000,0.000000,0.000000
313_RTPV_1-24,24,0.000000,0.000000,0.000000,0.000000,0.000000
313_RTPV_2-24,24,0.000000,0.000000,0.000000,0.000000,0.000000
313_RTPV_3-24,24,0.000000,0.000000,0.000000,0.000000,0.000000
313_RTPV_4-24,24,0.000000,0.000000,0.000000,0.000000,0.000000
313_RTPV_5-24,24,0.000000,0.000000,0.000000,0.000000,0.000000
313_RTPV_6-24,24,0.000000,0.000000,0.000000,0.000000,0.000000
313_RTPV_7-24,24,0.000000,0.000000,0.000000,0.000000,0.000000
313_RTPV_8-24,24,0.000000,0.000000,0.000000,0.000000,0.000000
313_RTPV_9-24,24,0.000000,0.000000,0.000000,0.000000,0.000000
313_RTPV_10-24,24,0.000000,0.000000,0.000000,0.000000,0.000000
313_RTPV_11-24,24,0.000000,0.000000,0.000000,0.000000,0.000000
313_RTPV_12-24,24,0.000000,0.000000,0.000000,0.000000,0.000000
320_RTPV_1-24,24,0.000000,0.000000,0.000000,0.000000,0.000000
320_RTPV_2-24,24,0.000000,0.000000,0.000000,0.000000,0.000000
320_RTPV_3-24,24,0.000000,0.000000,0.000000,0.000000,0.000000
313_RTPV_13-24,24,0.000000,0.000000,0.000000,0.000000,0.000000
320_RTPV_4-24,24,0.000000,0.000000,0.000000,0.000000,0.000000
320_RTPV_5-24,24,0.000000,0.000000,0.000000,0.000000,0.000000
320_RTPV_6-24,24,0.000000,0.000000,0.000000,0.000000,0.000000
309_WIND_1-24,24,63.900000,0.000000,0.000000,0.000000,63.900000
317_WIND_1-24,24,776.207118,0.000000,0.000000,0.000000,798.300000
303_WIND_1-24,24,337.400000,0.000000,0.000000,0.000000,337.400000
