,time,charge,discharge,totaldischarge,soc,discharge_offer,maxdischargeoffer,charge_offer,maxchargeoffer,tightdual,socmaxdual,socmindual,chargemindual,dischargemindual,finalsocdual,finalsocMAXdual,finalsocMINdual,cycledual,bindonecyclemaxdual,bindonecyclemindual,node,lmp,profit
313_STORAGE_1,1,300.000000,0.000000,0.000000,255.000000,0.000000,5000.000000,-0.000000,5000.000000,0.000000,0.000000,0.000000,0.000000,0.000000,0.000000,0.000000,0.000000,0.000000,0.000000,0.000000,303,0.000000,0.0
313_STORAGE_1,2,300.000000,0.000000,0.000000,510.000000,0.000000,5000.000000,-0.000000,5000.000000,0.000000,0.000000,0.000000,0.000000,0.000000,0.000000,0.000000,0.000000,0.000000,0.000000,0.000000,303,0.000000,0.0
313_STORAGE_1,3,300.000000,0.000000,0.000000,765.000000,0.000000,5000.000000,-0.000000,5000.000000,0.000000,0.000000,0.000000,0.000000,0.000000,0.000000,0.000000,0.000000,0.000000,0.000000,0.000000,303,0.000000,0.0
313_STORAGE_1,4,111.522559,0.000000,0.000000,859.794175,15.731579,5000.000000,15.731579,5000.000000,0.000000,0.000000,0.000000,0.000000,0.000000,0.000000,0.000000,0.000000,0.000000,0.000000,0.000000,303,15.731579,-1754.425947190661
313_STORAGE_1,5,29.730571,0.000000,0.000000,885.065160,21.116646,5000.000000,21.116646,5000.000000,0.000000,0.000000,0.000000,0.000000,0.000000,0.000000,0.000000,0.000000,0.000000,0.000000,0.000000,303,21.116646,-627.809943184866
313_STORAGE_1,6,0.000000,0.000000,0.000000,885.065160,21.287879,5000.000000,0.000000,5000.000000,0.000000,0.000000,0.000000,21.287879,0.000000,0.000000,0.000000,0.000000,0.000000,0.000000,0.000000,303,21.287879,0.0
313_STORAGE_1,7,0.000000,0.000000,0.000000,885.065160,22.732463,5000.000000,0.000000,5000.000000,0.000000,0.000000,0.000000,22.732463,0.000000,0.000000,0.000000,0.000000,0.000000,0.000000,0.000000,303,22.732463,0.0
313_STORAGE_1,8,0.000000,0.890259,0.890259,884.174901,26.401998,5000.000000,0.000000,5000.000000,0.000000,0.000000,0.000000,26.401998,0.000000,0.000000,0.000000,0.000000,0.000000,0.000000,0.000000,303,26.401998,23.504616337482
313_STORAGE_1,9,12.069700,0.000000,0.000000,894.434146,26.401998,5000.000000,26.401998,5000.000000,0.000000,0.000000,0.000000,0.000000,0.000000,0.000000,0.000000,0.000000,0.000000,0.000000,0.000000,303,26.401998,-318.66419526059997
313_STORAGE_1,10,0.000000,91.922318,91.922318,802.511828,26.755735,5000.000000,0.000000,5000.000000,0.000000,0.000000,0.000000,26.755735,0.000000,0.000000,0.000000,0.000000,0.000000,0.000000,0.000000,303,26.755735,2459.4491809937304
313_STORAGE_1,11,0.000000,74.709342,74.709342,727.802486,26.429209,5000.000000,0.000000,5000.000000,0.000000,0.000000,0.000000,26.429209,0.000000,0.000000,0.000000,0.000000,0.000000,0.000000,0.000000,303,26.429209,1974.5088139704783
313_STORAGE_1,12,0.000000,65.456034,65.456034,662.346452,26.401998,5000.000000,26.401998,5000.000000,0.000000,0.000000,0.000000,0.000000,0.000000,0.000000,0.000000,0.000000,0.000000,0.000000,0.000000,303,26.401998,1728.170078755932
313_STORAGE_1,13,0.000000,105.308082,105.308082,557.038370,26.401998,5000.000000,0.000000,5000.000000,0.000000,0.000000,0.000000,26.401998,0.000000,0.000000,0.000000,0.000000,0.000000,0.000000,0.000000,303,26.401998,2780.3437703478357
313_STORAGE_1,14,0.000000,24.643037,24.643037,532.395332,26.401998,5000.000000,0.000000,5000.000000,0.000000,0.000000,0.000000,26.401998,0.000000,0.000000,0.000000,0.000000,0.000000,0.000000,0.000000,303,26.401998,650.625413587926
313_STORAGE_1,15,0.000000,115.776046,115.776046,416.619286,26.401998,5000.000000,26.401998,5000.000000,0.000000,0.000000,0.000000,0.000000,0.000000,0.000000,0.000000,0.000000,0.000000,0.000000,0.000000,303,26.401998,3056.7189349399077
313_STORAGE_1,16,0.000000,16.222491,16.222491,400.396795,25.908321,5000.000000,0.000000,5000.000000,0.000000,0.000000,0.000000,25.908321,0.000000,0.000000,0.000000,0.000000,0.000000,0.000000,0.000000,303,25.908321,420.2975042476111
313_STORAGE_1,17,0.000000,42.846553,42.846553,357.550242,26.401998,5000.000000,0.000000,5000.000000,0.000000,0.000000,0.000000,26.401998,0.000000,0.000000,0.000000,0.000000,0.000000,0.000000,0.000000,303,26.401998,1131.234606612894
313_STORAGE_1,18,0.000000,126.429045,126.429045,231.121198,26.401998,5000.000000,26.401998,5000.000000,0.000000,0.000000,0.000000,0.000000,0.000000,0.000000,0.000000,0.000000,0.000000,0.000000,0.000000,303,26.401998,3337.97939323191
313_STORAGE_1,19,0.000000,88.528395,88.528395,142.592803,26.401998,5000.000000,0.000000,5000.000000,0.000000,0.000000,0.000000,26.401998,0.000000,0.000000,0.000000,0.000000,0.000000,0.000000,0.000000,303,26.401998,2337.32650773321
313_STORAGE_1,20,0.000000,96.174287,96.174287,46.418516,26.401998,5000.000000,26.401998,5000.000000,0.000000,0.000000,0.000000,0.000000,0.000000,0.000000,0.000000,0.000000,0.000000,0.000000,0.000000,303,26.401998,2539.193333025426
313_STORAGE_1,21,0.000000,32.965296,32.965296,13.453221,22.732463,5000.000000,0.000000,5000.000000,0.000000,0.000000,0.000000,22.732463,0.000000,0.000000,0.000000,0.000000,0.000000,0.000000,0.000000,303,22.732463,749.382371604048
313_STORAGE_1,22,0.000000,13.453221,13.453221,0.000000,22.732463,5000.000000,22.732463,5000.000000,0.000000,0.000000,0.000000,0.000000,0.000000,0.000000,0.000000,0.000000,0.000000,0.000000,0.000000,303,22.732463,305.82484861332296
313_STORAGE_1,23,5.500700,0.000000,0.000000,4.675595,25.908321,5000.000000,25.908321,5000.000000,0.000000,0.000000,0.000000,0.000000,0.000000,0.000000,0.000000,0.000000,0.000000,0.000000,0.000000,303,25.908321,-142.51390132470002
313_STORAGE_1,24,0.000000,4.675595,4.675595,0.000000,22.732463,5000.000000,22.732463,5000.000000,0.000000,0.000000,0.000000,0.000000,0.000000,0.000000,0.000000,0.000000,0.000000,0.000000,0.000000,303,22.732463,106.287790340485
