,time,charge,discharge,totaldischarge,soc,discharge_offer,maxdischargeoffer,charge_offer,maxchargeoffer,tightdual,socmaxdual,socmindual,chargemindual,dischargemindual,finalsocdual,finalsocMAXdual,finalsocMINdual,cycledual,bindonecyclemaxdual,bindonecyclemindual,node,lmp,profit
313_STORAGE_1,1,300.000000,0.000000,0.000000,255.000000,-50.000000,5000.000000,-50.000000,5000.000000,0.000000,361.764706,0.000000,307.500000,0.000000,0.000000,0.000000,0.000000,0.000000,0.000000,0.000000,303,0.000000,0.0
313_STORAGE_1,2,300.000000,0.000000,0.000000,510.000000,-50.000000,5000.000000,-50.000000,5000.000000,0.000000,0.000000,2098.240778,0.000000,361.764706,0.000000,0.000000,0.000000,0.000000,0.000000,0.000000,303,0.000000,0.0
313_STORAGE_1,3,300.000000,0.000000,0.000000,765.000000,-50.000000,5000.000000,-50.000000,5000.000000,0.000000,0.000000,1961.511915,47.028589,0.000000,0.000000,0.000000,0.000000,0.000000,0.000000,0.000000,303,-0.000000,0.0
313_STORAGE_1,4,0.000000,0.000000,0.000000,765.000000,-50.000000,5000.000000,-49.972789,5000.000000,0.412042,4059.752693,0.000000,0.000000,0.000000,0.000000,0.000000,0.000000,0.000000,0.000000,0.000000,303,0.000000,0.0
313_STORAGE_1,5,158.823529,0.000000,0.000000,900.000000,-50.000000,5000.000000,-50.000000,5000.000000,0.000000,0.000000,1433.822707,0.000000,361.764706,0.000000,0.000000,0.000000,0.000000,0.000000,0.000000,303,0.000000,0.0
313_STORAGE_1,6,0.000000,0.000000,0.000000,900.000000,-50.000000,5000.000000,-49.972789,5000.000000,0.000000,1072.058001,0.000000,0.000000,146.664089,0.000000,0.000000,0.000000,0.000000,0.000000,0.000000,303,-0.000000,0.0
313_STORAGE_1,7,0.000000,0.000000,0.000000,900.000000,-50.000000,5000.000000,-38.535619,5000.000000,0.000000,341.928682,0.000000,296.035619,0.000000,0.000000,0.000000,0.000000,0.000000,0.000000,0.000000,303,15.731579,0.0
313_STORAGE_1,8,0.000000,0.000000,0.000000,900.000000,-42.999117,5000.000000,-33.139380,5000.000000,0.000000,0.000000,341.928682,0.000000,348.929565,0.000000,0.000000,0.000000,0.000000,0.000000,0.000000,303,21.287879,0.0
313_STORAGE_1,9,0.000000,0.000000,0.000000,900.000000,-50.000000,5000.000000,-40.140263,5000.000000,0.000000,352.941176,0.000000,297.640263,0.000000,0.000000,0.000000,0.000000,0.000000,0.000000,0.000000,303,22.732463,0.0
313_STORAGE_1,10,0.000000,0.890259,0.890259,899.109741,-50.000000,5000.000000,-42.500000,5000.000000,0.000000,0.000000,352.941176,0.000000,352.941176,0.000000,0.000000,0.000000,0.000000,0.000000,0.000000,303,26.311255,23.423831565045
313_STORAGE_1,11,0.000000,274.145325,274.145325,624.964416,-50.000000,5000.000000,-42.500000,5000.000000,0.000000,352.941176,0.000000,300.000000,0.000000,0.000000,0.000000,0.000000,0.000000,0.000000,0.000000,303,26.311255,7213.107553132875
313_STORAGE_1,12,0.000000,145.074978,145.074978,479.889438,-50.000000,5000.000000,-42.500000,5000.000000,0.000000,0.000000,0.000000,0.000000,352.941176,0.000000,0.000000,0.000000,0.000000,0.000000,0.000000,303,26.311255,3817.1047402773897
313_STORAGE_1,13,0.000000,109.067944,109.067944,370.821494,-50.000000,5000.000000,-42.500000,5000.000000,0.000000,0.000000,352.941176,0.000000,352.941176,0.000000,0.000000,0.000000,0.000000,0.000000,0.000000,303,26.311255,2869.7144869097197
313_STORAGE_1,14,0.000000,87.563187,87.563187,283.258308,-50.000000,5000.000000,-42.500000,5000.000000,0.000000,0.000000,0.000000,300.000000,0.000000,0.000000,0.000000,0.000000,0.000000,0.000000,0.000000,303,26.311255,2303.8973417696848
313_STORAGE_1,15,0.000000,98.555626,98.555626,184.702681,-50.000000,5000.000000,-42.500000,5000.000000,0.000000,135.550080,0.000000,300.000000,0.000000,0.000000,0.000000,0.000000,0.000000,0.000000,0.000000,303,26.311255,2593.12220737063
313_STORAGE_1,16,0.000000,0.000000,0.000000,184.702681,-34.268421,5000.000000,-26.768421,5000.000000,0.000000,226.214625,0.000000,0.000000,320.332512,0.000000,0.000000,0.000000,0.000000,0.000000,0.000000,303,26.401998,0.0
313_STORAGE_1,17,0.000000,0.000000,0.000000,184.702681,-24.091679,5000.000000,-50.000000,5000.000000,0.000000,0.000000,0.000000,0.000000,387.673027,0.000000,0.000000,0.000000,0.000000,0.000000,0.000000,303,26.429209,0.0
313_STORAGE_1,18,0.000000,0.000000,0.000000,184.702681,-27.267537,5000.000000,-50.000000,5000.000000,0.000000,0.000000,384.497169,0.000000,384.497169,0.000000,0.000000,0.000000,0.000000,0.000000,0.000000,303,25.908321,0.0
313_STORAGE_1,19,0.000000,0.000000,0.000000,184.702681,-27.267537,5000.000000,-19.767537,5000.000000,0.000000,1.615817,0.000000,296.590131,0.000000,0.000000,0.000000,0.000000,0.000000,0.000000,0.000000,303,26.401998,0.0
313_STORAGE_1,20,0.000000,0.000000,0.000000,184.702681,-28.883354,5000.000000,-21.383354,5000.000000,0.000000,0.000000,1389.011730,296.832503,0.000000,0.000000,0.000000,0.000000,0.000000,0.000000,0.000000,303,26.429209,0.0
313_STORAGE_1,21,0.000000,88.528395,88.528395,96.174287,-50.000000,5000.000000,-50.000000,5000.000000,0.000000,1010.710570,0.000000,0.000000,95.980744,0.000000,0.000000,0.000000,0.000000,0.000000,0.000000,303,26.311255,2329.293175585725
313_STORAGE_1,22,0.000000,96.174287,96.174287,0.000000,-50.000000,5000.000000,-42.500000,5000.000000,0.000000,752.358982,0.000000,240.087329,0.000000,0.000000,0.000000,0.000000,0.000000,0.000000,0.000000,303,26.311255,2530.466189700185
313_STORAGE_1,23,0.000000,0.000000,0.000000,0.000000,-50.000000,5000.000000,-42.500000,5000.000000,0.000000,0.000000,0.000000,0.000000,352.941176,0.000000,0.000000,0.000000,0.000000,0.000000,0.000000,303,22.732463,0.0
313_STORAGE_1,24,0.000000,0.000000,0.000000,0.000000,-50.000000,5000.000000,-42.500000,5000.000000,0.000000,0.000000,2402.941176,0.000000,352.941176,0.000000,0.000000,0.000000,0.000000,0.000000,0.000000,303,22.732463,0.0
