,time,charge,discharge,totaldischarge,soc,discharge_offer,maxdischargeoffer,charge_offer,maxchargeoffer,tightdual,socmaxdual,socmindual,chargemindual,dischargemindual,finalsocdual,finalsocMAXdual,finalsocMINdual,cycledual,bindonecyclemaxdual,bindonecyclemindual,node,lmp,profit
313_STORAGE_1,1,0.789655,0.000000,0.000000,0.671207,0.000000,5000.000000,15.731579,5000.000000,0.000000,0.000000,0.000000,0.000000,0.000000,10.697629,0.000000,0.000000,15.731579,0.000000,0.000000,303,15.731579,-12.422520015245
313_STORAGE_1,2,0.000000,0.000000,0.000000,0.671207,0.000000,5000.000000,15.731579,5000.000000,0.000000,0.000000,0.000000,0.000000,0.000000,10.697629,0.000000,0.000000,15.731579,0.000000,0.000000,303,15.731579,0.0
313_STORAGE_1,3,90.921133,0.000000,0.000000,77.954170,0.000000,5000.000000,15.731579,5000.000000,0.000000,0.000000,0.000000,0.000000,0.000000,10.697629,0.000000,0.000000,15.731579,0.000000,0.000000,303,15.731579,-1430.332986559007
313_STORAGE_1,4,37.838880,0.000000,0.000000,110.117218,0.000000,5000.000000,15.731579,5000.000000,0.000000,0.000000,0.000000,0.000000,0.000000,10.697629,0.000000,0.000000,15.731579,0.000000,0.000000,303,15.731579,-595.26532999152
313_STORAGE_1,5,113.614679,0.000000,0.000000,206.689695,0.000000,5000.000000,15.731579,5000.000000,0.000000,0.000000,0.000000,0.000000,0.000000,10.697629,0.000000,0.000000,15.731579,0.000000,0.000000,303,15.731579,-1787.338298248141
313_STORAGE_1,6,0.000000,0.000000,0.000000,206.689695,0.000000,5000.000000,0.000000,5000.000000,0.000000,0.000000,0.000000,15.731579,0.000000,10.697629,0.000000,0.000000,15.731579,0.000000,0.000000,303,15.731579,0.0
313_STORAGE_1,7,0.000000,0.000000,0.000000,206.689695,5.385067,5000.000000,0.000000,5000.000000,0.000000,0.000000,0.000000,21.116646,0.000000,10.697629,0.000000,0.000000,15.731579,0.000000,0.000000,303,21.116646,0.0
313_STORAGE_1,8,239.748371,0.000000,0.000000,410.475810,0.000000,5000.000000,15.731579,5000.000000,0.000000,0.000000,0.000000,0.000000,0.000000,10.697629,0.000000,0.000000,15.731579,0.000000,0.000000,303,15.731579,-3771.620438507809
313_STORAGE_1,9,300.000000,0.000000,0.000000,665.475810,0.000000,5000.000000,4984.268421,5000.000000,16.614228,0.000000,0.000000,0.000000,5000.000000,10.697629,0.000000,0.000000,15.731579,0.000000,0.000000,303,0.000000,0.0
313_STORAGE_1,10,275.910811,0.000000,0.000000,900.000000,0.000000,5000.000000,0.000000,5000.000000,0.000000,0.000000,0.000000,0.000000,15.731579,10.697629,0.000000,0.000000,15.731579,0.000000,0.000000,303,0.000000,0.0
313_STORAGE_1,11,0.000000,0.000000,0.000000,900.000000,0.000000,5000.000000,0.000000,5000.000000,0.000000,0.000000,0.000000,0.000000,15.731579,10.697629,0.000000,0.000000,15.731579,0.000000,0.000000,303,0.000000,0.0
313_STORAGE_1,12,0.000000,0.000000,0.000000,900.000000,0.000000,5000.000000,0.000000,5000.000000,0.000000,0.000000,0.000000,0.000000,15.731579,10.697629,0.000000,0.000000,15.731579,0.000000,0.000000,303,0.000000,0.0
313_STORAGE_1,13,0.000000,0.000000,0.000000,900.000000,0.000000,5000.000000,0.000000,5000.000000,0.000000,0.000000,0.000000,0.000000,15.731579,10.697629,0.000000,0.000000,15.731579,0.000000,0.000000,303,0.000000,0.0
313_STORAGE_1,14,-0.000000,0.000000,0.000000,900.000000,0.000000,5000.000000,0.000000,5000.000000,0.000000,0.000000,0.000000,0.000000,15.731579,10.697629,0.000000,0.000000,15.731579,0.000000,0.000000,303,0.000000,0.0
313_STORAGE_1,15,0.000000,0.000000,0.000000,900.000000,0.000000,5000.000000,0.000000,5000.000000,0.000000,0.000000,0.000000,15.731579,0.000000,10.697629,0.000000,0.000000,15.731579,0.000000,0.000000,303,15.731579,0.0
313_STORAGE_1,16,0.000000,0.000000,0.000000,900.000000,7.000883,5000.000000,0.000000,5000.000000,0.000000,10.697629,0.000000,22.732463,0.000000,10.697629,0.000000,0.000000,15.731579,0.000000,0.000000,303,22.732463,0.0
313_STORAGE_1,17,0.000000,40.207919,40.207919,859.792081,0.326526,5000.000000,0.000000,5000.000000,0.000000,0.000000,0.000000,17.662750,0.000000,10.697629,0.000000,0.000000,15.731579,0.000000,0.000000,303,26.755735,1075.7924256654649
313_STORAGE_1,18,0.000000,1.877085,1.877085,857.914996,0.845490,5000.000000,0.000000,5000.000000,0.000000,0.000000,0.000000,18.181714,0.000000,10.697629,0.000000,0.000000,15.731579,0.000000,0.000000,303,27.274699,51.196928372414995
313_STORAGE_1,19,0.000000,37.951302,37.951302,819.963694,0.845490,5000.000000,0.000000,5000.000000,0.000000,0.000000,0.000000,18.181714,0.000000,10.697629,0.000000,0.000000,15.731579,0.000000,0.000000,303,27.274699,1035.110338708098
313_STORAGE_1,20,0.000000,219.898576,219.898576,600.065119,0.415933,5000.000000,17.752156,5000.000000,0.000000,0.000000,0.000000,0.000000,0.000000,10.697629,0.000000,0.000000,15.731579,0.000000,0.000000,303,26.845141,5903.208278419216
313_STORAGE_1,21,0.000000,167.474344,167.474344,432.590775,0.415933,5000.000000,17.752156,5000.000000,0.000000,0.000000,0.000000,0.000000,0.000000,10.697629,0.000000,0.000000,15.731579,0.000000,0.000000,303,26.845141,4495.872378562504
313_STORAGE_1,22,0.000000,113.375619,113.375619,319.215156,0.326526,5000.000000,17.662750,5000.000000,0.000000,0.000000,0.000000,0.000000,0.000000,10.697629,0.000000,0.000000,15.731579,0.000000,0.000000,303,26.755735,3033.448017424965
313_STORAGE_1,23,0.000000,300.000000,300.000000,19.215156,0.000000,5000.000000,17.336224,5000.000000,0.000000,0.000000,0.000000,0.000000,0.000000,10.697629,0.000000,0.000000,15.731579,0.000000,0.000000,303,26.429209,7928.7627
313_STORAGE_1,24,0.000000,19.215156,19.215156,0.000000,0.000000,5000.000000,17.336224,5000.000000,0.000000,0.000000,0.000000,0.000000,0.000000,10.697629,0.000000,0.000000,15.731579,0.000000,0.000000,303,26.429209,507.841373891604
