,time,charge,discharge,totaldischarge,soc,discharge_offer,maxdischargeoffer,charge_offer,maxchargeoffer,tightdual,socmaxdual,socmindual,chargemindual,dischargemindual,finalsocdual,finalsocMAXdual,finalsocMINdual,cycledual,bindonecyclemaxdual,bindonecyclemindual,node,lmp,profit
313_STORAGE_1,1,300.000000,0.000000,0.000000,255.000000,0.000000,5000.000000,-0.000000,5000.000000,0.000000,0.000000,0.000000,0.000000,0.000000,25.908321,0.000000,0.000000,0.000000,0.000000,0.000000,303,0.000000,0.0
313_STORAGE_1,2,71.916444,0.000000,0.000000,316.128977,0.000000,5000.000000,-0.000000,5000.000000,0.000000,0.000000,0.000000,0.000000,0.000000,25.908321,0.000000,0.000000,0.000000,0.000000,0.000000,303,0.000000,0.0
313_STORAGE_1,3,0.000000,0.000000,0.000000,316.128977,0.000000,5000.000000,-0.000000,5000.000000,0.000000,0.000000,0.000000,0.000000,0.000000,25.908321,0.000000,0.000000,0.000000,0.000000,0.000000,303,0.000000,0.0
313_STORAGE_1,4,300.000000,0.000000,0.000000,571.128977,0.000000,5000.000000,-0.000000,5000.000000,0.000000,0.000000,0.000000,0.000000,0.000000,25.908321,0.000000,0.000000,0.000000,0.000000,0.000000,303,0.000000,0.0
313_STORAGE_1,5,300.000000,0.000000,0.000000,826.128977,0.000000,5000.000000,-0.000000,5000.000000,0.000000,0.000000,0.000000,0.000000,0.000000,25.908321,0.000000,0.000000,0.000000,0.000000,0.000000,303,0.000000,0.0
313_STORAGE_1,6,0.000000,0.000000,0.000000,826.128977,0.000000,5000.000000,-0.000000,5000.000000,0.000000,0.000000,0.000000,0.000000,0.000000,25.908321,0.000000,0.000000,0.000000,0.000000,0.000000,303,0.000000,0.0
313_STORAGE_1,7,0.000000,0.000000,0.000000,826.128977,0.000000,5000.000000,0.000000,5000.000000,0.000000,0.000000,0.000000,0.000000,0.000000,25.908321,0.000000,0.000000,0.000000,0.000000,0.000000,303,0.000000,0.0
313_STORAGE_1,8,0.000000,0.000000,0.000000,826.128977,0.000000,5000.000000,-0.000000,5000.000000,0.000000,0.000000,0.000000,0.000000,0.000000,25.908321,0.000000,0.000000,0.000000,0.000000,0.000000,303,0.000000,0.0
313_STORAGE_1,9,0.000000,0.000000,0.000000,826.128977,0.000000,5000.000000,-0.000000,5000.000000,0.000000,0.000000,0.000000,0.000000,0.000000,25.908321,0.000000,0.000000,0.000000,0.000000,0.000000,303,0.000000,0.0
313_STORAGE_1,10,0.000000,0.000000,0.000000,826.128977,0.000000,5000.000000,-0.000000,5000.000000,0.000000,0.000000,0.000000,0.000000,0.000000,25.908321,0.000000,0.000000,0.000000,0.000000,0.000000,303,0.000000,0.0
313_STORAGE_1,11,0.000000,0.000000,0.000000,826.128977,0.000000,5000.000000,-0.000000,5000.000000,0.000000,0.000000,0.000000,0.000000,0.000000,25.908321,0.000000,0.000000,0.000000,0.000000,0.000000,303,0.000000,0.0
313_STORAGE_1,12,78.950433,0.000000,0.000000,893.236845,15.731579,5000.000000,15.731579,5000.000000,0.000000,0.000000,0.000000,0.000000,0.000000,25.908321,0.000000,0.000000,0.000000,0.000000,0.000000,303,15.731579,-1242.0149738237071
313_STORAGE_1,13,0.000000,0.000000,0.000000,893.236845,15.731579,5000.000000,0.000000,5000.000000,0.000000,0.000000,0.000000,15.731579,0.000000,25.908321,0.000000,0.000000,0.000000,0.000000,0.000000,303,15.731579,0.0
313_STORAGE_1,14,7.956653,0.000000,0.000000,900.000000,22.732463,5000.000000,22.732463,5000.000000,0.000000,0.000000,0.000000,0.000000,0.000000,25.908321,0.000000,0.000000,0.000000,0.000000,0.000000,303,22.732463,-180.87431992633898
313_STORAGE_1,15,0.000000,0.000000,0.000000,900.000000,22.732463,5000.000000,22.732463,5000.000000,0.000000,25.908321,0.000000,0.000000,0.000000,25.908321,0.000000,0.000000,0.000000,0.000000,0.000000,303,22.732463,0.0
313_STORAGE_1,16,0.000000,0.890259,0.890259,899.109741,0.000000,5000.000000,4.873602,5000.000000,0.001646,0.000000,0.000000,0.000000,0.000000,25.908321,0.000000,0.000000,0.000000,0.000000,0.000000,303,26.401998,23.504616337482
313_STORAGE_1,17,0.000000,274.145325,274.145325,624.964416,0.520887,5000.000000,4.407136,5000.000000,0.000000,0.000000,0.000000,0.000000,0.000000,25.908321,0.000000,0.000000,0.000000,0.000000,0.000000,303,26.429209,7245.444090797925
313_STORAGE_1,18,0.000000,91.922318,91.922318,533.042099,0.847414,5000.000000,4.733662,5000.000000,0.000000,0.000000,0.000000,0.000000,0.000000,25.908321,0.000000,0.000000,0.000000,0.000000,0.000000,303,26.755735,2459.4491809937304
313_STORAGE_1,19,0.000000,114.163030,114.163030,418.879068,0.520887,5000.000000,4.407136,5000.000000,0.000000,0.000000,0.000000,0.000000,0.000000,25.908321,0.000000,0.000000,0.000000,0.000000,0.000000,303,26.429209,3017.23857994327
313_STORAGE_1,20,0.000000,101.929412,101.929412,316.949657,0.520887,5000.000000,4.407136,5000.000000,0.000000,0.000000,0.000000,0.000000,0.000000,25.908321,0.000000,0.000000,0.000000,0.000000,0.000000,303,26.429209,2693.913732995108
313_STORAGE_1,21,0.000000,105.308082,105.308082,211.641574,0.520887,5000.000000,0.000000,5000.000000,0.000000,0.000000,0.000000,4.407136,0.000000,25.908321,0.000000,0.000000,0.000000,0.000000,0.000000,303,26.429209,2783.209308567138
313_STORAGE_1,22,0.000000,79.643037,79.643037,131.998537,0.493677,5000.000000,4.379925,5000.000000,0.000000,0.000000,0.000000,0.000000,0.000000,25.908321,0.000000,0.000000,0.000000,0.000000,0.000000,303,26.401998,2102.735303587926
313_STORAGE_1,23,0.000000,115.776046,115.776046,16.222491,0.493677,5000.000000,4.379925,5000.000000,0.000000,0.000000,0.000000,0.000000,0.000000,25.908321,0.000000,0.000000,0.000000,0.000000,0.000000,303,26.401998,3056.7189349399077
313_STORAGE_1,24,0.000000,16.222491,16.222491,-0.000000,0.000000,5000.000000,3.886248,5000.000000,0.000000,0.000000,0.000000,0.000000,0.000000,25.908321,0.000000,0.000000,0.000000,0.000000,0.000000,303,25.908321,420.2975042476111
