,hour,LMP,VoltageAngle,VoltageAngleDualMax,VoltageAngleDualMin,Load,LoadPayment
301,1,0.000000,0.000000,0.000000,0.000000,46.688390,0.0
301,2,0.000000,0.000000,0.000000,0.000000,45.287567,0.0
301,3,0.000000,0.000000,0.000000,0.000000,44.826321,0.0
301,4,0.000000,0.000000,0.000000,0.000000,44.467574,0.0
301,5,0.000000,0.000000,0.000000,0.000000,45.304650,0.0
301,6,0.000000,0.000000,0.000000,0.000000,48.260044,0.0
301,7,0.000000,0.000000,0.000000,0.000000,52.940841,0.0
301,8,0.000000,0.000000,0.000000,0.000000,57.587472,0.0
301,9,0.000000,0.000000,0.000000,0.000000,61.345777,0.0
301,10,0.000000,0.000000,0.000000,0.000000,63.617842,0.0
301,11,12.455902,0.000000,0.000000,0.000000,64.796583,807.099887782866
301,12,21.184575,0.000000,0.000000,0.000000,64.574502,1367.9833807066498
301,13,19.429035,0.000000,0.000000,0.000000,65.975324,1281.8368791323398
301,14,21.907448,0.000000,0.000000,0.000000,65.548244,1435.9947469213118
301,15,20.352293,0.000000,0.000000,0.000000,62.422018,1270.4311999872739
301,16,12.455902,0.000000,0.000000,0.000000,61.311610,763.69140562222
301,17,12.455902,0.000000,0.000000,0.000000,60.696615,756.0310881717301
301,18,12.455902,0.000000,0.000000,0.000000,61.448276,765.393703924952
301,19,21.907448,0.000000,0.000000,0.000000,67.598228,1480.904664802144
301,20,21.907448,0.000000,0.000000,0.000000,68.879469,1508.973385385112
301,21,21.184575,0.000000,0.000000,0.000000,66.931984,1417.9256349467998
301,22,21.184575,0.000000,0.000000,0.000000,62.251186,1318.76491865595
301,23,12.455902,0.000000,0.000000,0.000000,56.613730,705.17507273446
301,24,0.000000,0.000000,0.000000,0.000000,51.130022,0.0
302,1,0.000000,0.391835,0.000000,0.000000,41.933091,0.0
302,2,0.000000,0.389815,0.000000,0.000000,40.674945,0.0
302,3,0.000000,0.390771,0.000000,0.000000,40.260677,0.0
302,4,0.000000,0.205726,0.000000,0.000000,39.938469,0.0
302,5,0.000000,0.191193,0.000000,0.000000,40.690288,0.0
302,6,0.000000,0.229746,0.000000,0.000000,43.344669,0.0
302,7,0.000000,0.405206,0.000000,0.000000,47.548719,0.0
302,8,0.000000,0.325353,0.000000,0.000000,51.722082,0.0
302,9,0.000000,0.253753,0.000000,0.000000,55.097596,0.0
302,10,0.000000,0.259630,0.000000,0.000000,57.138247,0.0
302,11,13.030724,0.425917,0.000000,0.000000,58.196931,758.3481455080439
302,12,22.162213,0.480454,0.000000,0.000000,57.997469,1285.3522614388971
302,13,20.325657,0.426703,0.000000,0.000000,59.255615,1204.409305814055
302,14,22.918446,0.592976,0.000000,0.000000,58.872034,1349.255532139164
302,15,21.291522,0.420273,0.000000,0.000000,56.064220,1193.69257354284
302,16,13.030724,0.418042,0.000000,0.000000,55.066909,717.561692712116
302,17,13.030724,0.416978,0.000000,0.000000,54.514552,710.364081095648
302,18,13.030724,0.418352,0.000000,0.000000,55.189655,719.1611619602199
302,19,21.907448,0.499853,0.000000,0.000000,60.713224,1330.0717976923518
302,20,22.918446,0.569377,0.000000,0.000000,61.863967,1417.825987035282
302,21,22.162213,0.431030,0.000000,0.000000,60.114837,1332.2778220542812
302,22,22.162213,0.474145,0.000000,0.000000,55.910788,1239.106792653844
302,23,13.030724,0.409625,0.000000,0.000000,50.847517,662.579960112308
302,24,0.000000,0.400045,0.000000,0.000000,45.922335,0.0
303,1,0.000000,-15.871629,0.000000,0.000000,77.813983,0.0
303,2,0.000000,-15.669460,0.000000,0.000000,75.479279,0.0
303,3,0.000000,-15.411323,0.000000,0.000000,74.710535,0.0
303,4,0.000000,-9.424953,0.000000,0.000000,74.112623,0.0
303,5,0.000000,-9.130373,0.000000,0.000000,75.507751,0.0
303,6,0.000000,-17.512783,0.000000,0.000000,80.433407,0.0
303,7,0.000000,-16.259993,0.000000,0.000000,88.234736,0.0
303,8,0.000000,-17.625546,0.000000,0.000000,95.979121,0.0
303,9,0.000000,-18.795361,0.000000,0.000000,102.242961,0.0
303,10,0.000000,-18.816225,0.000000,0.000000,106.029737,0.0
303,11,0.000000,-17.544847,0.000000,0.000000,107.994306,0.0
303,12,0.000000,-17.115735,0.000000,0.000000,107.624170,0.0
303,13,0.000000,-17.822949,0.000000,0.000000,109.958874,0.0
303,14,0.000000,-16.047851,0.000000,0.000000,109.247074,0.0
303,15,0.000000,-17.464166,0.000000,0.000000,104.036697,0.0
303,16,0.000000,-17.378288,0.000000,0.000000,102.186017,0.0
303,17,0.000000,-17.310435,0.000000,0.000000,101.161025,0.0
303,18,0.000000,-17.384687,0.000000,0.000000,102.413793,0.0
303,19,21.907448,-16.117761,0.000000,0.000000,112.663714,2468.1744559418717
303,20,0.000000,-16.160129,0.000000,0.000000,114.799114,0.0
303,21,0.000000,-17.612950,0.000000,0.000000,111.553306,0.0
303,22,0.000000,-16.745504,0.000000,0.000000,103.751977,0.0
303,23,0.000000,-16.894046,0.000000,0.000000,94.356216,0.0
303,24,0.000000,-16.299781,0.000000,0.000000,85.216704,0.0
304,1,0.000000,-0.941609,0.000000,0.000000,31.990193,0.0
304,2,0.000000,-0.862814,0.000000,0.000000,31.030370,0.0
304,3,0.000000,-0.730817,0.000000,0.000000,30.714331,0.0
304,4,0.000000,-1.363834,0.000000,0.000000,30.468523,0.0
304,5,0.000000,-1.504013,0.000000,0.000000,31.042075,0.0
304,6,0.000000,-1.881585,0.000000,0.000000,33.067067,0.0
304,7,0.000000,-1.008758,0.000000,0.000000,36.274280,0.0
304,8,0.000000,-1.691165,0.000000,0.000000,39.458083,0.0
304,9,0.000000,-2.282183,0.000000,0.000000,42.033217,0.0
304,10,0.000000,-2.240007,0.000000,0.000000,43.590003,0.0
304,11,16.972837,-1.439701,0.000000,0.000000,44.397659,753.5542293885829
304,12,28.866823,-1.184213,0.000000,0.000000,44.245492,1277.226786111916
304,13,26.474665,-1.565783,0.000000,0.000000,45.205315,1196.7955708444752
304,14,29.851836,-0.524592,0.000000,0.000000,44.912686,1340.726136791496
304,15,27.732728,-1.451186,0.000000,0.000000,42.770642,1186.1465809713761
304,16,16.972837,-1.429901,0.000000,0.000000,42.009807,713.025606612459
304,17,16.972837,-1.406881,0.000000,0.000000,41.588421,705.8734907203768
304,18,16.972837,-1.430212,0.000000,0.000000,42.103448,714.6149600419759
304,19,21.907448,-1.045083,0.000000,0.000000,46.317305,1014.6939507876399
304,20,29.851836,-0.522169,0.000000,0.000000,47.195191,1408.863101720676
304,21,28.866823,-1.426908,0.000000,0.000000,45.860804,1323.855711705692
304,22,28.866823,-1.035658,0.000000,0.000000,42.653591,1231.273661711393
304,23,16.972837,-1.272916,0.000000,0.000000,38.790889,658.3914360820929
304,24,0.000000,-1.073603,0.000000,0.000000,35.033534,0.0
305,1,0.000000,1.740993,0.000000,0.000000,30.693293,0.0
305,2,0.000000,1.740041,0.000000,0.000000,29.772382,0.0
305,3,0.000000,1.652709,0.000000,0.000000,29.469155,0.0
305,4,0.000000,0.382101,0.000000,0.000000,29.233312,0.0
305,5,0.000000,0.310896,0.000000,0.000000,29.783613,0.0
305,6,0.000000,0.874622,0.000000,0.000000,31.726511,0.0
305,7,0.000000,1.511759,0.000000,0.000000,34.803701,0.0
305,8,0.000000,1.031236,0.000000,0.000000,37.858431,0.0
305,9,0.000000,0.608249,0.000000,0.000000,40.329168,0.0
305,10,0.000000,0.470320,0.000000,0.000000,41.822841,0.0
305,11,13.983690,1.326220,0.000000,0.000000,42.597754,595.67378663226
305,12,23.782984,1.655958,0.000000,0.000000,42.451756,1009.629433719904
305,13,21.812117,1.376071,0.000000,0.000000,43.372667,946.049687206039
305,14,24.594523,2.107342,0.000000,0.000000,43.091901,1059.824750258223
305,15,22.848618,1.443628,0.000000,0.000000,41.036697,937.6318137347458
305,16,13.983690,1.476659,0.000000,0.000000,40.306707,563.63649560883
305,17,13.983690,1.485737,0.000000,0.000000,39.902404,557.9828477907599
305,18,13.983690,1.470699,0.000000,0.000000,40.396552,564.89286023688
305,19,21.907448,1.510978,0.000000,0.000000,44.439576,973.557700362048
305,20,24.594523,1.629869,0.000000,0.000000,45.281873,1113.686066981579
305,21,23.782984,1.218615,0.000000,0.000000,44.001582,1046.488920680688
305,22,23.782984,1.606278,0.000000,0.000000,40.924391,973.304136362744
305,23,13.983690,1.561484,0.000000,0.000000,37.218285,520.44895977165
305,24,0.000000,1.647314,0.000000,0.000000,33.613255,0.0
306,1,0.000000,3.168524,0.000000,0.000000,58.792787,0.0
306,2,0.000000,3.155016,0.000000,0.000000,57.028788,0.0
306,3,0.000000,3.016554,0.000000,0.000000,56.447959,0.0
306,4,0.000000,1.006434,0.000000,0.000000,55.996204,0.0
306,5,0.000000,0.899851,0.000000,0.000000,57.050301,0.0
306,6,0.000000,1.804230,0.000000,0.000000,60.771908,0.0
306,7,0.000000,2.869234,0.000000,0.000000,66.666245,0.0
306,8,0.000000,2.146091,0.000000,0.000000,72.517558,0.0
306,9,0.000000,1.506484,0.000000,0.000000,77.250237,0.0
306,10,0.000000,1.313594,0.000000,0.000000,80.111357,0.0
306,11,14.954272,2.685403,0.000000,0.000000,81.595698,1220.204261921856
306,12,25.433718,3.206025,0.000000,0.000000,81.316039,2068.169204803002
306,13,23.326057,2.772311,0.000000,0.000000,83.080038,1937.929701950166
306,14,26.301584,3.938378,0.000000,0.000000,82.542233,2170.9914747970715
306,15,24.434499,2.845808,0.000000,0.000000,78.605505,1920.6861333169948
306,16,14.954272,2.887133,0.000000,0.000000,77.207213,1154.5776635639359
306,17,14.954272,2.895827,0.000000,0.000000,76.432774,1142.996492110528
306,18,14.954272,2.879130,0.000000,0.000000,77.379310,1157.15124891232
306,19,21.907448,3.011702,0.000000,0.000000,85.123695,1864.8429217803598
306,20,26.301584,3.222665,0.000000,0.000000,86.737109,2281.323358280656
306,21,25.433718,2.538040,0.000000,0.000000,84.284720,2143.67380018896
306,22,25.433718,3.108613,0.000000,0.000000,78.390383,1993.758895133994
306,23,14.954272,2.977386,0.000000,0.000000,71.291363,1066.1104335527361
306,24,0.000000,3.062433,0.000000,0.000000,64.385954,0.0
307,1,0.000000,6.965256,0.000000,0.000000,54.037488,0.0
307,2,0.000000,6.772843,0.000000,0.000000,52.416166,0.0
307,3,0.000000,5.404162,0.000000,0.000000,51.882316,0.0
307,4,0.000000,2.553106,0.000000,0.000000,51.467099,0.0
307,5,0.000000,1.762207,0.000000,0.000000,52.435938,0.0
307,6,0.000000,2.098032,0.000000,0.000000,55.856533,0.0
307,7,0.000000,3.981085,0.000000,0.000000,61.274122,0.0
307,8,0.000000,3.800735,0.000000,0.000000,66.652167,0.0
307,9,0.000000,4.029691,0.000000,0.000000,71.002056,0.0
307,10,0.000000,5.241027,0.000000,0.000000,73.631762,0.0
307,11,17.883211,8.260379,0.000000,0.000000,74.996046,1341.1701147837061
307,12,30.415158,1.765634,0.000000,0.000000,74.739007,2273.1987066681063
307,13,27.894691,5.111916,0.000000,0.000000,76.360329,2130.047782113339
307,14,31.453004,2.908328,0.000000,0.000000,75.866023,2386.214324883092
307,15,29.220233,1.779090,0.000000,0.000000,72.247706,2111.094803035498
307,16,17.883211,8.186578,0.000000,0.000000,70.962512,1269.037575186032
307,17,17.883211,8.135383,0.000000,0.000000,70.250712,1256.3083055962318
307,18,17.883211,8.198282,0.000000,0.000000,71.120690,1271.8663057355898
307,19,21.907448,9.374201,0.000000,0.000000,78.238690,1714.01003276312
307,20,31.453004,2.877402,0.000000,0.000000,79.721607,2507.4840238574284
307,21,30.415158,1.433676,0.000000,0.000000,77.467574,2356.188503086692
307,22,30.415158,4.431965,0.000000,0.000000,72.049984,2191.411647257472
307,23,17.883211,7.794222,0.000000,0.000000,65.525150,1171.80008325665
307,24,0.000000,7.337331,0.000000,0.000000,59.178266,0.0
308,1,0.000000,5.076622,0.000000,0.000000,73.923284,0.0
308,2,0.000000,4.940876,0.000000,0.000000,71.705315,0.0
308,3,0.000000,3.590853,0.000000,0.000000,70.975008,0.0
308,4,0.000000,0.754309,0.000000,0.000000,70.406991,0.0
308,5,0.000000,-0.070452,0.000000,0.000000,71.732363,0.0
308,6,0.000000,0.145822,0.000000,0.000000,76.411737,0.0
308,7,0.000000,1.839529,0.000000,0.000000,83.822999,0.0
308,8,0.000000,1.471213,0.000000,0.000000,91.180164,0.0
308,9,0.000000,1.548139,0.000000,0.000000,97.130813,0.0
308,10,0.000000,2.667565,0.000000,0.000000,100.728251,0.0
308,11,17.883211,5.639235,0.000000,0.000000,102.594590,1834.7207004284899
308,12,30.415158,2.229112,0.000000,0.000000,102.242961,3109.735813202838
308,13,27.894691,3.916240,0.000000,0.000000,104.460930,2913.9053639226304
308,14,31.453004,3.332416,0.000000,0.000000,103.784720,3264.3412132988797
308,15,29.220233,2.017623,0.000000,0.000000,98.834862,2887.977696162846
308,16,17.883211,5.706408,0.000000,0.000000,97.076716,1736.043395415076
308,17,17.883211,5.680091,0.000000,0.000000,96.102974,1718.629761769514
308,18,17.883211,5.712584,0.000000,0.000000,97.293103,1739.913089793733
308,19,21.907448,6.639725,0.000000,0.000000,107.030528,2344.765726572544
308,20,31.453004,3.166735,0.000000,0.000000,109.059159,3430.238164263636
308,21,30.415158,1.801789,0.000000,0.000000,105.975641,3223.265865166278
308,22,30.415158,3.761671,0.000000,0.000000,98.564378,2997.8511300417244
308,23,17.883211,5.504090,0.000000,0.000000,89.638406,1603.022528201666
308,24,0.000000,5.269025,0.000000,0.000000,80.955868,0.0
309,1,0.000000,-3.939783,0.000000,0.000000,75.652483,0.0
309,2,0.000000,-3.737614,0.000000,0.000000,73.382632,0.0
309,3,0.000000,-3.479477,0.000000,0.000000,72.635242,0.0
309,4,0.000000,-4.464689,0.000000,0.000000,72.053939,0.0
309,5,0.000000,-4.741937,0.000000,0.000000,73.410313,0.0
309,6,0.000000,-5.580937,0.000000,0.000000,78.199146,0.0
309,7,0.000000,-4.328147,0.000000,0.000000,85.783771,0.0
309,8,0.000000,-5.693700,0.000000,0.000000,93.313034,0.0
309,9,0.000000,-6.863515,0.000000,0.000000,99.402879,0.0
309,10,0.000000,-6.884379,0.000000,0.000000,103.084467,0.0
309,11,20.201023,-5.613001,0.000000,0.000000,104.994464,2120.9955821366716
309,12,34.357213,-5.183889,0.000000,0.000000,104.634609,3594.9535485847173
309,13,31.510073,-5.891103,0.000000,0.000000,106.904461,3368.5673701356527
309,14,35.529572,-4.116004,0.000000,0.000000,106.212433,3773.6822855686764
309,15,33.007416,-5.532320,0.000000,0.000000,101.146789,3338.594141587224
309,16,20.201023,-5.446441,0.000000,0.000000,99.347517,2006.921475909891
309,17,20.201023,-5.378589,0.000000,0.000000,98.350997,1986.790752469931
309,18,20.201023,-5.452841,0.000000,0.000000,99.568966,2011.394972252218
309,19,21.907448,-5.070165,0.000000,0.000000,109.534166,2399.6140458683676
309,20,35.529572,-4.228283,0.000000,0.000000,111.610250,3965.464413313
309,21,34.357213,-5.681104,0.000000,0.000000,108.454603,3726.1978961014393
309,22,34.357213,-4.813658,0.000000,0.000000,100.869978,3465.611319451314
309,23,20.201023,-4.962200,0.000000,0.000000,91.735210,1853.14508711983
309,24,0.000000,-4.367935,0.000000,0.000000,82.849573,0.0
310,1,0.000000,1.995868,0.000000,0.000000,84.298482,0.0
310,2,0.000000,2.040364,0.000000,0.000000,81.769219,0.0
310,3,0.000000,1.877906,0.000000,0.000000,80.936412,0.0
310,4,0.000000,-0.696265,0.000000,0.000000,80.288674,0.0
310,5,0.000000,-0.868934,0.000000,0.000000,81.800063,0.0
310,6,0.000000,0.180452,0.000000,0.000000,87.136191,0.0
310,7,0.000000,1.322062,0.000000,0.000000,95.587630,0.0
310,8,0.000000,0.190035,0.000000,0.000000,103.977381,0.0
310,9,0.000000,-0.795442,0.000000,0.000000,110.763208,0.0
310,10,0.000000,-1.151480,0.000000,0.000000,114.865549,0.0
310,11,15.565400,0.551457,0.000000,0.000000,116.993831,1821.0557770474
310,12,26.473103,1.229931,0.000000,0.000000,116.592850,3086.5745271135497
310,13,24.279309,0.613847,0.000000,0.000000,119.122113,2892.202590259917
310,14,27.376435,2.116354,0.000000,0.000000,118.350997,3240.028376555695
310,15,25.433050,0.869125,0.000000,0.000000,112.706422,2866.4680660471004
310,16,15.565400,0.973159,0.000000,0.000000,110.701518,1723.1134082771998
310,17,15.565400,1.012020,0.000000,0.000000,109.591110,1705.8294635940001
310,18,15.565400,0.956500,0.000000,0.000000,110.948276,1726.9542952504
310,19,21.907448,0.834628,0.000000,0.000000,122.052357,2673.855664254936
310,20,27.376435,1.034137,0.000000,0.000000,124.365707,3404.689693914545
310,21,26.473103,0.261668,0.000000,0.000000,120.849415,3199.2590107847445
310,22,26.473103,1.205828,0.000000,0.000000,112.397975,2975.523169166425
310,23,15.565400,1.301522,0.000000,0.000000,102.219234,1591.0832649036001
310,24,0.000000,1.657979,0.000000,0.000000,92.318096,0.0
311,1,0.000000,-1.769535,0.000000,0.000000,0.000000,0.0
311,2,0.000000,-1.375170,0.000000,0.000000,0.000000,0.0
311,3,0.000000,-0.396138,0.000000,0.000000,0.000000,0.0
311,4,0.000000,-4.237044,0.000000,0.000000,0.000000,0.0
311,5,0.000000,-4.455423,0.000000,0.000000,0.000000,0.0
311,6,0.000000,-2.750362,0.000000,0.000000,0.000000,0.0
311,7,0.000000,-1.203692,0.000000,0.000000,0.000000,0.0
311,8,0.000000,-3.785690,0.000000,0.000000,0.000000,0.0
311,9,0.000000,-5.812618,0.000000,0.000000,0.000000,0.0
311,10,0.000000,-6.250917,0.000000,0.000000,0.000000,0.0
311,11,15.968980,-5.118053,0.000000,0.000000,0.000000,0.0
311,12,27.159498,-3.475262,0.000000,0.000000,0.000000,0.0
311,13,24.908823,-5.143812,0.000000,0.000000,0.000000,0.0
311,14,28.086251,-2.262157,0.000000,0.000000,0.000000,0.0
311,15,26.092478,-3.847771,0.000000,0.000000,0.000000,0.0
311,16,15.968980,-4.725265,0.000000,0.000000,0.000000,0.0
311,17,15.968980,-4.639884,0.000000,0.000000,0.000000,0.0
311,18,15.968980,-4.814029,0.000000,0.000000,0.000000,0.0
311,19,21.907448,-5.728192,0.000000,0.000000,0.000000,0.0
311,20,28.086251,-4.445861,0.000000,0.000000,0.000000,0.0
311,21,27.159498,-5.194839,0.000000,0.000000,0.000000,0.0
311,22,27.159498,-3.776478,0.000000,0.000000,0.000000,0.0
311,23,15.968980,-3.658529,0.000000,0.000000,0.000000,0.0
311,24,0.000000,-2.798156,0.000000,0.000000,0.000000,0.0
312,1,0.000000,-1.340739,0.000000,0.000000,0.000000,0.0
312,2,0.000000,-0.933870,0.000000,0.000000,0.000000,0.0
312,3,0.000000,-0.647261,0.000000,0.000000,0.000000,0.0
312,4,0.000000,-3.649537,0.000000,0.000000,0.000000,0.0
312,5,0.000000,-3.706493,0.000000,0.000000,0.000000,0.0
312,6,0.000000,-2.463229,0.000000,0.000000,0.000000,0.0
312,7,0.000000,-1.808628,0.000000,0.000000,0.000000,0.0
312,8,0.000000,-3.473855,0.000000,0.000000,0.000000,0.0
312,9,0.000000,-5.310869,0.000000,0.000000,0.000000,0.0
312,10,0.000000,-5.778982,0.000000,0.000000,0.000000,0.0
312,11,16.350780,-4.927924,0.000000,0.000000,0.000000,0.0
312,12,27.808851,-3.451541,0.000000,0.000000,0.000000,0.0
312,13,25.504365,-4.909476,0.000000,0.000000,0.000000,0.0
312,14,28.757762,-2.452917,0.000000,0.000000,0.000000,0.0
312,15,26.716320,-3.832627,0.000000,0.000000,0.000000,0.0
312,16,16.350780,-4.345021,0.000000,0.000000,0.000000,0.0
312,17,16.350780,-4.193735,0.000000,0.000000,0.000000,0.0
312,18,16.350780,-4.335895,0.000000,0.000000,0.000000,0.0
312,19,21.907448,-5.262706,0.000000,0.000000,0.000000,0.0
312,20,28.757762,-4.299246,0.000000,0.000000,0.000000,0.0
312,21,27.808851,-5.090036,0.000000,0.000000,0.000000,0.0
312,22,27.808851,-3.670737,0.000000,0.000000,0.000000,0.0
312,23,16.350780,-3.497687,0.000000,0.000000,0.000000,0.0
312,24,0.000000,-2.214265,0.000000,0.000000,0.000000,0.0
313,1,0.000000,-0.731168,0.000000,0.000000,114.559475,0.0
313,2,0.000000,-0.256923,0.000000,0.000000,111.122271,0.0
313,3,0.000000,0.669153,0.000000,0.000000,109.990509,0.0
313,4,0.000000,-3.359436,0.000000,0.000000,109.110250,0.0
313,5,0.000000,-3.388040,0.000000,0.000000,111.164189,0.0
313,6,0.000000,-1.579980,0.000000,0.000000,118.415849,0.0
313,7,0.000000,-0.205709,0.000000,0.000000,129.901139,0.0
313,8,0.000000,-3.358464,0.000000,0.000000,141.302594,0.0
313,9,0.000000,-4.322219,0.000000,0.000000,150.524359,0.0
313,10,0.000000,-5.850526,0.000000,0.000000,156.099336,0.0
313,11,15.731579,-6.010753,0.000000,0.000000,158.991617,2501.189183173243
313,12,26.755735,-4.516378,0.000000,0.000000,158.446694,4239.35775629009
313,13,24.538520,-6.276732,0.000000,0.000000,161.883897,3972.3912442124397
313,14,27.668712,-3.896347,0.000000,0.000000,160.835970,4450.12413317064
313,15,25.704578,-4.943719,0.000000,0.000000,153.165138,3937.0452366017644
313,16,15.731579,-5.311187,0.000000,0.000000,150.440525,2366.6670038389752
313,17,15.731579,-4.952345,0.000000,0.000000,148.931509,2342.927799422711
313,18,15.731579,-5.100294,0.000000,0.000000,150.775862,2371.9423843460977
313,19,21.907448,-6.959477,0.000000,0.000000,165.866023,3633.701273839304
313,20,27.668712,-6.196716,0.000000,0.000000,169.009807,4676.283675058584
313,21,26.755735,-6.791019,0.000000,0.000000,164.231256,4394.12796425316
313,22,26.755735,-4.933533,0.000000,0.000000,152.745966,4086.8305886150106
313,23,15.731579,-4.500923,0.000000,0.000000,138.913319,2185.325852000701
313,24,0.000000,-1.732077,0.000000,0.000000,125.457925,0.0
314,1,0.000000,-3.479466,0.000000,0.000000,83.866182,0.0
314,2,0.000000,-2.889347,0.000000,0.000000,81.349889,0.0
314,3,0.000000,-0.951719,0.000000,0.000000,80.521354,0.0
314,4,0.000000,-6.638670,0.000000,0.000000,79.876938,0.0
314,5,0.000000,-7.017041,0.000000,0.000000,81.380576,0.0
314,6,0.000000,-3.844131,0.000000,0.000000,86.689339,0.0
314,7,0.000000,-1.804416,0.000000,0.000000,95.097438,0.0
314,8,0.000000,-5.191780,0.000000,0.000000,103.444163,0.0
314,9,0.000000,-9.078087,0.000000,0.000000,110.195191,0.0
314,10,0.000000,-8.805792,0.000000,0.000000,114.276495,0.0
314,11,14.321123,-6.889536,0.000000,0.000000,116.393863,1666.890828468149
314,12,24.356879,-4.052684,0.000000,0.000000,115.994938,2825.274669478502
314,13,22.338454,-6.626030,0.000000,0.000000,118.511231,2647.357682176874
314,14,25.188000,-2.089218,0.000000,0.000000,117.744068,2965.737584784
314,15,23.399966,-4.394669,0.000000,0.000000,112.128440,2623.80168363304
314,16,14.321123,-6.669603,0.000000,0.000000,110.133818,1577.239954037614
314,17,14.321123,-6.792075,0.000000,0.000000,109.029105,1561.419223284915
314,18,14.321123,-7.096069,0.000000,0.000000,110.379310,1580.75567516513
314,19,21.907448,-8.203164,0.000000,0.000000,121.426447,2660.143573477256
314,20,25.188000,-5.718990,0.000000,0.000000,123.727934,3116.4592015919998
314,21,24.356879,-6.250065,0.000000,0.000000,120.229674,2928.419621827446
314,22,24.356879,-4.714908,0.000000,0.000000,111.821575,2723.624571864425
314,23,14.321123,-4.731959,0.000000,0.000000,101.695033,1456.387076082059
314,24,0.000000,-5.164086,0.000000,0.000000,91.844669,0.0
315,1,0.000000,-9.429836,0.000000,0.000000,137.039070,0.0
315,2,0.000000,-7.864846,0.000000,0.000000,132.927396,0.0
315,3,0.000000,-4.147841,0.000000,0.000000,131.573553,0.0
315,4,0.000000,-12.943510,0.000000,0.000000,130.520563,0.0
315,5,0.000000,-12.267412,0.000000,0.000000,132.977539,0.0
315,6,0.000000,-9.010585,0.000000,0.000000,141.652167,0.0
315,7,0.000000,-6.491056,0.000000,0.000000,155.391174,0.0
315,8,0.000000,-11.353306,0.000000,0.000000,169.029896,0.0
315,9,0.000000,-14.003760,0.000000,0.000000,180.061215,0.0
315,10,0.000000,-12.520185,0.000000,0.000000,186.730149,0.0
315,11,10.908070,-12.687971,0.000000,0.000000,190.189972,2074.60552787404
315,12,18.552074,-9.333085,0.000000,0.000000,189.538121,3516.325246612954
315,13,17.014687,-13.262442,0.000000,0.000000,193.649794,3294.890632524478
315,14,19.185120,-6.267499,0.000000,0.000000,192.396235,3691.1448560232
315,15,17.823216,-9.508257,0.000000,0.000000,183.220183,3265.5728971685276
315,16,10.908070,-13.757386,0.000000,0.000000,179.960930,1963.0264217051
315,17,10.908070,-14.170517,0.000000,0.000000,178.155805,1943.33599184635
315,18,10.908070,-14.705217,0.000000,0.000000,180.362069,1967.40207399683
315,19,21.907448,-15.926346,0.000000,0.000000,198.413319,4346.7294684999115
315,20,19.185120,-12.112550,0.000000,0.000000,202.173996,3878.73237413952
315,21,18.552074,-12.246708,0.000000,0.000000,196.457767,3644.699031258758
315,22,18.552074,-10.307993,0.000000,0.000000,182.718760,3389.8119567082404
315,23,10.908070,-10.243274,0.000000,0.000000,166.171781,1812.61341917267
315,24,0.000000,-12.290614,0.000000,0.000000,150.076083,0.0
316,1,0.000000,-8.716567,0.000000,0.000000,43.229991,0.0
316,2,0.000000,-7.178764,0.000000,0.000000,41.932933,0.0
316,3,0.000000,-3.435521,0.000000,0.000000,41.505853,0.0
316,4,0.000000,-12.712583,0.000000,0.000000,41.173679,0.0
316,5,0.000000,-12.130417,0.000000,0.000000,41.948750,0.0
316,6,0.000000,-8.311107,0.000000,0.000000,44.685226,0.0
316,7,0.000000,-5.863012,0.000000,0.000000,49.019298,0.0
316,8,0.000000,-10.663880,0.000000,0.000000,53.321734,0.0
316,9,0.000000,-13.471819,0.000000,0.000000,56.801645,0.0
316,10,0.000000,-12.216515,0.000000,0.000000,58.905410,0.0
316,11,12.006276,-12.203053,0.000000,0.000000,59.996836,720.338572142736
316,12,20.419866,-8.784978,0.000000,0.000000,59.791205,1220.92839407853
316,13,18.727697,-12.714408,0.000000,0.000000,61.088263,1144.042479720311
316,14,21.116646,-5.826560,0.000000,0.000000,60.692819,1281.628773565074
316,15,19.617628,-8.953378,0.000000,0.000000,57.798165,1133.86290005262
316,16,12.006276,-13.123955,0.000000,0.000000,56.770009,681.596396576484
316,17,12.006276,-13.501067,0.000000,0.000000,56.200569,674.759542771044
316,18,12.006276,-14.033110,0.000000,0.000000,56.896552,683.1157067603519
316,19,21.907448,-15.784672,0.000000,0.000000,62.590952,1371.208026210496
316,20,21.116646,-11.689995,0.000000,0.000000,63.777286,1346.7623713027558
316,21,20.419866,-11.796711,0.000000,0.000000,61.974059,1265.501980256094
316,22,20.419866,-9.813252,0.000000,0.000000,57.639987,1177.0008107817418
316,23,12.006276,-9.677623,0.000000,0.000000,52.420120,629.3704286731199
316,24,0.000000,-11.592420,0.000000,0.000000,47.342613,0.0
317,1,0.000000,-13.948087,0.000000,0.000000,0.000000,0.0
317,2,0.000000,-11.688720,0.000000,0.000000,0.000000,0.0
317,3,0.000000,-6.277612,0.000000,0.000000,0.000000,0.0
317,4,0.000000,-19.350355,0.000000,0.000000,0.000000,0.0
317,5,0.000000,-18.362103,0.000000,0.000000,0.000000,0.0
317,6,0.000000,-12.931776,0.000000,0.000000,0.000000,0.0
317,7,0.000000,-10.246370,0.000000,0.000000,0.000000,0.0
317,8,0.000000,-16.388568,0.000000,0.000000,0.000000,0.0
317,9,0.000000,-19.496636,0.000000,0.000000,0.000000,0.0
317,10,0.000000,-17.660892,0.000000,0.000000,0.000000,0.0
317,11,11.619662,-17.795322,0.000000,0.000000,0.000000,0.0
317,12,19.762327,-14.055305,0.000000,0.000000,0.000000,0.0
317,13,18.124647,-19.244724,0.000000,0.000000,0.000000,0.0
317,14,20.436670,-10.114843,0.000000,0.000000,0.000000,0.0
317,15,18.985921,-13.982440,0.000000,0.000000,0.000000,0.0
317,16,11.619662,-19.792744,0.000000,0.000000,0.000000,0.0
317,17,11.619662,-20.366557,0.000000,0.000000,0.000000,0.0
317,18,11.619662,-21.128113,0.000000,0.000000,0.000000,0.0
317,19,21.907448,-22.479305,0.000000,0.000000,0.000000,0.0
317,20,20.436670,-18.304952,0.000000,0.000000,0.000000,0.0
317,21,19.762327,-17.947694,0.000000,0.000000,0.000000,0.0
317,22,19.762327,-15.409938,0.000000,0.000000,0.000000,0.0
317,23,11.619662,-14.901178,0.000000,0.000000,0.000000,0.0
317,24,0.000000,-18.067042,0.000000,0.000000,0.000000,0.0
318,1,0.000000,-11.983581,0.000000,0.000000,143.955868,0.0
318,2,0.000000,-9.924567,0.000000,0.000000,139.636666,0.0
318,3,0.000000,-4.950275,0.000000,0.000000,138.214489,0.0
318,4,0.000000,-16.946988,0.000000,0.000000,137.108352,0.0
318,5,0.000000,-16.023005,0.000000,0.000000,139.689339,0.0
318,6,0.000000,-11.090718,0.000000,0.000000,148.801803,0.0
318,7,0.000000,-8.364964,0.000000,0.000000,163.234261,0.0
318,8,0.000000,-14.101540,0.000000,0.000000,177.561373,0.0
318,9,0.000000,-17.027707,0.000000,0.000000,189.149478,0.0
318,10,0.000000,-15.241122,0.000000,0.000000,196.155014,0.0
318,11,11.439590,-15.540916,0.000000,0.000000,199.789465,2285.5095659193503
318,12,19.456065,-11.906649,0.000000,0.000000,199.104714,3873.7942573904097
318,13,17.843764,-16.754109,0.000000,0.000000,203.423916,3629.8483490598237
318,14,20.119957,-8.164057,0.000000,0.000000,202.107086,4066.385879715302
318,15,18.691691,-11.931066,0.000000,0.000000,192.467890,3597.55032730199
318,16,11.439590,-17.381285,0.000000,0.000000,189.044132,2162.58736198588
318,17,11.439590,-17.937398,0.000000,0.000000,187.147896,2140.8951996026403
318,18,11.439590,-18.633035,0.000000,0.000000,189.465517,2167.40783361803
318,19,21.907448,-19.808834,0.000000,0.000000,208.427871,4566.1227456832075
318,20,20.119957,-15.686552,0.000000,0.000000,212.378361,4273.043491050477
318,21,19.456065,-15.464149,0.000000,0.000000,206.373616,4015.2184871810396
318,22,19.456065,-13.127033,0.000000,0.000000,191.941158,3734.41964622327
318,23,11.439590,-12.828460,0.000000,0.000000,174.559000,1996.88339081
318,24,0.000000,-15.706029,0.000000,0.000000,157.650902,0.0
319,1,0.000000,-5.734943,0.000000,0.000000,78.246283,0.0
319,2,0.000000,-4.485698,0.000000,0.000000,75.898608,0.0
319,3,0.000000,-1.472864,0.000000,0.000000,75.125593,0.0
319,4,0.000000,-9.438660,0.000000,0.000000,74.524359,0.0
319,5,0.000000,-8.978576,0.000000,0.000000,75.927238,0.0
319,6,0.000000,-5.607467,0.000000,0.000000,80.880259,0.0
319,7,0.000000,-3.363862,0.000000,0.000000,88.724929,0.0
319,8,0.000000,-7.502848,0.000000,0.000000,96.512338,0.0
319,9,0.000000,-9.883833,0.000000,0.000000,102.810978,0.0
319,10,0.000000,-9.095348,0.000000,0.000000,106.618792,0.0
319,11,12.931691,-9.461992,0.000000,0.000000,108.594274,1404.3075957373342
319,12,21.993781,-6.013929,0.000000,0.000000,108.222082,2380.212770872042
319,13,20.171183,-9.374590,0.000000,0.000000,110.569756,2230.322782541348
319,14,22.744267,-3.527632,0.000000,0.000000,109.854002,2498.548752506534
319,15,21.129708,-6.292662,0.000000,0.000000,104.614679,2210.477619783732
319,16,12.931691,-9.631868,0.000000,0.000000,102.753717,1328.779317345447
319,17,12.931691,-9.878006,0.000000,0.000000,101.723031,1315.4508044754211
319,18,12.931691,-10.301494,0.000000,0.000000,102.982759,1331.741217715469
319,19,21.907448,-11.817074,0.000000,0.000000,113.289624,2481.886546719552
319,20,22.744267,-8.434750,0.000000,0.000000,115.436887,2625.527379576829
319,21,21.993781,-8.725585,0.000000,0.000000,112.173047,2467.1094298207067
319,22,21.993781,-6.940053,0.000000,0.000000,104.328377,2294.575475823437
319,23,12.931691,-6.910257,0.000000,0.000000,94.880418,1226.964247526838
319,24,0.000000,-8.050096,0.000000,0.000000,85.690130,0.0
320,1,0.000000,-4.038862,0.000000,0.000000,55.334388,0.0
320,2,0.000000,-3.013635,0.000000,0.000000,53.674154,0.0
320,3,0.000000,-0.627082,0.000000,0.000000,53.127491,0.0
320,4,0.000000,-7.445757,0.000000,0.000000,52.702309,0.0
320,5,0.000000,-7.107907,0.000000,0.000000,53.694400,0.0
320,6,0.000000,-4.183295,0.000000,0.000000,57.197090,0.0
320,7,0.000000,-2.207400,0.000000,0.000000,62.744701,0.0
320,8,0.000000,-5.860074,0.000000,0.000000,68.251819,0.0
320,9,0.000000,-7.941971,0.000000,0.000000,72.706106,0.0
320,10,0.000000,-7.603052,0.000000,0.000000,75.398924,0.0
320,11,13.736400,-7.920451,0.000000,0.000000,76.795951,1054.8999013164
320,12,23.362402,-4.844456,0.000000,0.000000,76.532743,1787.9887081286859
320,13,21.426388,-7.737437,0.000000,0.000000,78.192977,1675.393064077076
320,14,24.159589,-2.787399,0.000000,0.000000,77.686808,1876.881352001912
320,15,22.444560,-5.177792,0.000000,0.000000,73.981651,1660.4856047685598
320,16,13.736400,-7.772741,0.000000,0.000000,72.665612,998.1639126767999
320,17,13.736400,-7.893178,0.000000,0.000000,71.936729,988.1516842356
320,18,13.736400,-8.236707,0.000000,0.000000,72.827586,1000.3888523303999
320,19,21.907448,-9.665192,0.000000,0.000000,80.116419,1755.1462831887118
320,20,24.159589,-6.926912,0.000000,0.000000,81.634926,1972.2662602054138
320,21,23.362402,-7.340450,0.000000,0.000000,79.326795,1853.26447416159
320,22,23.362402,-5.637135,0.000000,0.000000,73.779184,1723.658955839968
320,23,13.736400,-5.591102,0.000000,0.000000,67.097754,921.6815880455999
320,24,0.000000,-5.951751,0.000000,0.000000,60.598545,0.0
321,1,0.000000,-11.231645,0.000000,0.000000,0.000000,0.0
321,2,0.000000,-9.326502,0.000000,0.000000,0.000000,0.0
321,3,0.000000,-4.747231,0.000000,0.000000,0.000000,0.0
321,4,0.000000,-15.736534,0.000000,0.000000,0.000000,0.0
321,5,0.000000,-14.891456,0.000000,0.000000,0.000000,0.0
321,6,0.000000,-10.489507,0.000000,0.000000,0.000000,0.0
321,7,0.000000,-7.833787,0.000000,0.000000,0.000000,0.0
321,8,0.000000,-13.300430,0.000000,0.000000,0.000000,0.0
321,9,0.000000,-16.144001,0.000000,0.000000,0.000000,0.0
321,10,0.000000,-14.455243,0.000000,0.000000,0.000000,0.0
321,11,11.272379,-14.935661,0.000000,0.000000,0.000000,0.0
321,12,19.171679,-11.394489,0.000000,0.000000,0.000000,0.0
321,13,17.582945,-15.956588,0.000000,0.000000,0.000000,0.0
321,14,19.825867,-7.857998,0.000000,0.000000,0.000000,0.0
321,15,18.418478,-11.459806,0.000000,0.000000,0.000000,0.0
321,16,11.272379,-16.550160,0.000000,0.000000,0.000000,0.0
321,17,11.272379,-17.075713,0.000000,0.000000,0.000000,0.0
321,18,11.272379,-17.727401,0.000000,0.000000,0.000000,0.0
321,19,21.907448,-18.881576,0.000000,0.000000,0.000000,0.0
321,20,19.825867,-14.837070,0.000000,0.000000,0.000000,0.0
321,21,19.171679,-14.695164,0.000000,0.000000,0.000000,0.0
321,22,19.171679,-12.436858,0.000000,0.000000,0.000000,0.0
321,23,11.272379,-12.203988,0.000000,0.000000,0.000000,0.0
321,24,0.000000,-14.687915,0.000000,0.000000,0.000000,0.0
322,1,0.000000,-12.299379,0.000000,0.000000,0.000000,0.0
322,2,0.000000,-10.255004,0.000000,0.000000,0.000000,0.0
322,3,0.000000,-5.348768,0.000000,0.000000,0.000000,0.0
322,4,0.000000,-17.156995,0.000000,0.000000,0.000000,0.0
322,5,0.000000,-16.255641,0.000000,0.000000,0.000000,0.0
322,6,0.000000,-11.449474,0.000000,0.000000,0.000000,0.0
322,7,0.000000,-8.782085,0.000000,0.000000,0.000000,0.0
322,8,0.000000,-14.514264,0.000000,0.000000,0.000000,0.0
322,9,0.000000,-17.461800,0.000000,0.000000,0.000000,0.0
322,10,0.000000,-15.715267,0.000000,0.000000,0.000000,0.0
322,11,11.408884,-18.008196,0.000000,0.000000,0.000000,0.0
322,12,19.403841,-14.436948,0.000000,0.000000,0.000000,0.0
322,13,17.795868,-19.262570,0.000000,0.000000,0.000000,0.0
322,14,20.065951,-10.671518,0.000000,0.000000,0.000000,0.0
322,15,18.641519,-14.411298,0.000000,0.000000,0.000000,0.0
322,16,11.408884,-19.954107,0.000000,0.000000,0.000000,0.0
322,17,11.408884,-20.631841,0.000000,0.000000,0.000000,0.0
322,18,11.408884,-21.378343,0.000000,0.000000,0.000000,0.0
322,19,21.907448,-22.233578,0.000000,0.000000,0.000000,0.0
322,20,20.065951,-17.955558,0.000000,0.000000,0.000000,0.0
322,21,19.403841,-17.468495,0.000000,0.000000,0.000000,0.0
322,22,19.403841,-14.735397,0.000000,0.000000,0.000000,0.0
322,23,11.408884,-14.379502,0.000000,0.000000,0.000000,0.0
322,24,0.000000,-16.016126,0.000000,0.000000,0.000000,0.0
323,1,0.000000,-3.454764,0.000000,0.000000,0.000000,0.0
323,2,0.000000,-2.542284,0.000000,0.000000,0.000000,0.0
323,3,0.000000,-0.496740,0.000000,0.000000,0.000000,0.0
323,4,0.000000,-6.681819,0.000000,0.000000,0.000000,0.0
323,5,0.000000,-6.417450,0.000000,0.000000,0.000000,0.0
323,6,0.000000,-3.760487,0.000000,0.000000,0.000000,0.0
323,7,0.000000,-1.966797,0.000000,0.000000,0.000000,0.0
323,8,0.000000,-5.386708,0.000000,0.000000,0.000000,0.0
323,9,0.000000,-7.332181,0.000000,0.000000,0.000000,0.0
323,10,0.000000,-7.257493,0.000000,0.000000,0.000000,0.0
323,11,14.178990,-7.451991,0.000000,0.000000,0.000000,0.0
323,12,24.115144,-4.683596,0.000000,0.000000,0.000000,0.0
323,13,22.116751,-7.329817,0.000000,0.000000,0.000000,0.0
323,14,24.938017,-2.869894,0.000000,0.000000,0.000000,0.0
323,15,23.167729,-5.030886,0.000000,0.000000,0.000000,0.0
323,16,14.178990,-7.208198,0.000000,0.000000,0.000000,0.0
323,17,14.178990,-7.254906,0.000000,0.000000,0.000000,0.0
323,18,14.178990,-7.560072,0.000000,0.000000,0.000000,0.0
323,19,21.907448,-8.986593,0.000000,0.000000,0.000000,0.0
323,20,24.938017,-6.612108,0.000000,0.000000,0.000000,0.0
323,21,24.115144,-7.078585,0.000000,0.000000,0.000000,0.0
323,22,24.115144,-5.385526,0.000000,0.000000,0.000000,0.0
323,23,14.178990,-5.288453,0.000000,0.000000,0.000000,0.0
323,24,0.000000,-5.179585,0.000000,0.000000,0.000000,0.0
324,1,0.000000,-11.870265,0.000000,0.000000,0.000000,0.0
324,2,0.000000,-10.821570,0.000000,0.000000,0.000000,0.0
324,3,0.000000,-8.974604,0.000000,0.000000,0.000000,0.0
324,4,0.000000,-11.610529,0.000000,0.000000,0.000000,0.0
324,5,0.000000,-11.078967,0.000000,0.000000,0.000000,0.0
324,6,0.000000,-12.231583,0.000000,0.000000,0.000000,0.0
324,7,0.000000,-10.191950,0.000000,0.000000,0.000000,0.0
324,8,0.000000,-14.365512,0.000000,0.000000,0.000000,0.0
324,9,0.000000,-16.453031,0.000000,0.000000,0.000000,0.0
324,10,0.000000,-14.905396,0.000000,0.000000,0.000000,0.0
324,11,6.775623,-15.067125,0.000000,0.000000,0.000000,0.0
324,12,11.523750,-12.281488,0.000000,0.000000,0.000000,0.0
324,13,10.568790,-14.990158,0.000000,0.000000,0.000000,0.0
324,14,11.916970,-9.972718,0.000000,0.000000,0.000000,0.0
324,15,11.071014,-12.522298,0.000000,0.000000,0.000000,0.0
324,16,6.775623,-15.129139,0.000000,0.000000,0.000000,0.0
324,17,6.775623,-15.360053,0.000000,0.000000,0.000000,0.0
324,18,6.775623,-15.720316,0.000000,0.000000,0.000000,0.0
324,19,21.907448,-15.998862,0.000000,0.000000,0.000000,0.0
324,20,11.916970,-13.645947,0.000000,0.000000,0.000000,0.0
324,21,11.523750,-14.279672,0.000000,0.000000,0.000000,0.0
324,22,11.523750,-12.746800,0.000000,0.000000,0.000000,0.0
324,23,6.775623,-12.762873,0.000000,0.000000,0.000000,0.0
324,24,0.000000,-13.809459,0.000000,0.000000,0.000000,0.0
325,1,0.000000,-3.454764,0.000000,0.000000,0.000000,0.0
325,2,0.000000,-2.542284,0.000000,0.000000,0.000000,0.0
325,3,0.000000,-0.496740,0.000000,0.000000,0.000000,0.0
325,4,0.000000,-6.681819,0.000000,0.000000,0.000000,0.0
325,5,0.000000,-6.417450,0.000000,0.000000,0.000000,0.0
325,6,0.000000,-3.760487,0.000000,0.000000,0.000000,0.0
325,7,0.000000,-1.966797,0.000000,0.000000,0.000000,0.0
325,8,0.000000,-5.386708,0.000000,0.000000,0.000000,0.0
325,9,0.000000,-7.332181,0.000000,0.000000,0.000000,0.0
325,10,0.000000,-7.257493,0.000000,0.000000,0.000000,0.0
325,11,14.178990,-7.451991,0.000000,0.000000,0.000000,0.0
325,12,24.115144,-4.683596,0.000000,0.000000,0.000000,0.0
325,13,22.116751,-7.329817,0.000000,0.000000,0.000000,0.0
325,14,24.938017,-2.869894,0.000000,0.000000,0.000000,0.0
325,15,23.167729,-5.030886,0.000000,0.000000,0.000000,0.0
325,16,14.178990,-7.208198,0.000000,0.000000,0.000000,0.0
325,17,14.178990,-7.254906,0.000000,0.000000,0.000000,0.0
325,18,14.178990,-7.560072,0.000000,0.000000,0.000000,0.0
325,19,21.907448,-8.986593,0.000000,0.000000,0.000000,0.0
325,20,24.938017,-6.612108,0.000000,0.000000,0.000000,0.0
325,21,24.115144,-7.078585,0.000000,0.000000,0.000000,0.0
325,22,24.115144,-5.385526,0.000000,0.000000,0.000000,0.0
325,23,14.178990,-5.288453,0.000000,0.000000,0.000000,0.0
325,24,0.000000,-5.179585,0.000000,0.000000,0.000000,0.0
