,hour,dispatch,dual,offer,lmp,capacity
324_PV_1-1,1,36.866667,0.000000,0.000000,0.000000,36.866667
313_RTPV_3-1,1,47.350000,0.000000,0.000000,0.000000,47.350000
319_PV_1-1,1,122.316667,0.000000,0.000000,0.000000,122.316667
320_RTPV_6-1,1,6.366667,0.000000,0.000000,0.000000,6.366667
310_PV_2-1,1,0.000000,0.000000,0.000000,0.000000,34.475000
313_PV_1-1,1,22.959400,0.000000,0.000000,0.000000,66.791667
320_RTPV_2-1,1,18.841667,0.000000,0.000000,0.000000,18.841667
313_RTPV_1-1,1,0.000000,0.000000,0.000000,0.000000,71.325000
313_RTPV_12-1,1,18.725000,0.000000,0.000000,0.000000,18.725000
320_RTPV_5-1,1,16.183333,0.000000,0.000000,0.000000,16.183333
313_RTPV_10-1,1,0.000000,0.000000,0.000000,0.000000,44.825000
314_PV_1-1,1,31.816667,0.000000,0.000000,0.000000,31.816667
313_RTPV_2-1,1,0.000000,0.000000,0.000000,0.000000,48.216667
310_PV_1-1,1,-0.000000,0.000000,0.000000,0.000000,36.000000
313_RTPV_4-1,1,0.000000,0.000000,0.000000,0.000000,42.716667
320_RTPV_3-1,1,19.266667,0.000000,0.000000,0.000000,19.266667
313_RTPV_8-1,1,46.025000,0.000000,0.000000,0.000000,46.025000
313_RTPV_13-1,1,17.858333,0.000000,0.000000,0.000000,17.858333
313_RTPV_5-1,1,0.000000,0.000000,0.000000,0.000000,41.641667
309_WIND_1-1,1,63.700000,0.000000,0.000000,0.000000,63.700000
314_PV_3-1,1,0.000000,0.000000,0.000000,0.000000,72.266667
313_RTPV_7-1,1,0.000000,0.000000,0.000000,0.000000,38.616667
320_RTPV_1-1,1,19.200000,0.000000,0.000000,0.000000,19.200000
308_RTPV_1-1,1,0.000000,0.000000,0.000000,0.000000,74.241667
313_RTPV_6-1,1,41.475000,0.000000,0.000000,0.000000,41.475000
313_PV_2-1,1,0.000000,0.000000,0.000000,0.000000,69.333333
313_RTPV_9-1,1,44.575000,0.000000,0.000000,0.000000,44.575000
317_WIND_1-1,1,0.000000,0.000000,0.000000,0.000000,373.916667
303_WIND_1-1,1,423.800000,0.000000,0.000000,0.000000,423.800000
324_PV_2-1,1,0.000000,0.000000,0.000000,0.000000,26.325000
312_PV_1-1,1,70.825000,0.000000,0.000000,0.000000,70.825000
314_PV_2-1,1,0.000000,0.000000,0.000000,0.000000,35.500000
313_RTPV_11-1,1,0.000000,0.000000,0.000000,0.000000,42.166667
324_PV_3-1,1,0.000000,0.000000,0.000000,0.000000,37.958333
314_PV_4-1,1,0.000000,0.000000,0.000000,0.000000,35.366667
320_RTPV_4-1,1,19.708333,0.000000,0.000000,0.000000,19.708333
320_PV_1-1,1,34.025000,0.000000,0.000000,0.000000,34.025000
324_PV_1-2,2,0.000000,0.000000,0.000000,0.000000,36.125000
313_RTPV_3-2,2,0.000000,0.000000,0.000000,0.000000,45.175000
319_PV_1-2,2,118.233333,0.000000,0.000000,0.000000,118.233333
320_RTPV_6-2,2,5.541667,0.000000,0.000000,0.000000,5.541667
310_PV_2-2,2,0.000000,0.000000,0.000000,0.000000,32.025000
313_PV_1-2,2,64.350000,0.000000,0.000000,0.000000,64.350000
320_RTPV_2-2,2,0.000000,0.000000,0.000000,0.000000,17.666667
313_RTPV_1-2,2,23.079392,0.000000,0.000000,0.000000,67.741667
313_RTPV_12-2,2,0.000000,0.000000,0.000000,0.000000,16.641667
320_RTPV_5-2,2,14.666667,0.000000,0.000000,0.000000,14.666667
313_RTPV_10-2,2,39.283333,0.000000,0.000000,0.000000,39.283333
314_PV_1-2,2,31.800000,0.000000,0.000000,0.000000,31.800000
313_RTPV_2-2,2,0.000000,0.000000,0.000000,0.000000,44.491667
310_PV_1-2,2,37.083333,0.000000,0.000000,0.000000,37.083333
313_RTPV_4-2,2,0.000000,0.000000,0.000000,0.000000,41.333333
320_RTPV_3-2,2,18.041667,0.000000,0.000000,0.000000,18.041667
313_RTPV_8-2,2,0.000000,0.000000,0.000000,0.000000,41.008333
313_RTPV_13-2,2,0.000000,0.000000,0.000000,0.000000,16.733333
313_RTPV_5-2,2,37.816667,0.000000,0.000000,0.000000,37.816667
309_WIND_1-2,2,9.708333,0.000000,0.000000,0.000000,9.708333
314_PV_3-2,2,70.333333,0.000000,0.000000,0.000000,70.333333
313_RTPV_7-2,2,34.616667,0.000000,0.000000,0.000000,34.616667
320_RTPV_1-2,2,18.033333,0.000000,0.000000,0.000000,18.033333
308_RTPV_1-2,2,70.341667,0.000000,0.000000,0.000000,70.341667
313_RTPV_6-2,2,0.000000,0.000000,0.000000,0.000000,37.533333
313_PV_2-2,2,0.000000,0.000000,0.000000,0.000000,67.475000
313_RTPV_9-2,2,0.000000,0.000000,0.000000,0.000000,42.783333
317_WIND_1-2,2,249.491667,0.000000,0.000000,0.000000,249.491667
303_WIND_1-2,2,0.000000,0.000000,0.000000,0.000000,386.133333
324_PV_2-2,2,0.000000,0.000000,0.000000,0.000000,25.925000
312_PV_1-2,2,69.833333,0.000000,0.000000,0.000000,69.833333
314_PV_2-2,2,33.808333,0.000000,0.000000,0.000000,33.808333
313_RTPV_11-2,2,0.000000,0.000000,0.000000,0.000000,39.583333
324_PV_3-2,2,0.000000,0.000000,0.000000,0.000000,36.500000
314_PV_4-2,2,34.633333,0.000000,0.000000,0.000000,34.633333
320_RTPV_4-2,2,0.000000,0.000000,0.000000,0.000000,17.458333
320_PV_1-2,2,34.166667,0.000000,0.000000,0.000000,34.166667
324_PV_1-3,3,37.450000,0.000000,0.000000,0.000000,37.450000
313_RTPV_3-3,3,0.000000,0.000000,0.000000,0.000000,36.141667
319_PV_1-3,3,111.775000,0.000000,0.000000,0.000000,111.775000
320_RTPV_6-3,3,4.766667,0.000000,0.000000,0.000000,4.766667
310_PV_2-3,3,24.095334,0.000000,0.000000,0.000000,31.983333
313_PV_1-3,3,0.000000,0.000000,0.000000,0.000000,57.175000
320_RTPV_2-3,3,14.275000,0.000000,0.000000,0.000000,14.275000
313_RTPV_1-3,3,0.000000,0.000000,0.000000,0.000000,54.758333
313_RTPV_12-3,3,0.000000,0.000000,0.000000,0.000000,12.766667
320_RTPV_5-3,3,12.433333,0.000000,0.000000,0.000000,12.433333
313_RTPV_10-3,3,0.000000,0.000000,0.000000,0.000000,31.491667
314_PV_1-3,3,31.975000,0.000000,0.000000,0.000000,31.975000
313_RTPV_2-3,3,0.000000,0.000000,0.000000,0.000000,35.625000
310_PV_1-3,3,37.033333,0.000000,0.000000,0.000000,37.033333
313_RTPV_4-3,3,0.000000,0.000000,0.000000,0.000000,34.683333
320_RTPV_3-3,3,14.800000,0.000000,0.000000,0.000000,14.800000
313_RTPV_8-3,3,33.775000,0.000000,0.000000,0.000000,33.775000
313_RTPV_13-3,3,13.750000,0.000000,0.000000,0.000000,13.750000
313_RTPV_5-3,3,30.416667,0.000000,0.000000,0.000000,30.416667
309_WIND_1-3,3,38.591667,0.000000,0.000000,0.000000,38.591667
314_PV_3-3,3,64.325000,0.000000,0.000000,0.000000,64.325000
313_RTPV_7-3,3,29.000000,0.000000,0.000000,0.000000,29.000000
320_RTPV_1-3,3,0.000000,0.000000,0.000000,0.000000,14.925000
308_RTPV_1-3,3,56.616667,0.000000,0.000000,0.000000,56.616667
313_RTPV_6-3,3,0.000000,0.000000,0.000000,0.000000,32.325000
313_PV_2-3,3,0.000000,0.000000,0.000000,0.000000,62.700000
313_RTPV_9-3,3,0.000000,0.000000,0.000000,0.000000,36.483333
317_WIND_1-3,3,0.000000,0.000000,0.000000,0.000000,157.616667
303_WIND_1-3,3,432.750000,0.000000,0.000000,0.000000,432.750000
324_PV_2-3,3,0.000000,0.000000,0.000000,0.000000,27.800000
312_PV_1-3,3,65.308333,0.000000,0.000000,0.000000,65.308333
314_PV_2-3,3,31.316667,0.000000,0.000000,0.000000,31.316667
313_RTPV_11-3,3,32.050000,0.000000,0.000000,0.000000,32.050000
324_PV_3-3,3,0.000000,0.000000,0.000000,0.000000,36.250000
314_PV_4-3,3,35.775000,0.000000,0.000000,0.000000,35.775000
320_RTPV_4-3,3,14.925000,0.000000,0.000000,0.000000,14.925000
320_PV_1-3,3,34.983333,0.000000,0.000000,0.000000,34.983333
324_PV_1-4,4,24.808333,0.000000,0.000000,0.000000,24.808333
313_RTPV_3-4,4,20.941667,0.000000,0.000000,0.000000,20.941667
319_PV_1-4,4,89.983333,0.000000,0.000000,0.000000,89.983333
320_RTPV_6-4,4,2.933333,0.000000,0.000000,0.000000,2.933333
310_PV_2-4,4,0.000000,0.000000,0.000000,0.000000,25.783333
313_PV_1-4,4,42.066667,0.000000,0.000000,0.000000,42.066667
320_RTPV_2-4,4,8.025000,0.000000,0.000000,0.000000,8.025000
313_RTPV_1-4,4,31.925000,0.000000,0.000000,0.000000,31.925000
313_RTPV_12-4,4,7.358333,0.000000,0.000000,0.000000,7.358333
320_RTPV_5-4,4,7.491667,0.000000,0.000000,0.000000,7.491667
313_RTPV_10-4,4,17.108333,0.000000,0.000000,0.000000,17.108333
314_PV_1-4,4,27.475000,0.000000,0.000000,0.000000,27.475000
313_RTPV_2-4,4,21.175000,0.000000,0.000000,0.000000,21.175000
310_PV_1-4,4,32.441667,0.000000,0.000000,0.000000,32.441667
313_RTPV_4-4,4,21.300000,0.000000,0.000000,0.000000,21.300000
320_RTPV_3-4,4,8.700000,0.000000,0.000000,0.000000,8.700000
313_RTPV_8-4,4,20.425000,0.000000,0.000000,0.000000,20.425000
313_RTPV_13-4,4,8.250000,0.000000,0.000000,0.000000,8.250000
313_RTPV_5-4,4,18.550000,0.000000,0.000000,0.000000,18.550000
309_WIND_1-4,4,59.591667,0.000000,0.000000,0.000000,59.591667
314_PV_3-4,4,48.975000,0.000000,0.000000,0.000000,48.975000
313_RTPV_7-4,4,16.966667,0.000000,0.000000,0.000000,16.966667
320_RTPV_1-4,4,8.875000,0.000000,0.000000,0.000000,8.875000
308_RTPV_1-4,4,34.041667,0.000000,0.000000,0.000000,34.041667
313_RTPV_6-4,4,20.516667,0.000000,0.000000,0.000000,20.516667
313_PV_2-4,4,47.591667,0.000000,0.000000,0.000000,47.591667
313_RTPV_9-4,4,22.650000,0.000000,0.000000,0.000000,22.650000
317_WIND_1-4,4,102.075000,0.000000,0.000000,0.000000,102.075000
303_WIND_1-4,4,108.470519,0.000000,0.000000,0.000000,385.150000
324_PV_2-4,4,24.808333,0.000000,0.000000,0.000000,24.808333
312_PV_1-4,4,48.508333,0.000000,0.000000,0.000000,48.508333
314_PV_2-4,4,23.700000,0.000000,0.000000,0.000000,23.700000
313_RTPV_11-4,4,19.441667,0.000000,0.000000,0.000000,19.441667
324_PV_3-4,4,30.491667,0.000000,0.000000,0.000000,30.491667
314_PV_4-4,4,30.250000,0.000000,0.000000,0.000000,30.250000
320_RTPV_4-4,4,0.000000,0.000000,0.000000,0.000000,8.366667
320_PV_1-4,4,29.116667,0.000000,0.000000,0.000000,29.116667
324_PV_1-5,5,7.350000,15.731579,0.000000,15.731579,7.350000
313_RTPV_3-5,5,2.641667,15.731579,0.000000,15.731579,2.641667
319_PV_1-5,5,27.116667,15.731579,0.000000,15.731579,27.116667
320_RTPV_6-5,5,0.358333,15.731579,0.000000,15.731579,0.358333
310_PV_2-5,5,6.508333,15.731579,0.000000,15.731579,6.508333
313_PV_1-5,5,10.566667,15.731579,0.000000,15.731579,10.566667
320_RTPV_2-5,5,1.016667,15.731579,0.000000,15.731579,1.016667
313_RTPV_1-5,5,4.475000,15.731579,0.000000,15.731579,4.475000
313_RTPV_12-5,5,1.525000,15.731579,0.000000,15.731579,1.525000
320_RTPV_5-5,5,1.550000,15.731579,0.000000,15.731579,1.550000
313_RTPV_10-5,5,1.891667,15.731579,0.000000,15.731579,1.891667
314_PV_1-5,5,11.441667,15.731579,0.000000,15.731579,11.441667
313_RTPV_2-5,5,2.691667,15.731579,0.000000,15.731579,2.691667
310_PV_1-5,5,7.916667,15.731579,0.000000,15.731579,7.916667
313_RTPV_4-5,5,3.500000,15.731579,0.000000,15.731579,3.500000
320_RTPV_3-5,5,1.166667,15.731579,0.000000,15.731579,1.166667
313_RTPV_8-5,5,3.708333,15.731579,0.000000,15.731579,3.708333
313_RTPV_13-5,5,1.041667,15.731579,0.000000,15.731579,1.041667
313_RTPV_5-5,5,3.100000,15.731579,0.000000,15.731579,3.100000
309_WIND_1-5,5,37.650000,15.731579,0.000000,15.731579,37.650000
314_PV_3-5,5,10.350000,15.731579,0.000000,15.731579,10.350000
313_RTPV_7-5,5,2.325000,15.731579,0.000000,15.731579,2.325000
320_RTPV_1-5,5,1.083333,15.731579,0.000000,15.731579,1.083333
308_RTPV_1-5,5,4.916667,15.731579,0.000000,15.731579,4.916667
313_RTPV_6-5,5,2.658333,15.731579,0.000000,15.731579,2.658333
313_PV_2-5,5,13.125000,15.731579,0.000000,15.731579,13.125000
313_RTPV_9-5,5,3.291667,15.731579,0.000000,15.731579,3.291667
317_WIND_1-5,5,229.241667,15.731579,0.000000,15.731579,229.241667
303_WIND_1-5,5,398.066667,15.731579,0.000000,15.731579,398.066667
324_PV_2-5,5,10.425000,15.731579,0.000000,15.731579,10.425000
312_PV_1-5,5,8.733333,15.731579,0.000000,15.731579,8.733333
314_PV_2-5,5,3.116667,15.731579,0.000000,15.731579,3.116667
313_RTPV_11-5,5,2.450000,15.731579,0.000000,15.731579,2.450000
324_PV_3-5,5,13.200000,15.731579,0.000000,15.731579,13.200000
314_PV_4-5,5,12.833333,15.731579,0.000000,15.731579,12.833333
320_RTPV_4-5,5,1.150000,15.731579,0.000000,15.731579,1.150000
320_PV_1-5,5,12.200000,15.731579,0.000000,15.731579,12.200000
324_PV_1-6,6,0.000000,15.731579,0.000000,15.731579,0.000000
313_RTPV_3-6,6,0.000000,15.731579,0.000000,15.731579,0.000000
319_PV_1-6,6,0.000000,15.731579,0.000000,15.731579,0.000000
320_RTPV_6-6,6,0.000000,15.731579,0.000000,15.731579,0.000000
310_PV_2-6,6,0.000000,15.731579,0.000000,15.731579,0.000000
313_PV_1-6,6,0.000000,15.731579,0.000000,15.731579,0.000000
320_RTPV_2-6,6,0.000000,15.731579,0.000000,15.731579,0.000000
313_RTPV_1-6,6,0.000000,15.731579,0.000000,15.731579,0.000000
313_RTPV_12-6,6,0.000000,15.731579,0.000000,15.731579,0.000000
320_RTPV_5-6,6,0.000000,15.731579,0.000000,15.731579,0.000000
313_RTPV_10-6,6,0.000000,15.731579,0.000000,15.731579,0.000000
314_PV_1-6,6,0.000000,15.731579,0.000000,15.731579,0.000000
313_RTPV_2-6,6,0.000000,15.731579,0.000000,15.731579,0.000000
310_PV_1-6,6,0.000000,15.731579,0.000000,15.731579,0.000000
313_RTPV_4-6,6,0.000000,15.731579,0.000000,15.731579,0.000000
320_RTPV_3-6,6,0.000000,15.731579,0.000000,15.731579,0.000000
313_RTPV_8-6,6,0.000000,15.731579,0.000000,15.731579,0.000000
313_RTPV_13-6,6,0.000000,15.731579,0.000000,15.731579,0.000000
313_RTPV_5-6,6,0.000000,15.731579,0.000000,15.731579,0.000000
309_WIND_1-6,6,32.475000,15.731579,0.000000,15.731579,32.475000
314_PV_3-6,6,0.000000,15.731579,0.000000,15.731579,0.000000
313_RTPV_7-6,6,0.000000,15.731579,0.000000,15.731579,0.000000
320_RTPV_1-6,6,0.000000,15.731579,0.000000,15.731579,0.000000
308_RTPV_1-6,6,0.000000,15.731579,0.000000,15.731579,0.000000
313_RTPV_6-6,6,0.000000,15.731579,0.000000,15.731579,0.000000
313_PV_2-6,6,0.000000,15.731579,0.000000,15.731579,0.000000
313_RTPV_9-6,6,0.000000,15.731579,0.000000,15.731579,0.000000
317_WIND_1-6,6,393.516667,15.731579,0.000000,15.731579,393.516667
303_WIND_1-6,6,356.633333,15.731579,0.000000,15.731579,356.633333
324_PV_2-6,6,0.000000,15.731579,0.000000,15.731579,0.000000
312_PV_1-6,6,0.000000,15.731579,0.000000,15.731579,0.000000
314_PV_2-6,6,0.000000,15.731579,0.000000,15.731579,0.000000
313_RTPV_11-6,6,0.000000,15.731579,0.000000,15.731579,0.000000
324_PV_3-6,6,0.000000,15.731579,0.000000,15.731579,0.000000
314_PV_4-6,6,0.000000,15.731579,0.000000,15.731579,0.000000
320_RTPV_4-6,6,0.000000,15.731579,0.000000,15.731579,0.000000
320_PV_1-6,6,0.000000,15.731579,0.000000,15.731579,0.000000
324_PV_1-7,7,0.000000,15.731579,0.000000,15.731579,0.000000
313_RTPV_3-7,7,0.000000,15.731579,0.000000,15.731579,0.000000
319_PV_1-7,7,0.000000,15.731579,0.000000,15.731579,0.000000
320_RTPV_6-7,7,0.000000,15.731579,0.000000,15.731579,0.000000
310_PV_2-7,7,0.000000,15.731579,0.000000,15.731579,0.000000
313_PV_1-7,7,0.000000,15.731579,0.000000,15.731579,0.000000
320_RTPV_2-7,7,0.000000,15.731579,0.000000,15.731579,0.000000
313_RTPV_1-7,7,0.000000,15.731579,0.000000,15.731579,0.000000
313_RTPV_12-7,7,0.000000,15.731579,0.000000,15.731579,0.000000
320_RTPV_5-7,7,0.000000,15.731579,0.000000,15.731579,0.000000
313_RTPV_10-7,7,0.000000,15.731579,0.000000,15.731579,0.000000
314_PV_1-7,7,0.000000,15.731579,0.000000,15.731579,0.000000
313_RTPV_2-7,7,0.000000,15.731579,0.000000,15.731579,0.000000
310_PV_1-7,7,0.000000,15.731579,0.000000,15.731579,0.000000
313_RTPV_4-7,7,0.000000,15.731579,0.000000,15.731579,0.000000
320_RTPV_3-7,7,0.000000,15.731579,0.000000,15.731579,0.000000
313_RTPV_8-7,7,0.000000,15.731579,0.000000,15.731579,0.000000
313_RTPV_13-7,7,0.000000,15.731579,0.000000,15.731579,0.000000
313_RTPV_5-7,7,0.000000,15.731579,0.000000,15.731579,0.000000
309_WIND_1-7,7,49.275000,15.731579,0.000000,15.731579,49.275000
314_PV_3-7,7,0.000000,15.731579,0.000000,15.731579,0.000000
313_RTPV_7-7,7,0.000000,15.731579,0.000000,15.731579,0.000000
320_RTPV_1-7,7,0.000000,15.731579,0.000000,15.731579,0.000000
308_RTPV_1-7,7,0.000000,15.731579,0.000000,15.731579,0.000000
313_RTPV_6-7,7,0.000000,15.731579,0.000000,15.731579,0.000000
313_PV_2-7,7,0.000000,15.731579,0.000000,15.731579,0.000000
313_RTPV_9-7,7,0.000000,15.731579,0.000000,15.731579,0.000000
317_WIND_1-7,7,472.525000,15.731579,0.000000,15.731579,472.525000
303_WIND_1-7,7,413.416667,15.731579,0.000000,15.731579,413.416667
324_PV_2-7,7,0.000000,15.731579,0.000000,15.731579,0.000000
312_PV_1-7,7,0.000000,15.731579,0.000000,15.731579,0.000000
314_PV_2-7,7,0.000000,15.731579,0.000000,15.731579,0.000000
313_RTPV_11-7,7,0.000000,15.731579,0.000000,15.731579,0.000000
324_PV_3-7,7,0.000000,15.731579,0.000000,15.731579,0.000000
314_PV_4-7,7,0.000000,15.731579,0.000000,15.731579,0.000000
320_RTPV_4-7,7,0.000000,15.731579,0.000000,15.731579,0.000000
320_PV_1-7,7,0.000000,15.731579,0.000000,15.731579,0.000000
324_PV_1-8,8,0.000000,0.000000,0.000000,0.000000,0.000000
313_RTPV_3-8,8,0.000000,0.000000,0.000000,0.000000,0.000000
319_PV_1-8,8,0.000000,0.000000,0.000000,0.000000,0.000000
320_RTPV_6-8,8,0.000000,0.000000,0.000000,0.000000,0.000000
310_PV_2-8,8,0.000000,0.000000,0.000000,0.000000,0.000000
313_PV_1-8,8,0.000000,0.000000,0.000000,0.000000,0.000000
320_RTPV_2-8,8,0.000000,0.000000,0.000000,0.000000,0.000000
313_RTPV_1-8,8,0.000000,0.000000,0.000000,0.000000,0.000000
313_RTPV_12-8,8,0.000000,0.000000,0.000000,0.000000,0.000000
320_RTPV_5-8,8,0.000000,0.000000,0.000000,0.000000,0.000000
313_RTPV_10-8,8,0.000000,0.000000,0.000000,0.000000,0.000000
314_PV_1-8,8,0.000000,0.000000,0.000000,0.000000,0.000000
313_RTPV_2-8,8,0.000000,0.000000,0.000000,0.000000,0.000000
310_PV_1-8,8,0.000000,0.000000,0.000000,0.000000,0.000000
313_RTPV_4-8,8,0.000000,0.000000,0.000000,0.000000,0.000000
320_RTPV_3-8,8,0.000000,0.000000,0.000000,0.000000,0.000000
313_RTPV_8-8,8,0.000000,0.000000,0.000000,0.000000,0.000000
313_RTPV_13-8,8,0.000000,0.000000,0.000000,0.000000,0.000000
313_RTPV_5-8,8,0.000000,0.000000,0.000000,0.000000,0.000000
309_WIND_1-8,8,96.350000,0.000000,0.000000,0.000000,96.350000
314_PV_3-8,8,0.000000,0.000000,0.000000,0.000000,0.000000
313_RTPV_7-8,8,0.000000,0.000000,0.000000,0.000000,0.000000
320_RTPV_1-8,8,0.000000,0.000000,0.000000,0.000000,0.000000
308_RTPV_1-8,8,0.000000,0.000000,0.000000,0.000000,0.000000
313_RTPV_6-8,8,0.000000,0.000000,0.000000,0.000000,0.000000
313_PV_2-8,8,0.000000,0.000000,0.000000,0.000000,0.000000
313_RTPV_9-8,8,0.000000,0.000000,0.000000,0.000000,0.000000
317_WIND_1-8,8,459.016667,0.000000,0.000000,0.000000,459.016667
303_WIND_1-8,8,465.529128,0.000000,0.000000,0.000000,481.108333
324_PV_2-8,8,0.000000,0.000000,0.000000,0.000000,0.000000
312_PV_1-8,8,0.000000,0.000000,0.000000,0.000000,0.000000
314_PV_2-8,8,0.000000,0.000000,0.000000,0.000000,0.000000
313_RTPV_11-8,8,0.000000,0.000000,0.000000,0.000000,0.000000
324_PV_3-8,8,0.000000,0.000000,0.000000,0.000000,0.000000
314_PV_4-8,8,0.000000,0.000000,0.000000,0.000000,0.000000
320_RTPV_4-8,8,0.000000,0.000000,0.000000,0.000000,0.000000
320_PV_1-8,8,0.000000,0.000000,0.000000,0.000000,0.000000
324_PV_1-9,9,0.000000,0.000000,0.000000,0.000000,0.000000
313_RTPV_3-9,9,0.000000,0.000000,0.000000,0.000000,0.000000
319_PV_1-9,9,0.000000,0.000000,0.000000,0.000000,0.000000
320_RTPV_6-9,9,0.000000,0.000000,0.000000,0.000000,0.000000
310_PV_2-9,9,0.000000,0.000000,0.000000,0.000000,0.000000
313_PV_1-9,9,0.000000,0.000000,0.000000,0.000000,0.000000
320_RTPV_2-9,9,0.000000,0.000000,0.000000,0.000000,0.000000
313_RTPV_1-9,9,0.000000,0.000000,0.000000,0.000000,0.000000
313_RTPV_12-9,9,0.000000,0.000000,0.000000,0.000000,0.000000
320_RTPV_5-9,9,0.000000,0.000000,0.000000,0.000000,0.000000
313_RTPV_10-9,9,0.000000,0.000000,0.000000,0.000000,0.000000
314_PV_1-9,9,0.000000,0.000000,0.000000,0.000000,0.000000
313_RTPV_2-9,9,0.000000,0.000000,0.000000,0.000000,0.000000
310_PV_1-9,9,0.000000,0.000000,0.000000,0.000000,0.000000
313_RTPV_4-9,9,0.000000,0.000000,0.000000,0.000000,0.000000
320_RTPV_3-9,9,0.000000,0.000000,0.000000,0.000000,0.000000
313_RTPV_8-9,9,0.000000,0.000000,0.000000,0.000000,0.000000
313_RTPV_13-9,9,0.000000,0.000000,0.000000,0.000000,0.000000
313_RTPV_5-9,9,0.000000,0.000000,0.000000,0.000000,0.000000
309_WIND_1-9,9,123.641667,0.000000,0.000000,0.000000,123.641667
314_PV_3-9,9,0.000000,0.000000,0.000000,0.000000,0.000000
313_RTPV_7-9,9,0.000000,0.000000,0.000000,0.000000,0.000000
320_RTPV_1-9,9,0.000000,0.000000,0.000000,0.000000,0.000000
308_RTPV_1-9,9,0.000000,0.000000,0.000000,0.000000,0.000000
313_RTPV_6-9,9,0.000000,0.000000,0.000000,0.000000,0.000000
313_PV_2-9,9,0.000000,0.000000,0.000000,0.000000,0.000000
313_RTPV_9-9,9,0.000000,0.000000,0.000000,0.000000,0.000000
317_WIND_1-9,9,561.166667,0.000000,0.000000,0.000000,561.166667
303_WIND_1-9,9,388.016667,0.000000,0.000000,0.000000,388.016667
324_PV_2-9,9,0.000000,0.000000,0.000000,0.000000,0.000000
312_PV_1-9,9,0.000000,0.000000,0.000000,0.000000,0.000000
314_PV_2-9,9,0.000000,0.000000,0.000000,0.000000,0.000000
313_RTPV_11-9,9,0.000000,0.000000,0.000000,0.000000,0.000000
324_PV_3-9,9,0.000000,0.000000,0.000000,0.000000,0.000000
314_PV_4-9,9,0.000000,0.000000,0.000000,0.000000,0.000000
320_RTPV_4-9,9,0.000000,0.000000,0.000000,0.000000,0.000000
320_PV_1-9,9,0.000000,0.000000,0.000000,0.000000,0.000000
324_PV_1-10,10,0.000000,15.731579,0.000000,15.731579,0.000000
313_RTPV_3-10,10,0.000000,15.731579,0.000000,15.731579,0.000000
319_PV_1-10,10,0.000000,15.731579,0.000000,15.731579,0.000000
320_RTPV_6-10,10,0.000000,15.731579,0.000000,15.731579,0.000000
310_PV_2-10,10,0.000000,15.731579,0.000000,15.731579,0.000000
313_PV_1-10,10,0.000000,15.731579,0.000000,15.731579,0.000000
320_RTPV_2-10,10,0.000000,15.731579,0.000000,15.731579,0.000000
313_RTPV_1-10,10,0.000000,15.731579,0.000000,15.731579,0.000000
313_RTPV_12-10,10,0.000000,15.731579,0.000000,15.731579,0.000000
320_RTPV_5-10,10,0.000000,15.731579,0.000000,15.731579,0.000000
313_RTPV_10-10,10,0.000000,15.731579,0.000000,15.731579,0.000000
314_PV_1-10,10,0.000000,15.731579,0.000000,15.731579,0.000000
313_RTPV_2-10,10,0.000000,15.731579,0.000000,15.731579,0.000000
310_PV_1-10,10,0.000000,15.731579,0.000000,15.731579,0.000000
313_RTPV_4-10,10,0.000000,15.731579,0.000000,15.731579,0.000000
320_RTPV_3-10,10,0.000000,15.731579,0.000000,15.731579,0.000000
313_RTPV_8-10,10,0.000000,15.731579,0.000000,15.731579,0.000000
313_RTPV_13-10,10,0.000000,15.731579,0.000000,15.731579,0.000000
313_RTPV_5-10,10,0.000000,15.731579,0.000000,15.731579,0.000000
309_WIND_1-10,10,112.566667,15.731579,0.000000,15.731579,112.566667
314_PV_3-10,10,0.000000,15.731579,0.000000,15.731579,0.000000
313_RTPV_7-10,10,0.000000,15.731579,0.000000,15.731579,0.000000
320_RTPV_1-10,10,0.000000,15.731579,0.000000,15.731579,0.000000
308_RTPV_1-10,10,0.000000,15.731579,0.000000,15.731579,0.000000
313_RTPV_6-10,10,0.000000,15.731579,0.000000,15.731579,0.000000
313_PV_2-10,10,0.000000,15.731579,0.000000,15.731579,0.000000
313_RTPV_9-10,10,0.000000,15.731579,0.000000,15.731579,0.000000
317_WIND_1-10,10,672.633333,15.731579,0.000000,15.731579,672.633333
303_WIND_1-10,10,268.783333,15.731579,0.000000,15.731579,268.783333
324_PV_2-10,10,0.000000,15.731579,0.000000,15.731579,0.000000
312_PV_1-10,10,0.000000,15.731579,0.000000,15.731579,0.000000
314_PV_2-10,10,0.000000,15.731579,0.000000,15.731579,0.000000
313_RTPV_11-10,10,0.000000,15.731579,0.000000,15.731579,0.000000
324_PV_3-10,10,0.000000,15.731579,0.000000,15.731579,0.000000
314_PV_4-10,10,0.000000,15.731579,0.000000,15.731579,0.000000
320_RTPV_4-10,10,0.000000,15.731579,0.000000,15.731579,0.000000
320_PV_1-10,10,0.000000,15.731579,0.000000,15.731579,0.000000
324_PV_1-11,11,0.000000,0.000000,0.000000,0.000000,0.000000
313_RTPV_3-11,11,0.000000,0.000000,0.000000,0.000000,0.000000
319_PV_1-11,11,0.000000,0.000000,0.000000,0.000000,0.000000
320_RTPV_6-11,11,0.000000,0.000000,0.000000,0.000000,0.000000
310_PV_2-11,11,0.000000,0.000000,0.000000,0.000000,0.000000
313_PV_1-11,11,0.000000,0.000000,0.000000,0.000000,0.000000
320_RTPV_2-11,11,0.000000,0.000000,0.000000,0.000000,0.000000
313_RTPV_1-11,11,0.000000,0.000000,0.000000,0.000000,0.000000
313_RTPV_12-11,11,0.000000,0.000000,0.000000,0.000000,0.000000
320_RTPV_5-11,11,0.000000,0.000000,0.000000,0.000000,0.000000
313_RTPV_10-11,11,0.000000,0.000000,0.000000,0.000000,0.000000
314_PV_1-11,11,0.000000,0.000000,0.000000,0.000000,0.000000
313_RTPV_2-11,11,0.000000,0.000000,0.000000,0.000000,0.000000
310_PV_1-11,11,0.000000,0.000000,0.000000,0.000000,0.000000
313_RTPV_4-11,11,0.000000,0.000000,0.000000,0.000000,0.000000
320_RTPV_3-11,11,0.000000,0.000000,0.000000,0.000000,0.000000
313_RTPV_8-11,11,0.000000,0.000000,0.000000,0.000000,0.000000
313_RTPV_13-11,11,0.000000,0.000000,0.000000,0.000000,0.000000
313_RTPV_5-11,11,0.000000,0.000000,0.000000,0.000000,0.000000
309_WIND_1-11,11,47.702709,0.000000,0.000000,0.000000,119.908333
314_PV_3-11,11,0.000000,0.000000,0.000000,0.000000,0.000000
313_RTPV_7-11,11,0.000000,0.000000,0.000000,0.000000,0.000000
320_RTPV_1-11,11,0.000000,0.000000,0.000000,0.000000,0.000000
308_RTPV_1-11,11,0.000000,0.000000,0.000000,0.000000,0.000000
313_RTPV_6-11,11,0.000000,0.000000,0.000000,0.000000,0.000000
313_PV_2-11,11,0.000000,0.000000,0.000000,0.000000,0.000000
313_RTPV_9-11,11,0.000000,0.000000,0.000000,0.000000,0.000000
317_WIND_1-11,11,655.483333,0.000000,0.000000,0.000000,655.483333
303_WIND_1-11,11,392.710088,0.000000,0.000000,0.000000,421.283333
324_PV_2-11,11,0.000000,0.000000,0.000000,0.000000,0.000000
312_PV_1-11,11,0.000000,0.000000,0.000000,0.000000,0.000000
314_PV_2-11,11,0.000000,0.000000,0.000000,0.000000,0.000000
313_RTPV_11-11,11,0.000000,0.000000,0.000000,0.000000,0.000000
324_PV_3-11,11,0.000000,0.000000,0.000000,0.000000,0.000000
314_PV_4-11,11,0.000000,0.000000,0.000000,0.000000,0.000000
320_RTPV_4-11,11,0.000000,0.000000,0.000000,0.000000,0.000000
320_PV_1-11,11,0.000000,0.000000,0.000000,0.000000,0.000000
324_PV_1-12,12,0.000000,0.000000,0.000000,0.000000,0.000000
313_RTPV_3-12,12,0.000000,0.000000,0.000000,0.000000,0.000000
319_PV_1-12,12,0.000000,0.000000,0.000000,0.000000,0.000000
320_RTPV_6-12,12,0.000000,0.000000,0.000000,0.000000,0.000000
310_PV_2-12,12,0.000000,0.000000,0.000000,0.000000,0.000000
313_PV_1-12,12,0.000000,0.000000,0.000000,0.000000,0.000000
320_RTPV_2-12,12,0.000000,0.000000,0.000000,0.000000,0.000000
313_RTPV_1-12,12,0.000000,0.000000,0.000000,0.000000,0.000000
313_RTPV_12-12,12,0.000000,0.000000,0.000000,0.000000,0.000000
320_RTPV_5-12,12,0.000000,0.000000,0.000000,0.000000,0.000000
313_RTPV_10-12,12,0.000000,0.000000,0.000000,0.000000,0.000000
314_PV_1-12,12,0.000000,0.000000,0.000000,0.000000,0.000000
313_RTPV_2-12,12,0.000000,0.000000,0.000000,0.000000,0.000000
310_PV_1-12,12,0.000000,0.000000,0.000000,0.000000,0.000000
313_RTPV_4-12,12,0.000000,0.000000,0.000000,0.000000,0.000000
320_RTPV_3-12,12,0.000000,0.000000,0.000000,0.000000,0.000000
313_RTPV_8-12,12,0.000000,0.000000,0.000000,0.000000,0.000000
313_RTPV_13-12,12,0.000000,0.000000,0.000000,0.000000,0.000000
313_RTPV_5-12,12,0.000000,0.000000,0.000000,0.000000,0.000000
309_WIND_1-12,12,107.583333,0.000000,0.000000,0.000000,107.583333
314_PV_3-12,12,0.000000,0.000000,0.000000,0.000000,0.000000
313_RTPV_7-12,12,0.000000,0.000000,0.000000,0.000000,0.000000
320_RTPV_1-12,12,0.000000,0.000000,0.000000,0.000000,0.000000
308_RTPV_1-12,12,0.000000,0.000000,0.000000,0.000000,0.000000
313_RTPV_6-12,12,0.000000,0.000000,0.000000,0.000000,0.000000
313_PV_2-12,12,0.000000,0.000000,0.000000,0.000000,0.000000
313_RTPV_9-12,12,0.000000,0.000000,0.000000,0.000000,0.000000
317_WIND_1-12,12,605.175000,0.000000,0.000000,0.000000,605.175000
303_WIND_1-12,12,420.779471,0.000000,0.000000,0.000000,626.383333
324_PV_2-12,12,0.000000,0.000000,0.000000,0.000000,0.000000
312_PV_1-12,12,0.000000,0.000000,0.000000,0.000000,0.000000
314_PV_2-12,12,0.000000,0.000000,0.000000,0.000000,0.000000
313_RTPV_11-12,12,0.000000,0.000000,0.000000,0.000000,0.000000
324_PV_3-12,12,0.000000,0.000000,0.000000,0.000000,0.000000
314_PV_4-12,12,0.000000,0.000000,0.000000,0.000000,0.000000
320_RTPV_4-12,12,0.000000,0.000000,0.000000,0.000000,0.000000
320_PV_1-12,12,0.000000,0.000000,0.000000,0.000000,0.000000
324_PV_1-13,13,0.000000,6.775623,0.000000,6.775623,0.000000
313_RTPV_3-13,13,0.000000,15.731579,0.000000,15.731579,0.000000
319_PV_1-13,13,0.000000,12.931691,0.000000,12.931691,0.000000
320_RTPV_6-13,13,0.000000,13.736400,0.000000,13.736400,0.000000
310_PV_2-13,13,0.000000,15.565400,0.000000,15.565400,0.000000
313_PV_1-13,13,0.000000,15.731579,0.000000,15.731579,0.000000
320_RTPV_2-13,13,0.000000,13.736400,0.000000,13.736400,0.000000
313_RTPV_1-13,13,0.000000,15.731579,0.000000,15.731579,0.000000
313_RTPV_12-13,13,0.000000,15.731579,0.000000,15.731579,0.000000
320_RTPV_5-13,13,0.000000,13.736400,0.000000,13.736400,0.000000
313_RTPV_10-13,13,0.000000,15.731579,0.000000,15.731579,0.000000
314_PV_1-13,13,0.000000,14.321123,0.000000,14.321123,0.000000
313_RTPV_2-13,13,0.000000,15.731579,0.000000,15.731579,0.000000
310_PV_1-13,13,0.000000,15.565400,0.000000,15.565400,0.000000
313_RTPV_4-13,13,0.000000,15.731579,0.000000,15.731579,0.000000
320_RTPV_3-13,13,0.000000,13.736400,0.000000,13.736400,0.000000
313_RTPV_8-13,13,0.000000,15.731579,0.000000,15.731579,0.000000
313_RTPV_13-13,13,0.000000,15.731579,0.000000,15.731579,0.000000
313_RTPV_5-13,13,0.000000,15.731579,0.000000,15.731579,0.000000
309_WIND_1-13,13,81.333333,20.201023,0.000000,20.201023,81.333333
314_PV_3-13,13,0.000000,14.321123,0.000000,14.321123,0.000000
313_RTPV_7-13,13,0.000000,15.731579,0.000000,15.731579,0.000000
320_RTPV_1-13,13,0.000000,13.736400,0.000000,13.736400,0.000000
308_RTPV_1-13,13,0.000000,17.883211,0.000000,17.883211,0.000000
313_RTPV_6-13,13,0.000000,15.731579,0.000000,15.731579,0.000000
313_PV_2-13,13,0.000000,15.731579,0.000000,15.731579,0.000000
313_RTPV_9-13,13,0.000000,15.731579,0.000000,15.731579,0.000000
317_WIND_1-13,13,617.575000,11.619662,0.000000,11.619662,617.575000
303_WIND_1-13,13,427.239464,0.000000,0.000000,0.000000,671.633333
324_PV_2-13,13,0.000000,6.775623,0.000000,6.775623,0.000000
312_PV_1-13,13,0.000000,16.350780,0.000000,16.350780,0.000000
314_PV_2-13,13,0.000000,14.321123,0.000000,14.321123,0.000000
313_RTPV_11-13,13,0.000000,15.731579,0.000000,15.731579,0.000000
324_PV_3-13,13,0.000000,6.775623,0.000000,6.775623,0.000000
314_PV_4-13,13,0.000000,14.321123,0.000000,14.321123,0.000000
320_RTPV_4-13,13,0.000000,13.736400,0.000000,13.736400,0.000000
320_PV_1-13,13,0.000000,13.736400,0.000000,13.736400,0.000000
324_PV_1-14,14,0.000000,0.000000,0.000000,0.000000,0.000000
313_RTPV_3-14,14,0.000000,0.000000,0.000000,0.000000,0.000000
319_PV_1-14,14,0.000000,0.000000,0.000000,0.000000,0.000000
320_RTPV_6-14,14,0.000000,0.000000,0.000000,0.000000,0.000000
310_PV_2-14,14,0.000000,0.000000,0.000000,0.000000,0.000000
313_PV_1-14,14,0.000000,0.000000,0.000000,0.000000,0.000000
320_RTPV_2-14,14,0.000000,0.000000,0.000000,0.000000,0.000000
313_RTPV_1-14,14,0.000000,0.000000,0.000000,0.000000,0.000000
313_RTPV_12-14,14,0.000000,0.000000,0.000000,0.000000,0.000000
320_RTPV_5-14,14,0.000000,0.000000,0.000000,0.000000,0.000000
313_RTPV_10-14,14,0.000000,0.000000,0.000000,0.000000,0.000000
314_PV_1-14,14,0.000000,0.000000,0.000000,0.000000,0.000000
313_RTPV_2-14,14,0.000000,0.000000,0.000000,0.000000,0.000000
310_PV_1-14,14,0.000000,0.000000,0.000000,0.000000,0.000000
313_RTPV_4-14,14,0.000000,0.000000,0.000000,0.000000,0.000000
320_RTPV_3-14,14,0.000000,0.000000,0.000000,0.000000,0.000000
313_RTPV_8-14,14,0.000000,0.000000,0.000000,0.000000,0.000000
313_RTPV_13-14,14,0.000000,0.000000,0.000000,0.000000,0.000000
313_RTPV_5-14,14,0.000000,0.000000,0.000000,0.000000,0.000000
309_WIND_1-14,14,94.491667,0.000000,0.000000,0.000000,94.491667
314_PV_3-14,14,0.000000,0.000000,0.000000,0.000000,0.000000
313_RTPV_7-14,14,0.000000,0.000000,0.000000,0.000000,0.000000
320_RTPV_1-14,14,0.000000,0.000000,0.000000,0.000000,0.000000
308_RTPV_1-14,14,0.000000,0.000000,0.000000,0.000000,0.000000
313_RTPV_6-14,14,0.000000,0.000000,0.000000,0.000000,0.000000
313_PV_2-14,14,0.000000,0.000000,0.000000,0.000000,0.000000
313_RTPV_9-14,14,0.000000,0.000000,0.000000,0.000000,0.000000
317_WIND_1-14,14,680.116667,0.000000,0.000000,0.000000,680.116667
303_WIND_1-14,14,472.927787,0.000000,0.000000,0.000000,544.408333
324_PV_2-14,14,0.000000,0.000000,0.000000,0.000000,0.000000
312_PV_1-14,14,0.000000,0.000000,0.000000,0.000000,0.000000
314_PV_2-14,14,0.000000,0.000000,0.000000,0.000000,0.000000
313_RTPV_11-14,14,0.000000,0.000000,0.000000,0.000000,0.000000
324_PV_3-14,14,0.000000,0.000000,0.000000,0.000000,0.000000
314_PV_4-14,14,0.000000,0.000000,0.000000,0.000000,0.000000
320_RTPV_4-14,14,0.000000,0.000000,0.000000,0.000000,0.000000
320_PV_1-14,14,0.000000,0.000000,0.000000,0.000000,0.000000
324_PV_1-15,15,0.000000,15.731579,0.000000,15.731579,0.000000
313_RTPV_3-15,15,0.000000,15.731579,0.000000,15.731579,0.000000
319_PV_1-15,15,0.000000,15.731579,0.000000,15.731579,0.000000
320_RTPV_6-15,15,0.000000,15.731579,0.000000,15.731579,0.000000
310_PV_2-15,15,0.000000,15.731579,0.000000,15.731579,0.000000
313_PV_1-15,15,0.000000,15.731579,0.000000,15.731579,0.000000
320_RTPV_2-15,15,0.000000,15.731579,0.000000,15.731579,0.000000
313_RTPV_1-15,15,0.000000,15.731579,0.000000,15.731579,0.000000
313_RTPV_12-15,15,0.000000,15.731579,0.000000,15.731579,0.000000
320_RTPV_5-15,15,0.000000,15.731579,0.000000,15.731579,0.000000
313_RTPV_10-15,15,0.000000,15.731579,0.000000,15.731579,0.000000
314_PV_1-15,15,0.000000,15.731579,0.000000,15.731579,0.000000
313_RTPV_2-15,15,0.000000,15.731579,0.000000,15.731579,0.000000
310_PV_1-15,15,0.000000,15.731579,0.000000,15.731579,0.000000
313_RTPV_4-15,15,0.000000,15.731579,0.000000,15.731579,0.000000
320_RTPV_3-15,15,0.000000,15.731579,0.000000,15.731579,0.000000
313_RTPV_8-15,15,0.000000,15.731579,0.000000,15.731579,0.000000
313_RTPV_13-15,15,0.000000,15.731579,0.000000,15.731579,0.000000
313_RTPV_5-15,15,0.000000,15.731579,0.000000,15.731579,0.000000
309_WIND_1-15,15,75.083333,15.731579,0.000000,15.731579,75.083333
314_PV_3-15,15,0.000000,15.731579,0.000000,15.731579,0.000000
313_RTPV_7-15,15,0.000000,15.731579,0.000000,15.731579,0.000000
320_RTPV_1-15,15,0.000000,15.731579,0.000000,15.731579,0.000000
308_RTPV_1-15,15,0.000000,15.731579,0.000000,15.731579,0.000000
313_RTPV_6-15,15,0.000000,15.731579,0.000000,15.731579,0.000000
313_PV_2-15,15,0.000000,15.731579,0.000000,15.731579,0.000000
313_RTPV_9-15,15,0.000000,15.731579,0.000000,15.731579,0.000000
317_WIND_1-15,15,671.325000,15.731579,0.000000,15.731579,671.325000
303_WIND_1-15,15,369.966667,15.731579,0.000000,15.731579,369.966667
324_PV_2-15,15,0.000000,15.731579,0.000000,15.731579,0.000000
312_PV_1-15,15,0.000000,15.731579,0.000000,15.731579,0.000000
314_PV_2-15,15,0.000000,15.731579,0.000000,15.731579,0.000000
313_RTPV_11-15,15,0.000000,15.731579,0.000000,15.731579,0.000000
324_PV_3-15,15,0.000000,15.731579,0.000000,15.731579,0.000000
314_PV_4-15,15,0.000000,15.731579,0.000000,15.731579,0.000000
320_RTPV_4-15,15,0.000000,15.731579,0.000000,15.731579,0.000000
320_PV_1-15,15,0.000000,15.731579,0.000000,15.731579,0.000000
324_PV_1-16,16,0.000000,15.731579,0.000000,15.731579,0.000000
313_RTPV_3-16,16,0.000000,15.731579,0.000000,15.731579,0.000000
319_PV_1-16,16,0.000000,15.731579,0.000000,15.731579,0.000000
320_RTPV_6-16,16,0.000000,15.731579,0.000000,15.731579,0.000000
310_PV_2-16,16,0.000000,15.731579,0.000000,15.731579,0.000000
313_PV_1-16,16,0.000000,15.731579,0.000000,15.731579,0.000000
320_RTPV_2-16,16,0.000000,15.731579,0.000000,15.731579,0.000000
313_RTPV_1-16,16,0.000000,15.731579,0.000000,15.731579,0.000000
313_RTPV_12-16,16,0.000000,15.731579,0.000000,15.731579,0.000000
320_RTPV_5-16,16,0.000000,15.731579,0.000000,15.731579,0.000000
313_RTPV_10-16,16,0.000000,15.731579,0.000000,15.731579,0.000000
314_PV_1-16,16,0.000000,15.731579,0.000000,15.731579,0.000000
313_RTPV_2-16,16,0.000000,15.731579,0.000000,15.731579,0.000000
310_PV_1-16,16,0.000000,15.731579,0.000000,15.731579,0.000000
313_RTPV_4-16,16,0.000000,15.731579,0.000000,15.731579,0.000000
320_RTPV_3-16,16,0.000000,15.731579,0.000000,15.731579,0.000000
313_RTPV_8-16,16,0.000000,15.731579,0.000000,15.731579,0.000000
313_RTPV_13-16,16,0.000000,15.731579,0.000000,15.731579,0.000000
313_RTPV_5-16,16,0.000000,15.731579,0.000000,15.731579,0.000000
309_WIND_1-16,16,48.291667,15.731579,0.000000,15.731579,48.291667
314_PV_3-16,16,0.000000,15.731579,0.000000,15.731579,0.000000
313_RTPV_7-16,16,0.000000,15.731579,0.000000,15.731579,0.000000
320_RTPV_1-16,16,0.000000,15.731579,0.000000,15.731579,0.000000
308_RTPV_1-16,16,0.000000,15.731579,0.000000,15.731579,0.000000
313_RTPV_6-16,16,0.000000,15.731579,0.000000,15.731579,0.000000
313_PV_2-16,16,0.000000,15.731579,0.000000,15.731579,0.000000
313_RTPV_9-16,16,0.000000,15.731579,0.000000,15.731579,0.000000
317_WIND_1-16,16,680.433333,15.731579,0.000000,15.731579,680.433333
303_WIND_1-16,16,353.541667,15.731579,0.000000,15.731579,353.541667
324_PV_2-16,16,0.000000,15.731579,0.000000,15.731579,0.000000
312_PV_1-16,16,0.000000,15.731579,0.000000,15.731579,0.000000
314_PV_2-16,16,0.000000,15.731579,0.000000,15.731579,0.000000
313_RTPV_11-16,16,0.000000,15.731579,0.000000,15.731579,0.000000
324_PV_3-16,16,0.000000,15.731579,0.000000,15.731579,0.000000
314_PV_4-16,16,0.000000,15.731579,0.000000,15.731579,0.000000
320_RTPV_4-16,16,0.000000,15.731579,0.000000,15.731579,0.000000
320_PV_1-16,16,0.000000,15.731579,0.000000,15.731579,0.000000
324_PV_1-17,17,0.000000,6.775623,0.000000,6.775623,0.000000
313_RTPV_3-17,17,0.000000,15.731579,0.000000,15.731579,0.000000
319_PV_1-17,17,0.000000,12.931691,0.000000,12.931691,0.000000
320_RTPV_6-17,17,0.000000,13.736400,0.000000,13.736400,0.000000
310_PV_2-17,17,0.000000,15.565400,0.000000,15.565400,0.000000
313_PV_1-17,17,0.000000,15.731579,0.000000,15.731579,0.000000
320_RTPV_2-17,17,0.000000,13.736400,0.000000,13.736400,0.000000
313_RTPV_1-17,17,0.000000,15.731579,0.000000,15.731579,0.000000
313_RTPV_12-17,17,0.000000,15.731579,0.000000,15.731579,0.000000
320_RTPV_5-17,17,0.000000,13.736400,0.000000,13.736400,0.000000
313_RTPV_10-17,17,0.000000,15.731579,0.000000,15.731579,0.000000
314_PV_1-17,17,0.000000,14.321123,0.000000,14.321123,0.000000
313_RTPV_2-17,17,0.000000,15.731579,0.000000,15.731579,0.000000
310_PV_1-17,17,0.000000,15.565400,0.000000,15.565400,0.000000
313_RTPV_4-17,17,0.000000,15.731579,0.000000,15.731579,0.000000
320_RTPV_3-17,17,0.000000,13.736400,0.000000,13.736400,0.000000
313_RTPV_8-17,17,0.000000,15.731579,0.000000,15.731579,0.000000
313_RTPV_13-17,17,0.000000,15.731579,0.000000,15.731579,0.000000
313_RTPV_5-17,17,0.000000,15.731579,0.000000,15.731579,0.000000
309_WIND_1-17,17,16.483333,20.201023,0.000000,20.201023,16.483333
314_PV_3-17,17,0.000000,14.321123,0.000000,14.321123,0.000000
313_RTPV_7-17,17,0.000000,15.731579,0.000000,15.731579,0.000000
320_RTPV_1-17,17,0.000000,13.736400,0.000000,13.736400,0.000000
308_RTPV_1-17,17,0.000000,17.883211,0.000000,17.883211,0.000000
313_RTPV_6-17,17,0.000000,15.731579,0.000000,15.731579,0.000000
313_PV_2-17,17,0.000000,15.731579,0.000000,15.731579,0.000000
313_RTPV_9-17,17,0.000000,15.731579,0.000000,15.731579,0.000000
317_WIND_1-17,17,701.525000,11.619662,0.000000,11.619662,701.525000
303_WIND_1-17,17,395.393476,0.000000,0.000000,0.000000,423.208333
324_PV_2-17,17,0.000000,6.775623,0.000000,6.775623,0.000000
312_PV_1-17,17,0.000000,16.350780,0.000000,16.350780,0.000000
314_PV_2-17,17,0.000000,14.321123,0.000000,14.321123,0.000000
313_RTPV_11-17,17,0.000000,15.731579,0.000000,15.731579,0.000000
324_PV_3-17,17,0.000000,6.775623,0.000000,6.775623,0.000000
314_PV_4-17,17,0.000000,14.321123,0.000000,14.321123,0.000000
320_RTPV_4-17,17,0.000000,13.736400,0.000000,13.736400,0.000000
320_PV_1-17,17,0.000000,13.736400,0.000000,13.736400,0.000000
324_PV_1-18,18,0.000000,6.775623,0.000000,6.775623,0.000000
313_RTPV_3-18,18,0.000000,15.731579,0.000000,15.731579,0.000000
319_PV_1-18,18,0.000000,12.931691,0.000000,12.931691,0.000000
320_RTPV_6-18,18,0.000000,13.736400,0.000000,13.736400,0.000000
310_PV_2-18,18,0.000000,15.565400,0.000000,15.565400,0.000000
313_PV_1-18,18,0.000000,15.731579,0.000000,15.731579,0.000000
320_RTPV_2-18,18,0.000000,13.736400,0.000000,13.736400,0.000000
313_RTPV_1-18,18,0.000000,15.731579,0.000000,15.731579,0.000000
313_RTPV_12-18,18,0.000000,15.731579,0.000000,15.731579,0.000000
320_RTPV_5-18,18,0.000000,13.736400,0.000000,13.736400,0.000000
313_RTPV_10-18,18,0.000000,15.731579,0.000000,15.731579,0.000000
314_PV_1-18,18,0.000000,14.321123,0.000000,14.321123,0.000000
313_RTPV_2-18,18,0.000000,15.731579,0.000000,15.731579,0.000000
310_PV_1-18,18,0.000000,15.565400,0.000000,15.565400,0.000000
313_RTPV_4-18,18,0.000000,15.731579,0.000000,15.731579,0.000000
320_RTPV_3-18,18,0.000000,13.736400,0.000000,13.736400,0.000000
313_RTPV_8-18,18,0.000000,15.731579,0.000000,15.731579,0.000000
313_RTPV_13-18,18,0.000000,15.731579,0.000000,15.731579,0.000000
313_RTPV_5-18,18,0.000000,15.731579,0.000000,15.731579,0.000000
309_WIND_1-18,18,3.216667,20.201023,0.000000,20.201023,3.216667
314_PV_3-18,18,0.000000,14.321123,0.000000,14.321123,0.000000
313_RTPV_7-18,18,0.000000,15.731579,0.000000,15.731579,0.000000
320_RTPV_1-18,18,0.000000,13.736400,0.000000,13.736400,0.000000
308_RTPV_1-18,18,0.000000,17.883211,0.000000,17.883211,0.000000
313_RTPV_6-18,18,0.000000,15.731579,0.000000,15.731579,0.000000
313_PV_2-18,18,0.000000,15.731579,0.000000,15.731579,0.000000
313_RTPV_9-18,18,0.000000,15.731579,0.000000,15.731579,0.000000
317_WIND_1-18,18,741.575000,11.619662,0.000000,11.619662,741.575000
303_WIND_1-18,18,384.949205,0.000000,0.000000,0.000000,581.733333
324_PV_2-18,18,0.000000,6.775623,0.000000,6.775623,0.000000
312_PV_1-18,18,0.000000,16.350780,0.000000,16.350780,0.000000
314_PV_2-18,18,0.000000,14.321123,0.000000,14.321123,0.000000
313_RTPV_11-18,18,0.000000,15.731579,0.000000,15.731579,0.000000
324_PV_3-18,18,0.000000,6.775623,0.000000,6.775623,0.000000
314_PV_4-18,18,0.000000,14.321123,0.000000,14.321123,0.000000
320_RTPV_4-18,18,0.000000,13.736400,0.000000,13.736400,0.000000
320_PV_1-18,18,0.000000,13.736400,0.000000,13.736400,0.000000
324_PV_1-19,19,0.000000,6.775623,0.000000,6.775623,0.000000
313_RTPV_3-19,19,0.000000,15.731579,0.000000,15.731579,0.000000
319_PV_1-19,19,0.000000,12.931691,0.000000,12.931691,0.000000
320_RTPV_6-19,19,0.000000,13.736400,0.000000,13.736400,0.000000
310_PV_2-19,19,0.000000,15.565400,0.000000,15.565400,0.000000
313_PV_1-19,19,0.000000,15.731579,0.000000,15.731579,0.000000
320_RTPV_2-19,19,0.000000,13.736400,0.000000,13.736400,0.000000
313_RTPV_1-19,19,0.000000,15.731579,0.000000,15.731579,0.000000
313_RTPV_12-19,19,0.000000,15.731579,0.000000,15.731579,0.000000
320_RTPV_5-19,19,0.000000,13.736400,0.000000,13.736400,0.000000
313_RTPV_10-19,19,0.000000,15.731579,0.000000,15.731579,0.000000
314_PV_1-19,19,0.000000,14.321123,0.000000,14.321123,0.000000
313_RTPV_2-19,19,0.000000,15.731579,0.000000,15.731579,0.000000
310_PV_1-19,19,0.000000,15.565400,0.000000,15.565400,0.000000
313_RTPV_4-19,19,0.000000,15.731579,0.000000,15.731579,0.000000
320_RTPV_3-19,19,0.000000,13.736400,0.000000,13.736400,0.000000
313_RTPV_8-19,19,0.000000,15.731579,0.000000,15.731579,0.000000
313_RTPV_13-19,19,0.000000,15.731579,0.000000,15.731579,0.000000
313_RTPV_5-19,19,0.000000,15.731579,0.000000,15.731579,0.000000
309_WIND_1-19,19,3.250000,20.201023,0.000000,20.201023,3.250000
314_PV_3-19,19,0.000000,14.321123,0.000000,14.321123,0.000000
313_RTPV_7-19,19,0.000000,15.731579,0.000000,15.731579,0.000000
320_RTPV_1-19,19,0.000000,13.736400,0.000000,13.736400,0.000000
308_RTPV_1-19,19,0.000000,17.883211,0.000000,17.883211,0.000000
313_RTPV_6-19,19,0.000000,15.731579,0.000000,15.731579,0.000000
313_PV_2-19,19,0.000000,15.731579,0.000000,15.731579,0.000000
313_RTPV_9-19,19,0.000000,15.731579,0.000000,15.731579,0.000000
317_WIND_1-19,19,703.791667,11.619662,0.000000,11.619662,703.791667
303_WIND_1-19,19,399.262662,0.000000,0.000000,0.000000,654.683333
324_PV_2-19,19,0.000000,6.775623,0.000000,6.775623,0.000000
312_PV_1-19,19,0.000000,16.350780,0.000000,16.350780,0.000000
314_PV_2-19,19,0.000000,14.321123,0.000000,14.321123,0.000000
313_RTPV_11-19,19,0.000000,15.731579,0.000000,15.731579,0.000000
324_PV_3-19,19,0.000000,6.775623,0.000000,6.775623,0.000000
314_PV_4-19,19,0.000000,14.321123,0.000000,14.321123,0.000000
320_RTPV_4-19,19,0.000000,13.736400,0.000000,13.736400,0.000000
320_PV_1-19,19,0.000000,13.736400,0.000000,13.736400,0.000000
324_PV_1-20,20,8.025000,6.775623,0.000000,6.775623,8.025000
313_RTPV_3-20,20,3.266667,15.731579,0.000000,15.731579,3.266667
319_PV_1-20,20,30.550000,12.931691,0.000000,12.931691,30.550000
320_RTPV_6-20,20,0.358333,13.736400,0.000000,13.736400,0.358333
310_PV_2-20,20,8.441667,15.565400,0.000000,15.565400,8.441667
313_PV_1-20,20,11.091667,15.731579,0.000000,15.731579,11.091667
320_RTPV_2-20,20,0.941667,13.736400,0.000000,13.736400,0.941667
313_RTPV_1-20,20,3.958333,15.731579,0.000000,15.731579,3.958333
313_RTPV_12-20,20,0.708333,15.731579,0.000000,15.731579,0.708333
320_RTPV_5-20,20,0.791667,13.736400,0.000000,13.736400,0.791667
313_RTPV_10-20,20,1.433333,15.731579,0.000000,15.731579,1.433333
314_PV_1-20,20,7.183333,14.321123,0.000000,14.321123,7.183333
313_RTPV_2-20,20,1.416667,15.731579,0.000000,15.731579,1.416667
310_PV_1-20,20,8.000000,15.565400,0.000000,15.565400,8.000000
313_RTPV_4-20,20,0.108333,15.731579,0.000000,15.731579,0.108333
320_RTPV_3-20,20,0.825000,13.736400,0.000000,13.736400,0.825000
313_RTPV_8-20,20,1.250000,15.731579,0.000000,15.731579,1.250000
313_RTPV_13-20,20,0.658333,15.731579,0.000000,15.731579,0.658333
313_RTPV_5-20,20,1.583333,15.731579,0.000000,15.731579,1.583333
309_WIND_1-20,20,25.083333,20.201023,0.000000,20.201023,25.083333
314_PV_3-20,20,10.591667,14.321123,0.000000,14.321123,10.591667
313_RTPV_7-20,20,1.608333,15.731579,0.000000,15.731579,1.608333
320_RTPV_1-20,20,0.716667,13.736400,0.000000,13.736400,0.716667
308_RTPV_1-20,20,1.858333,17.883211,0.000000,17.883211,1.858333
313_RTPV_6-20,20,1.383333,15.731579,0.000000,15.731579,1.383333
313_PV_2-20,20,10.416667,15.731579,0.000000,15.731579,10.416667
313_RTPV_9-20,20,1.500000,15.731579,0.000000,15.731579,1.500000
317_WIND_1-20,20,618.500000,11.619662,0.000000,11.619662,618.500000
303_WIND_1-20,20,408.758990,0.000000,0.000000,0.000000,611.808333
324_PV_2-20,20,8.091667,6.775623,0.000000,6.775623,8.091667
312_PV_1-20,20,10.725000,16.350780,0.000000,16.350780,10.725000
314_PV_2-20,20,8.833333,14.321123,0.000000,14.321123,8.833333
313_RTPV_11-20,20,1.725000,15.731579,0.000000,15.731579,1.725000
324_PV_3-20,20,8.050000,6.775623,0.000000,6.775623,8.050000
314_PV_4-20,20,8.183333,14.321123,0.000000,14.321123,8.183333
320_RTPV_4-20,20,0.791667,13.736400,0.000000,13.736400,0.791667
320_PV_1-20,20,8.275000,13.736400,0.000000,13.736400,8.275000
324_PV_1-21,21,0.000000,0.000000,0.000000,0.000000,29.916667
313_RTPV_3-21,21,14.025000,0.000000,0.000000,0.000000,14.025000
319_PV_1-21,21,115.375000,0.000000,0.000000,0.000000,115.375000
320_RTPV_6-21,21,0.000000,0.000000,0.000000,0.000000,3.316667
310_PV_2-21,21,0.000000,0.000000,0.000000,0.000000,30.108333
313_PV_1-21,21,46.891667,0.000000,0.000000,0.000000,46.891667
320_RTPV_2-21,21,0.000000,0.000000,0.000000,0.000000,8.775000
313_RTPV_1-21,21,30.958333,0.000000,0.000000,0.000000,30.958333
313_RTPV_12-21,21,8.916667,0.000000,0.000000,0.000000,8.916667
320_RTPV_5-21,21,0.000000,0.000000,0.000000,0.000000,8.500000
313_RTPV_10-21,21,0.000000,0.000000,0.000000,0.000000,20.350000
314_PV_1-21,21,29.016667,0.000000,0.000000,0.000000,29.016667
313_RTPV_2-21,21,16.658333,0.000000,0.000000,0.000000,16.658333
310_PV_1-21,21,29.666667,0.000000,0.000000,0.000000,29.666667
313_RTPV_4-21,21,10.650000,0.000000,0.000000,0.000000,10.650000
320_RTPV_3-21,21,8.908333,0.000000,0.000000,0.000000,8.908333
313_RTPV_8-21,21,20.391667,0.000000,0.000000,0.000000,20.391667
313_RTPV_13-21,21,8.583333,0.000000,0.000000,0.000000,8.583333
313_RTPV_5-21,21,19.841667,0.000000,0.000000,0.000000,19.841667
309_WIND_1-21,21,72.533333,0.000000,0.000000,0.000000,72.533333
314_PV_3-21,21,22.261771,0.000000,0.000000,0.000000,45.633333
313_RTPV_7-21,21,20.366667,0.000000,0.000000,0.000000,20.366667
320_RTPV_1-21,21,9.133333,0.000000,0.000000,0.000000,9.133333
308_RTPV_1-21,21,29.758333,0.000000,0.000000,0.000000,29.758333
313_RTPV_6-21,21,20.766667,0.000000,0.000000,0.000000,20.766667
313_PV_2-21,21,0.000000,0.000000,0.000000,0.000000,46.758333
313_RTPV_9-21,21,19.908333,0.000000,0.000000,0.000000,19.908333
317_WIND_1-21,21,197.524555,0.000000,0.000000,0.000000,620.900000
303_WIND_1-21,21,542.666667,0.000000,0.000000,0.000000,542.666667
324_PV_2-21,21,0.000000,0.000000,0.000000,0.000000,29.200000
312_PV_1-21,21,46.325000,0.000000,0.000000,0.000000,46.325000
314_PV_2-21,21,0.000000,0.000000,0.000000,0.000000,29.125000
313_RTPV_11-21,21,0.000000,0.000000,0.000000,0.000000,21.516667
324_PV_3-21,21,0.000000,0.000000,0.000000,0.000000,28.733333
314_PV_4-21,21,29.433333,0.000000,0.000000,0.000000,29.433333
320_RTPV_4-21,21,0.000000,0.000000,0.000000,0.000000,8.758333
320_PV_1-21,21,29.583333,0.000000,0.000000,0.000000,29.583333
324_PV_1-22,22,35.658333,0.000000,0.000000,0.000000,35.658333
313_RTPV_3-22,22,14.116667,0.000000,0.000000,0.000000,14.116667
319_PV_1-22,22,134.758333,0.000000,0.000000,0.000000,134.758333
320_RTPV_6-22,22,5.533333,0.000000,0.000000,0.000000,5.533333
310_PV_2-22,22,35.333333,0.000000,0.000000,0.000000,35.333333
313_PV_1-22,22,61.725000,0.000000,0.000000,0.000000,61.725000
320_RTPV_2-22,22,14.200000,0.000000,0.000000,0.000000,14.200000
313_RTPV_1-22,22,51.033333,0.000000,0.000000,0.000000,51.033333
313_RTPV_12-22,22,14.875000,0.000000,0.000000,0.000000,14.875000
320_RTPV_5-22,22,13.691667,0.000000,0.000000,0.000000,13.691667
313_RTPV_10-22,22,33.075000,0.000000,0.000000,0.000000,33.075000
314_PV_1-22,22,33.358333,0.000000,0.000000,0.000000,33.358333
313_RTPV_2-22,22,34.708333,0.000000,0.000000,0.000000,34.708333
310_PV_1-22,22,33.566667,0.000000,0.000000,0.000000,33.566667
313_RTPV_4-22,22,23.800000,0.000000,0.000000,0.000000,23.800000
320_RTPV_3-22,22,14.833333,0.000000,0.000000,0.000000,14.833333
313_RTPV_8-22,22,34.566667,0.000000,0.000000,0.000000,34.566667
313_RTPV_13-22,22,14.891667,0.000000,0.000000,0.000000,14.891667
313_RTPV_5-22,22,20.150000,0.000000,0.000000,0.000000,20.150000
309_WIND_1-22,22,90.600000,0.000000,0.000000,0.000000,90.600000
314_PV_3-22,22,60.066667,0.000000,0.000000,0.000000,60.066667
313_RTPV_7-22,22,32.383333,0.000000,0.000000,0.000000,32.383333
320_RTPV_1-22,22,15.400000,0.000000,0.000000,0.000000,15.400000
308_RTPV_1-22,22,53.416667,0.000000,0.000000,0.000000,53.416667
313_RTPV_6-22,22,35.275000,0.000000,0.000000,0.000000,35.275000
313_PV_2-22,22,61.525000,0.000000,0.000000,0.000000,61.525000
313_RTPV_9-22,22,31.358333,0.000000,0.000000,0.000000,31.358333
317_WIND_1-22,22,125.077083,0.000000,0.000000,0.000000,633.141667
303_WIND_1-22,22,-0.000000,0.000000,0.000000,0.000000,467.875000
324_PV_2-22,22,0.000000,0.000000,0.000000,0.000000,33.700000
312_PV_1-22,22,60.600000,0.000000,0.000000,0.000000,60.600000
314_PV_2-22,22,0.000000,0.000000,0.000000,0.000000,34.783333
313_RTPV_11-22,22,36.133333,0.000000,0.000000,0.000000,36.133333
324_PV_3-22,22,0.000000,0.000000,0.000000,0.000000,33.491667
314_PV_4-22,22,32.458333,0.000000,0.000000,0.000000,32.458333
320_RTPV_4-22,22,13.591667,0.000000,0.000000,0.000000,13.591667
320_PV_1-22,22,33.325000,0.000000,0.000000,0.000000,33.325000
324_PV_1-23,23,0.000000,0.000000,0.000000,0.000000,36.983333
313_RTPV_3-23,23,0.000000,0.000000,0.000000,0.000000,23.233333
319_PV_1-23,23,136.650000,0.000000,0.000000,0.000000,136.650000
320_RTPV_6-23,23,0.000000,0.000000,0.000000,0.000000,6.725000
310_PV_2-23,23,0.000000,0.000000,0.000000,0.000000,35.091667
313_PV_1-23,23,0.000000,0.000000,0.000000,0.000000,66.275000
320_RTPV_2-23,23,17.583333,0.000000,0.000000,0.000000,17.583333
313_RTPV_1-23,23,0.000000,0.000000,0.000000,0.000000,60.083333
313_RTPV_12-23,23,0.000000,0.000000,0.000000,0.000000,18.108333
320_RTPV_5-23,23,17.625000,0.000000,0.000000,0.000000,17.625000
313_RTPV_10-23,23,0.000000,0.000000,0.000000,0.000000,39.566667
314_PV_1-23,23,35.283333,0.000000,0.000000,0.000000,35.283333
313_RTPV_2-23,23,0.000000,0.000000,0.000000,0.000000,34.725000
310_PV_1-23,23,32.983333,0.000000,0.000000,0.000000,32.983333
313_RTPV_4-23,23,0.000000,0.000000,0.000000,0.000000,26.358333
320_RTPV_3-23,23,18.525000,0.000000,0.000000,0.000000,18.525000
313_RTPV_8-23,23,0.000000,0.000000,0.000000,0.000000,41.933333
313_RTPV_13-23,23,0.000000,0.000000,0.000000,0.000000,18.258333
313_RTPV_5-23,23,0.000000,0.000000,0.000000,0.000000,41.200000
309_WIND_1-23,23,93.791667,0.000000,0.000000,0.000000,93.791667
314_PV_3-23,23,63.358333,0.000000,0.000000,0.000000,63.358333
313_RTPV_7-23,23,2.658739,0.000000,0.000000,0.000000,37.750000
320_RTPV_1-23,23,19.000000,0.000000,0.000000,0.000000,19.000000
308_RTPV_1-23,23,68.283333,0.000000,0.000000,0.000000,68.283333
313_RTPV_6-23,23,0.000000,0.000000,0.000000,0.000000,45.408333
313_PV_2-23,23,0.000000,0.000000,0.000000,0.000000,67.566667
313_RTPV_9-23,23,0.000000,0.000000,0.000000,0.000000,36.650000
317_WIND_1-23,23,501.900000,0.000000,0.000000,0.000000,501.900000
303_WIND_1-23,23,0.000000,0.000000,0.000000,0.000000,389.025000
324_PV_2-23,23,0.000000,0.000000,0.000000,0.000000,34.666667
312_PV_1-23,23,64.241667,0.000000,0.000000,0.000000,64.241667
314_PV_2-23,23,36.808333,0.000000,0.000000,0.000000,36.808333
313_RTPV_11-23,23,0.000000,0.000000,0.000000,0.000000,44.650000
324_PV_3-23,23,0.000000,0.000000,0.000000,0.000000,35.658333
314_PV_4-23,23,31.700000,0.000000,0.000000,0.000000,31.700000
320_RTPV_4-23,23,16.750000,0.000000,0.000000,0.000000,16.750000
320_PV_1-23,23,35.241667,0.000000,0.000000,0.000000,35.241667
324_PV_1-24,24,0.000000,0.000000,0.000000,0.000000,37.000000
313_RTPV_3-24,24,0.000000,0.000000,0.000000,0.000000,37.883333
319_PV_1-24,24,135.125000,0.000000,0.000000,0.000000,135.125000
320_RTPV_6-24,24,0.000000,0.000000,0.000000,0.000000,7.358333
310_PV_2-24,24,33.600000,0.000000,0.000000,0.000000,33.600000
313_PV_1-24,24,66.383333,0.000000,0.000000,0.000000,66.383333
320_RTPV_2-24,24,0.000000,0.000000,0.000000,0.000000,18.033333
313_RTPV_1-24,24,67.341667,0.000000,0.000000,0.000000,67.341667
313_RTPV_12-24,24,18.583333,0.000000,0.000000,0.000000,18.583333
320_RTPV_5-24,24,0.000000,0.000000,0.000000,0.000000,18.758333
313_RTPV_10-24,24,43.375000,0.000000,0.000000,0.000000,43.375000
314_PV_1-24,24,36.041667,0.000000,0.000000,0.000000,36.041667
313_RTPV_2-24,24,0.000000,0.000000,0.000000,0.000000,34.341667
310_PV_1-24,24,5.269728,0.000000,0.000000,0.000000,33.441667
313_RTPV_4-24,24,0.000000,0.000000,0.000000,0.000000,20.208333
320_RTPV_3-24,24,0.000000,0.000000,0.000000,0.000000,20.716667
313_RTPV_8-24,24,44.575000,0.000000,0.000000,0.000000,44.575000
313_RTPV_13-24,24,20.483333,0.000000,0.000000,0.000000,20.483333
313_RTPV_5-24,24,40.666667,0.000000,0.000000,0.000000,40.666667
309_WIND_1-24,24,112.083333,0.000000,0.000000,0.000000,112.083333
314_PV_3-24,24,59.675000,0.000000,0.000000,0.000000,59.675000
313_RTPV_7-24,24,39.133333,0.000000,0.000000,0.000000,39.133333
320_RTPV_1-24,24,0.000000,0.000000,0.000000,0.000000,19.783333
308_RTPV_1-24,24,75.225000,0.000000,0.000000,0.000000,75.225000
313_RTPV_6-24,24,51.458333,0.000000,0.000000,0.000000,51.458333
313_PV_2-24,24,71.525000,0.000000,0.000000,0.000000,71.525000
313_RTPV_9-24,24,41.241667,0.000000,0.000000,0.000000,41.241667
317_WIND_1-24,24,0.000000,0.000000,0.000000,0.000000,365.366667
303_WIND_1-24,24,0.000000,0.000000,0.000000,0.000000,274.675000
324_PV_2-24,24,0.000000,0.000000,0.000000,0.000000,34.350000
312_PV_1-24,24,64.933333,0.000000,0.000000,0.000000,64.933333
314_PV_2-24,24,37.166667,0.000000,0.000000,0.000000,37.166667
313_RTPV_11-24,24,0.000000,0.000000,0.000000,0.000000,47.266667
324_PV_3-24,24,0.000000,0.000000,0.000000,0.000000,36.341667
314_PV_4-24,24,32.958333,0.000000,0.000000,0.000000,32.958333
320_RTPV_4-24,24,0.000000,0.000000,0.000000,0.000000,18.200000
320_PV_1-24,24,36.483333,0.000000,0.000000,0.000000,36.483333
