,hour,dispatch,dual,offer,lmp,capacity
320_PV_1-1,1,0.000000,2000.000000,0.000000,22.732463,0.000000
314_PV_1-1,1,0.000000,2000.000000,0.000000,22.732463,0.000000
314_PV_2-1,1,0.000000,2000.000000,0.000000,22.732463,0.000000
313_PV_1-1,1,0.000000,2000.000000,0.000000,22.732463,0.000000
314_PV_3-1,1,0.000000,2000.000000,0.000000,22.732463,0.000000
314_PV_4-1,1,0.000000,2000.000000,0.000000,22.732463,0.000000
313_PV_2-1,1,0.000000,2000.000000,0.000000,22.732463,0.000000
310_PV_1-1,1,0.000000,2000.000000,0.000000,22.732463,0.000000
324_PV_1-1,1,0.000000,2000.000000,0.000000,22.732463,0.000000
312_PV_1-1,1,0.000000,2000.000000,0.000000,22.732463,0.000000
310_PV_2-1,1,0.000000,2000.000000,0.000000,22.732463,0.000000
324_PV_2-1,1,0.000000,2000.000000,0.000000,22.732463,0.000000
324_PV_3-1,1,0.000000,2000.000000,0.000000,22.732463,0.000000
319_PV_1-1,1,0.000000,0.000000,0.000000,22.732463,0.000000
308_RTPV_1-1,1,0.000000,2000.000000,0.000000,22.732463,0.000000
313_RTPV_1-1,1,0.000000,2000.000000,0.000000,22.732463,0.000000
313_RTPV_2-1,1,0.000000,2000.000000,0.000000,22.732463,0.000000
313_RTPV_3-1,1,0.000000,2000.000000,0.000000,22.732463,0.000000
313_RTPV_4-1,1,0.000000,2000.000000,0.000000,22.732463,0.000000
313_RTPV_5-1,1,0.000000,2000.000000,0.000000,22.732463,0.000000
313_RTPV_6-1,1,0.000000,2000.000000,0.000000,22.732463,0.000000
313_RTPV_7-1,1,0.000000,2000.000000,0.000000,22.732463,0.000000
313_RTPV_8-1,1,0.000000,2000.000000,0.000000,22.732463,0.000000
313_RTPV_9-1,1,0.000000,2000.000000,0.000000,22.732463,0.000000
313_RTPV_10-1,1,0.000000,2000.000000,0.000000,22.732463,0.000000
313_RTPV_11-1,1,0.000000,2000.000000,0.000000,22.732463,0.000000
313_RTPV_12-1,1,0.000000,2000.000000,0.000000,22.732463,0.000000
320_RTPV_1-1,1,0.000000,2000.000000,0.000000,22.732463,0.000000
320_RTPV_2-1,1,0.000000,2000.000000,0.000000,22.732463,0.000000
320_RTPV_3-1,1,0.000000,2000.000000,0.000000,22.732463,0.000000
313_RTPV_13-1,1,0.000000,2000.000000,0.000000,22.732463,0.000000
320_RTPV_4-1,1,0.000000,2000.000000,0.000000,22.732463,0.000000
320_RTPV_5-1,1,0.000000,2000.000000,0.000000,22.732463,0.000000
320_RTPV_6-1,1,0.000000,2000.000000,0.000000,22.732463,0.000000
309_WIND_1-1,1,0.000000,2000.000000,0.000000,22.732463,0.000000
317_WIND_1-1,1,571.700000,2000.000000,0.000000,22.732463,571.700000
303_WIND_1-1,1,31.900000,2000.000000,0.000000,22.732463,31.900000
320_PV_1-2,2,0.000000,2000.000000,0.000000,21.116646,0.000000
314_PV_1-2,2,0.000000,0.000000,0.000000,21.116646,0.000000
314_PV_2-2,2,0.000000,0.000000,0.000000,21.116646,0.000000
313_PV_1-2,2,0.000000,2000.000000,0.000000,21.116646,0.000000
314_PV_3-2,2,0.000000,0.000000,0.000000,21.116646,0.000000
314_PV_4-2,2,0.000000,0.000000,0.000000,21.116646,0.000000
313_PV_2-2,2,0.000000,2000.000000,0.000000,21.116646,0.000000
310_PV_1-2,2,0.000000,2000.000000,0.000000,21.116646,0.000000
324_PV_1-2,2,0.000000,2000.000000,0.000000,21.116646,0.000000
312_PV_1-2,2,0.000000,2000.000000,0.000000,21.116646,0.000000
310_PV_2-2,2,0.000000,2000.000000,0.000000,21.116646,0.000000
324_PV_2-2,2,0.000000,2000.000000,0.000000,21.116646,0.000000
324_PV_3-2,2,0.000000,2000.000000,0.000000,21.116646,0.000000
319_PV_1-2,2,0.000000,2000.000000,0.000000,21.116646,0.000000
308_RTPV_1-2,2,0.000000,2000.000000,0.000000,21.116646,0.000000
313_RTPV_1-2,2,0.000000,2000.000000,0.000000,21.116646,0.000000
313_RTPV_2-2,2,0.000000,2000.000000,0.000000,21.116646,0.000000
313_RTPV_3-2,2,0.000000,2000.000000,0.000000,21.116646,0.000000
313_RTPV_4-2,2,0.000000,2000.000000,0.000000,21.116646,0.000000
313_RTPV_5-2,2,0.000000,2000.000000,0.000000,21.116646,0.000000
313_RTPV_6-2,2,0.000000,2000.000000,0.000000,21.116646,0.000000
313_RTPV_7-2,2,0.000000,2000.000000,0.000000,21.116646,0.000000
313_RTPV_8-2,2,0.000000,2000.000000,0.000000,21.116646,0.000000
313_RTPV_9-2,2,0.000000,2000.000000,0.000000,21.116646,0.000000
313_RTPV_10-2,2,0.000000,2000.000000,0.000000,21.116646,0.000000
313_RTPV_11-2,2,0.000000,2000.000000,0.000000,21.116646,0.000000
313_RTPV_12-2,2,0.000000,2000.000000,0.000000,21.116646,0.000000
320_RTPV_1-2,2,0.000000,2000.000000,0.000000,21.116646,0.000000
320_RTPV_2-2,2,0.000000,2000.000000,0.000000,21.116646,0.000000
320_RTPV_3-2,2,0.000000,2000.000000,0.000000,21.116646,0.000000
313_RTPV_13-2,2,0.000000,2000.000000,0.000000,21.116646,0.000000
320_RTPV_4-2,2,0.000000,2000.000000,0.000000,21.116646,0.000000
320_RTPV_5-2,2,0.000000,2000.000000,0.000000,21.116646,0.000000
320_RTPV_6-2,2,0.000000,2000.000000,0.000000,21.116646,0.000000
309_WIND_1-2,2,0.000000,2000.000000,0.000000,21.116646,0.000000
317_WIND_1-2,2,619.400000,2000.000000,0.000000,21.116646,619.400000
303_WIND_1-2,2,67.900000,2000.000000,0.000000,21.116646,67.900000
320_PV_1-3,3,0.000000,2000.000000,0.000000,21.116646,0.000000
314_PV_1-3,3,0.000000,2000.000000,0.000000,21.116646,0.000000
314_PV_2-3,3,0.000000,2000.000000,0.000000,21.116646,0.000000
313_PV_1-3,3,0.000000,2000.000000,0.000000,21.116646,0.000000
314_PV_3-3,3,0.000000,2000.000000,0.000000,21.116646,0.000000
314_PV_4-3,3,0.000000,2000.000000,0.000000,21.116646,0.000000
313_PV_2-3,3,0.000000,2000.000000,0.000000,21.116646,0.000000
310_PV_1-3,3,0.000000,0.000000,0.000000,21.116646,0.000000
324_PV_1-3,3,0.000000,2000.000000,0.000000,21.116646,0.000000
312_PV_1-3,3,0.000000,2000.000000,0.000000,21.116646,0.000000
310_PV_2-3,3,0.000000,0.000000,0.000000,21.116646,0.000000
324_PV_2-3,3,0.000000,2000.000000,0.000000,21.116646,0.000000
324_PV_3-3,3,0.000000,2000.000000,0.000000,21.116646,0.000000
319_PV_1-3,3,0.000000,2000.000000,0.000000,21.116646,0.000000
308_RTPV_1-3,3,0.000000,2000.000000,0.000000,21.116646,0.000000
313_RTPV_1-3,3,0.000000,2000.000000,0.000000,21.116646,0.000000
313_RTPV_2-3,3,0.000000,2000.000000,0.000000,21.116646,0.000000
313_RTPV_3-3,3,0.000000,2000.000000,0.000000,21.116646,0.000000
313_RTPV_4-3,3,0.000000,2000.000000,0.000000,21.116646,0.000000
313_RTPV_5-3,3,0.000000,2000.000000,0.000000,21.116646,0.000000
313_RTPV_6-3,3,0.000000,2000.000000,0.000000,21.116646,0.000000
313_RTPV_7-3,3,0.000000,2000.000000,0.000000,21.116646,0.000000
313_RTPV_8-3,3,0.000000,2000.000000,0.000000,21.116646,0.000000
313_RTPV_9-3,3,0.000000,2000.000000,0.000000,21.116646,0.000000
313_RTPV_10-3,3,0.000000,2000.000000,0.000000,21.116646,0.000000
313_RTPV_11-3,3,0.000000,2000.000000,0.000000,21.116646,0.000000
313_RTPV_12-3,3,0.000000,2000.000000,0.000000,21.116646,0.000000
320_RTPV_1-3,3,0.000000,2000.000000,0.000000,21.116646,0.000000
320_RTPV_2-3,3,0.000000,2000.000000,0.000000,21.116646,0.000000
320_RTPV_3-3,3,0.000000,2000.000000,0.000000,21.116646,0.000000
313_RTPV_13-3,3,0.000000,2000.000000,0.000000,21.116646,0.000000
320_RTPV_4-3,3,0.000000,2000.000000,0.000000,21.116646,0.000000
320_RTPV_5-3,3,0.000000,2000.000000,0.000000,21.116646,0.000000
320_RTPV_6-3,3,0.000000,2000.000000,0.000000,21.116646,0.000000
309_WIND_1-3,3,0.000000,2000.000000,0.000000,21.116646,0.000000
317_WIND_1-3,3,603.300000,2000.000000,0.000000,21.116646,603.300000
303_WIND_1-3,3,65.800000,2000.000000,0.000000,21.116646,65.800000
320_PV_1-4,4,0.000000,2000.000000,0.000000,22.732463,0.000000
314_PV_1-4,4,0.000000,2000.000000,0.000000,22.732463,0.000000
314_PV_2-4,4,0.000000,2000.000000,0.000000,22.732463,0.000000
313_PV_1-4,4,0.000000,2000.000000,0.000000,22.732463,0.000000
314_PV_3-4,4,0.000000,2000.000000,0.000000,22.732463,0.000000
314_PV_4-4,4,0.000000,2000.000000,0.000000,22.732463,0.000000
313_PV_2-4,4,0.000000,2000.000000,0.000000,22.732463,0.000000
310_PV_1-4,4,0.000000,2000.000000,0.000000,22.732463,0.000000
324_PV_1-4,4,0.000000,2000.000000,0.000000,22.732463,0.000000
312_PV_1-4,4,0.000000,0.000000,0.000000,22.732463,0.000000
310_PV_2-4,4,0.000000,2000.000000,0.000000,22.732463,0.000000
324_PV_2-4,4,0.000000,2000.000000,0.000000,22.732463,0.000000
324_PV_3-4,4,0.000000,2000.000000,0.000000,22.732463,0.000000
319_PV_1-4,4,0.000000,2000.000000,0.000000,22.732463,0.000000
308_RTPV_1-4,4,0.000000,1527.309819,0.000000,22.732463,0.000000
313_RTPV_1-4,4,0.000000,2000.000000,0.000000,22.732463,0.000000
313_RTPV_2-4,4,0.000000,2000.000000,0.000000,22.732463,0.000000
313_RTPV_3-4,4,0.000000,2000.000000,0.000000,22.732463,0.000000
313_RTPV_4-4,4,0.000000,2000.000000,0.000000,22.732463,0.000000
313_RTPV_5-4,4,0.000000,2000.000000,0.000000,22.732463,0.000000
313_RTPV_6-4,4,0.000000,2000.000000,0.000000,22.732463,0.000000
313_RTPV_7-4,4,0.000000,2000.000000,0.000000,22.732463,0.000000
313_RTPV_8-4,4,0.000000,2000.000000,0.000000,22.732463,0.000000
313_RTPV_9-4,4,0.000000,2000.000000,0.000000,22.732463,0.000000
313_RTPV_10-4,4,0.000000,2000.000000,0.000000,22.732463,0.000000
313_RTPV_11-4,4,0.000000,2000.000000,0.000000,22.732463,0.000000
313_RTPV_12-4,4,0.000000,2000.000000,0.000000,22.732463,0.000000
320_RTPV_1-4,4,0.000000,2000.000000,0.000000,22.732463,0.000000
320_RTPV_2-4,4,0.000000,2000.000000,0.000000,22.732463,0.000000
320_RTPV_3-4,4,0.000000,2000.000000,0.000000,22.732463,0.000000
313_RTPV_13-4,4,0.000000,2000.000000,0.000000,22.732463,0.000000
320_RTPV_4-4,4,0.000000,2000.000000,0.000000,22.732463,0.000000
320_RTPV_5-4,4,0.000000,2000.000000,0.000000,22.732463,0.000000
320_RTPV_6-4,4,0.000000,2000.000000,0.000000,22.732463,0.000000
309_WIND_1-4,4,0.500000,2000.000000,0.000000,22.732463,0.500000
317_WIND_1-4,4,565.200000,0.000000,0.000000,22.732463,565.200000
303_WIND_1-4,4,46.100000,2000.000000,0.000000,22.732463,46.100000
320_PV_1-5,5,0.000000,2000.000000,0.000000,22.732463,0.000000
314_PV_1-5,5,0.000000,2000.000000,0.000000,22.732463,0.000000
314_PV_2-5,5,0.000000,2000.000000,0.000000,22.732463,0.000000
313_PV_1-5,5,0.000000,2000.000000,0.000000,22.732463,0.000000
314_PV_3-5,5,0.000000,2000.000000,0.000000,22.732463,0.000000
314_PV_4-5,5,0.000000,2000.000000,0.000000,22.732463,0.000000
313_PV_2-5,5,0.000000,2000.000000,0.000000,22.732463,0.000000
310_PV_1-5,5,0.000000,0.000000,0.000000,22.732463,0.000000
324_PV_1-5,5,0.000000,2000.000000,0.000000,22.732463,0.000000
312_PV_1-5,5,0.000000,0.000000,0.000000,22.732463,0.000000
310_PV_2-5,5,0.000000,0.000000,0.000000,22.732463,0.000000
324_PV_2-5,5,0.000000,2000.000000,0.000000,22.732463,0.000000
324_PV_3-5,5,0.000000,2000.000000,0.000000,22.732463,0.000000
319_PV_1-5,5,0.000000,2000.000000,0.000000,22.732463,0.000000
308_RTPV_1-5,5,0.000000,2000.000000,0.000000,22.732463,0.000000
313_RTPV_1-5,5,0.000000,2000.000000,0.000000,22.732463,0.000000
313_RTPV_2-5,5,0.000000,2000.000000,0.000000,22.732463,0.000000
313_RTPV_3-5,5,0.000000,2000.000000,0.000000,22.732463,0.000000
313_RTPV_4-5,5,0.000000,2000.000000,0.000000,22.732463,0.000000
313_RTPV_5-5,5,0.000000,2000.000000,0.000000,22.732463,0.000000
313_RTPV_6-5,5,0.000000,2000.000000,0.000000,22.732463,0.000000
313_RTPV_7-5,5,0.000000,2000.000000,0.000000,22.732463,0.000000
313_RTPV_8-5,5,0.000000,2000.000000,0.000000,22.732463,0.000000
313_RTPV_9-5,5,0.000000,2000.000000,0.000000,22.732463,0.000000
313_RTPV_10-5,5,0.000000,2000.000000,0.000000,22.732463,0.000000
313_RTPV_11-5,5,0.000000,2000.000000,0.000000,22.732463,0.000000
313_RTPV_12-5,5,0.000000,2000.000000,0.000000,22.732463,0.000000
320_RTPV_1-5,5,0.000000,2000.000000,0.000000,22.732463,0.000000
320_RTPV_2-5,5,0.000000,2000.000000,0.000000,22.732463,0.000000
320_RTPV_3-5,5,0.000000,2000.000000,0.000000,22.732463,0.000000
313_RTPV_13-5,5,0.000000,2000.000000,0.000000,22.732463,0.000000
320_RTPV_4-5,5,0.000000,2000.000000,0.000000,22.732463,0.000000
320_RTPV_5-5,5,0.000000,2000.000000,0.000000,22.732463,0.000000
320_RTPV_6-5,5,0.000000,2000.000000,0.000000,22.732463,0.000000
309_WIND_1-5,5,7.700000,0.000000,0.000000,22.732463,7.700000
317_WIND_1-5,5,465.400000,2000.000000,0.000000,22.732463,465.400000
303_WIND_1-5,5,42.500000,2000.000000,0.000000,22.732463,42.500000
320_PV_1-6,6,0.000000,2000.000000,0.000000,25.908321,0.000000
314_PV_1-6,6,0.000000,2000.000000,0.000000,25.908321,0.000000
314_PV_2-6,6,0.000000,2000.000000,0.000000,25.908321,0.000000
313_PV_1-6,6,0.000000,2000.000000,0.000000,25.908321,0.000000
314_PV_3-6,6,0.000000,2000.000000,0.000000,25.908321,0.000000
314_PV_4-6,6,0.000000,2000.000000,0.000000,25.908321,0.000000
313_PV_2-6,6,0.000000,2000.000000,0.000000,25.908321,0.000000
310_PV_1-6,6,0.000000,2000.000000,0.000000,25.908321,0.000000
324_PV_1-6,6,0.000000,2000.000000,0.000000,25.908321,0.000000
312_PV_1-6,6,0.000000,2000.000000,0.000000,25.908321,0.000000
310_PV_2-6,6,0.000000,2000.000000,0.000000,25.908321,0.000000
324_PV_2-6,6,0.000000,2000.000000,0.000000,25.908321,0.000000
324_PV_3-6,6,0.000000,2000.000000,0.000000,25.908321,0.000000
319_PV_1-6,6,0.000000,2000.000000,0.000000,25.908321,0.000000
308_RTPV_1-6,6,0.000000,2000.000000,0.000000,25.908321,0.000000
313_RTPV_1-6,6,0.000000,2000.000000,0.000000,25.908321,0.000000
313_RTPV_2-6,6,0.000000,2000.000000,0.000000,25.908321,0.000000
313_RTPV_3-6,6,0.000000,2000.000000,0.000000,25.908321,0.000000
313_RTPV_4-6,6,0.000000,2000.000000,0.000000,25.908321,0.000000
313_RTPV_5-6,6,0.000000,2000.000000,0.000000,25.908321,0.000000
313_RTPV_6-6,6,0.000000,2000.000000,0.000000,25.908321,0.000000
313_RTPV_7-6,6,0.000000,2000.000000,0.000000,25.908321,0.000000
313_RTPV_8-6,6,0.000000,2000.000000,0.000000,25.908321,0.000000
313_RTPV_9-6,6,0.000000,2000.000000,0.000000,25.908321,0.000000
313_RTPV_10-6,6,0.000000,2000.000000,0.000000,25.908321,0.000000
313_RTPV_11-6,6,0.000000,2000.000000,0.000000,25.908321,0.000000
313_RTPV_12-6,6,0.000000,2000.000000,0.000000,25.908321,0.000000
320_RTPV_1-6,6,0.000000,2000.000000,0.000000,25.908321,0.000000
320_RTPV_2-6,6,0.000000,2000.000000,0.000000,25.908321,0.000000
320_RTPV_3-6,6,0.000000,2000.000000,0.000000,25.908321,0.000000
313_RTPV_13-6,6,0.000000,2000.000000,0.000000,25.908321,0.000000
320_RTPV_4-6,6,0.000000,2000.000000,0.000000,25.908321,0.000000
320_RTPV_5-6,6,0.000000,2000.000000,0.000000,25.908321,0.000000
320_RTPV_6-6,6,0.000000,2000.000000,0.000000,25.908321,0.000000
309_WIND_1-6,6,17.700000,2000.000000,0.000000,25.908321,17.700000
317_WIND_1-6,6,341.400000,0.000000,0.000000,25.908321,341.400000
303_WIND_1-6,6,28.100000,2000.000000,0.000000,25.908321,28.100000
320_PV_1-7,7,0.000000,0.000000,0.000000,26.429209,0.000000
314_PV_1-7,7,0.000000,2000.000000,0.000000,26.429209,0.000000
314_PV_2-7,7,0.000000,2000.000000,0.000000,26.429209,0.000000
313_PV_1-7,7,0.000000,2000.000000,0.000000,26.429209,0.000000
314_PV_3-7,7,0.000000,2000.000000,0.000000,26.429209,0.000000
314_PV_4-7,7,0.000000,2000.000000,0.000000,26.429209,0.000000
313_PV_2-7,7,0.000000,2000.000000,0.000000,26.429209,0.000000
310_PV_1-7,7,0.000000,2000.000000,0.000000,26.429209,0.000000
324_PV_1-7,7,0.000000,2000.000000,0.000000,26.429209,0.000000
312_PV_1-7,7,0.000000,2000.000000,0.000000,26.429209,0.000000
310_PV_2-7,7,0.000000,2000.000000,0.000000,26.429209,0.000000
324_PV_2-7,7,0.000000,2000.000000,0.000000,26.429209,0.000000
324_PV_3-7,7,0.000000,2000.000000,0.000000,26.429209,0.000000
319_PV_1-7,7,0.000000,2000.000000,0.000000,26.429209,0.000000
308_RTPV_1-7,7,0.000000,0.000000,0.000000,26.429209,0.000000
313_RTPV_1-7,7,0.000000,2000.000000,0.000000,26.429209,0.000000
313_RTPV_2-7,7,0.000000,2000.000000,0.000000,26.429209,0.000000
313_RTPV_3-7,7,0.000000,2000.000000,0.000000,26.429209,0.000000
313_RTPV_4-7,7,0.000000,2000.000000,0.000000,26.429209,0.000000
313_RTPV_5-7,7,0.000000,2000.000000,0.000000,26.429209,0.000000
313_RTPV_6-7,7,0.000000,2000.000000,0.000000,26.429209,0.000000
313_RTPV_7-7,7,0.000000,2000.000000,0.000000,26.429209,0.000000
313_RTPV_8-7,7,0.000000,2000.000000,0.000000,26.429209,0.000000
313_RTPV_9-7,7,0.000000,2000.000000,0.000000,26.429209,0.000000
313_RTPV_10-7,7,0.000000,2000.000000,0.000000,26.429209,0.000000
313_RTPV_11-7,7,0.000000,2000.000000,0.000000,26.429209,0.000000
313_RTPV_12-7,7,0.000000,2000.000000,0.000000,26.429209,0.000000
320_RTPV_1-7,7,0.000000,0.000000,0.000000,26.429209,0.000000
320_RTPV_2-7,7,0.000000,0.000000,0.000000,26.429209,0.000000
320_RTPV_3-7,7,0.000000,0.000000,0.000000,26.429209,0.000000
313_RTPV_13-7,7,0.000000,2000.000000,0.000000,26.429209,0.000000
320_RTPV_4-7,7,0.000000,0.000000,0.000000,26.429209,0.000000
320_RTPV_5-7,7,0.000000,0.000000,0.000000,26.429209,0.000000
320_RTPV_6-7,7,0.000000,0.000000,0.000000,26.429209,0.000000
309_WIND_1-7,7,25.900000,2000.000000,0.000000,26.429209,25.900000
317_WIND_1-7,7,345.900000,1470.424011,0.000000,26.429209,345.900000
303_WIND_1-7,7,44.400000,2000.000000,0.000000,26.429209,44.400000
320_PV_1-8,8,26.900000,0.000000,0.000000,21.116646,26.900000
314_PV_1-8,8,26.100000,2000.000000,0.000000,21.116646,26.100000
314_PV_2-8,8,27.800000,2000.000000,0.000000,21.116646,27.800000
313_PV_1-8,8,35.300000,2000.000000,0.000000,21.116646,35.300000
314_PV_3-8,8,36.800000,2000.000000,0.000000,21.116646,36.800000
314_PV_4-8,8,27.800000,2000.000000,0.000000,21.116646,27.800000
313_PV_2-8,8,35.900000,2000.000000,0.000000,21.116646,35.900000
310_PV_1-8,8,27.600000,2000.000000,0.000000,21.116646,27.600000
324_PV_1-8,8,26.900000,2000.000000,0.000000,21.116646,26.900000
312_PV_1-8,8,35.400000,1083.735721,0.000000,21.116646,35.400000
310_PV_2-8,8,26.700000,2000.000000,0.000000,21.116646,26.700000
324_PV_2-8,8,26.600000,2000.000000,0.000000,21.116646,26.600000
324_PV_3-8,8,26.500000,2000.000000,0.000000,21.116646,26.500000
319_PV_1-8,8,105.300000,2000.000000,0.000000,21.116646,105.300000
308_RTPV_1-8,8,16.300000,2000.000000,0.000000,21.116646,16.300000
313_RTPV_1-8,8,16.400000,2000.000000,0.000000,21.116646,16.400000
313_RTPV_2-8,8,10.800000,2000.000000,0.000000,21.116646,10.800000
313_RTPV_3-8,8,10.200000,2000.000000,0.000000,21.116646,10.200000
313_RTPV_4-8,8,10.500000,2000.000000,0.000000,21.116646,10.500000
313_RTPV_5-8,8,10.900000,2000.000000,0.000000,21.116646,10.900000
313_RTPV_6-8,8,10.700000,2000.000000,0.000000,21.116646,10.700000
313_RTPV_7-8,8,11.100000,2000.000000,0.000000,21.116646,11.100000
313_RTPV_8-8,8,10.800000,2000.000000,0.000000,21.116646,10.800000
313_RTPV_9-8,8,11.100000,2000.000000,0.000000,21.116646,11.100000
313_RTPV_10-8,8,10.800000,2000.000000,0.000000,21.116646,10.800000
313_RTPV_11-8,8,11.100000,2000.000000,0.000000,21.116646,11.100000
313_RTPV_12-8,8,4.700000,2000.000000,0.000000,21.116646,4.700000
320_RTPV_1-8,8,4.700000,0.000000,0.000000,21.116646,4.700000
320_RTPV_2-8,8,4.700000,0.000000,0.000000,21.116646,4.700000
320_RTPV_3-8,8,5.100000,0.000000,0.000000,21.116646,5.100000
313_RTPV_13-8,8,5.000000,2000.000000,0.000000,21.116646,5.000000
320_RTPV_4-8,8,4.600000,0.000000,0.000000,21.116646,4.600000
320_RTPV_5-8,8,5.200000,0.000000,0.000000,21.116646,5.200000
320_RTPV_6-8,8,1.800000,0.000000,0.000000,21.116646,1.800000
309_WIND_1-8,8,23.100000,2000.000000,0.000000,21.116646,23.100000
317_WIND_1-8,8,374.100000,1619.393038,0.000000,21.116646,374.100000
303_WIND_1-8,8,32.100000,2000.000000,0.000000,21.116646,32.100000
320_PV_1-9,9,36.000000,2000.000000,0.000000,15.731579,36.000000
314_PV_1-9,9,35.000000,1718.678320,0.000000,15.731579,35.000000
314_PV_2-9,9,35.500000,1718.678320,0.000000,15.731579,35.500000
313_PV_1-9,9,53.400000,2000.000000,0.000000,15.731579,53.400000
314_PV_3-9,9,54.900000,1718.678320,0.000000,15.731579,54.900000
314_PV_4-9,9,35.500000,1718.678320,0.000000,15.731579,35.500000
313_PV_2-9,9,54.700000,2000.000000,0.000000,15.731579,54.700000
310_PV_1-9,9,35.600000,2000.000000,0.000000,15.731579,35.600000
324_PV_1-9,9,34.500000,2000.000000,0.000000,15.731579,34.500000
312_PV_1-9,9,53.700000,2000.000000,0.000000,15.731579,53.700000
310_PV_2-9,9,34.400000,2000.000000,0.000000,15.731579,34.400000
324_PV_2-9,9,35.300000,2000.000000,0.000000,15.731579,35.300000
324_PV_3-9,9,35.300000,2000.000000,0.000000,15.731579,35.300000
319_PV_1-9,9,136.400000,2000.000000,0.000000,15.731579,136.400000
308_RTPV_1-9,9,37.900000,2000.000000,0.000000,15.731579,37.900000
313_RTPV_1-9,9,38.000000,2000.000000,0.000000,15.731579,38.000000
313_RTPV_2-9,9,24.400000,2000.000000,0.000000,15.731579,24.400000
313_RTPV_3-9,9,23.400000,2000.000000,0.000000,15.731579,23.400000
313_RTPV_4-9,9,24.400000,2000.000000,0.000000,15.731579,24.400000
313_RTPV_5-9,9,24.400000,2000.000000,0.000000,15.731579,24.400000
313_RTPV_6-9,9,24.200000,2000.000000,0.000000,15.731579,24.200000
313_RTPV_7-9,9,25.900000,2000.000000,0.000000,15.731579,25.900000
313_RTPV_8-9,9,24.700000,2000.000000,0.000000,15.731579,24.700000
313_RTPV_9-9,9,25.900000,2000.000000,0.000000,15.731579,25.900000
313_RTPV_10-9,9,25.000000,2000.000000,0.000000,15.731579,25.000000
313_RTPV_11-9,9,25.600000,2000.000000,0.000000,15.731579,25.600000
313_RTPV_12-9,9,10.700000,2000.000000,0.000000,15.731579,10.700000
320_RTPV_1-9,9,10.700000,2000.000000,0.000000,15.731579,10.700000
320_RTPV_2-9,9,10.700000,2000.000000,0.000000,15.731579,10.700000
320_RTPV_3-9,9,11.400000,2000.000000,0.000000,15.731579,11.400000
313_RTPV_13-9,9,11.400000,2000.000000,0.000000,15.731579,11.400000
320_RTPV_4-9,9,10.500000,2000.000000,0.000000,15.731579,10.500000
320_RTPV_5-9,9,12.000000,2000.000000,0.000000,15.731579,12.000000
320_RTPV_6-9,9,3.700000,2000.000000,0.000000,15.731579,3.700000
309_WIND_1-9,9,15.000000,520.459091,0.000000,15.731579,15.000000
317_WIND_1-9,9,243.500000,0.000000,0.000000,15.731579,243.500000
303_WIND_1-9,9,28.500000,1331.055565,0.000000,15.731579,28.500000
320_PV_1-10,10,0.000000,0.000000,0.000000,0.000000,38.300000
314_PV_1-10,10,37.300000,2000.000000,0.000000,0.000000,37.300000
314_PV_2-10,10,37.900000,2000.000000,0.000000,0.000000,37.900000
313_PV_1-10,10,63.700000,2000.000000,0.000000,0.000000,63.700000
314_PV_3-10,10,64.800000,2000.000000,0.000000,0.000000,64.800000
314_PV_4-10,10,37.900000,2000.000000,0.000000,0.000000,37.900000
313_PV_2-10,10,65.900000,2000.000000,0.000000,0.000000,65.900000
310_PV_1-10,10,38.200000,2000.000000,0.000000,0.000000,38.200000
324_PV_1-10,10,36.900000,2000.000000,0.000000,0.000000,36.900000
312_PV_1-10,10,64.100000,2000.000000,0.000000,0.000000,64.100000
310_PV_2-10,10,36.800000,2000.000000,0.000000,0.000000,36.800000
324_PV_2-10,10,37.200000,2000.000000,0.000000,0.000000,37.200000
324_PV_3-10,10,37.100000,2000.000000,0.000000,0.000000,37.100000
319_PV_1-10,10,145.200000,2000.000000,0.000000,0.000000,145.200000
308_RTPV_1-10,10,55.100000,2000.000000,0.000000,-0.000000,55.100000
313_RTPV_1-10,10,55.100000,2000.000000,0.000000,0.000000,55.100000
313_RTPV_2-10,10,34.700000,2000.000000,0.000000,0.000000,34.700000
313_RTPV_3-10,10,32.700000,2000.000000,0.000000,0.000000,32.700000
313_RTPV_4-10,10,34.700000,2000.000000,0.000000,0.000000,34.700000
313_RTPV_5-10,10,34.100000,2000.000000,0.000000,0.000000,34.100000
313_RTPV_6-10,10,36.000000,2000.000000,0.000000,0.000000,36.000000
313_RTPV_7-10,10,38.000000,2000.000000,0.000000,0.000000,38.000000
313_RTPV_8-10,10,36.300000,2000.000000,0.000000,0.000000,36.300000
313_RTPV_9-10,10,38.000000,2000.000000,0.000000,0.000000,38.000000
313_RTPV_10-10,10,37.000000,2000.000000,0.000000,0.000000,37.000000
313_RTPV_11-10,10,38.000000,2000.000000,0.000000,0.000000,38.000000
313_RTPV_12-10,10,15.200000,2000.000000,0.000000,0.000000,15.200000
320_RTPV_1-10,10,0.000000,0.000000,0.000000,0.000000,15.200000
320_RTPV_2-10,10,0.000000,0.000000,0.000000,0.000000,15.200000
320_RTPV_3-10,10,0.000000,0.000000,0.000000,0.000000,16.400000
313_RTPV_13-10,10,16.300000,2000.000000,0.000000,0.000000,16.300000
320_RTPV_4-10,10,0.000000,0.000000,0.000000,0.000000,15.600000
320_RTPV_5-10,10,0.000000,0.000000,0.000000,0.000000,17.200000
320_RTPV_6-10,10,0.000000,0.000000,0.000000,0.000000,5.200000
309_WIND_1-10,10,16.800000,2000.000000,0.000000,-0.000000,16.800000
317_WIND_1-10,10,282.800000,1172.485957,0.000000,-0.000000,282.800000
303_WIND_1-10,10,34.500000,2000.000000,0.000000,-0.000000,34.500000
320_PV_1-11,11,0.000000,2000.000000,0.000000,0.000000,39.400000
314_PV_1-11,11,38.900000,2000.000000,0.000000,0.000000,38.900000
314_PV_2-11,11,39.500000,2000.000000,0.000000,0.000000,39.500000
313_PV_1-11,11,70.600000,2000.000000,0.000000,-0.000000,70.600000
314_PV_3-11,11,72.500000,2000.000000,0.000000,0.000000,72.500000
314_PV_4-11,11,39.500000,2000.000000,0.000000,0.000000,39.500000
313_PV_2-11,11,72.700000,2000.000000,0.000000,-0.000000,72.700000
310_PV_1-11,11,39.500000,2000.000000,0.000000,-0.000000,39.500000
324_PV_1-11,11,38.300000,2000.000000,0.000000,0.000000,38.300000
312_PV_1-11,11,70.900000,2000.000000,0.000000,-0.000000,70.900000
310_PV_2-11,11,38.000000,2000.000000,0.000000,-0.000000,38.000000
324_PV_2-11,11,38.500000,2000.000000,0.000000,0.000000,38.500000
324_PV_3-11,11,38.500000,2000.000000,0.000000,0.000000,38.500000
319_PV_1-11,11,123.402562,2000.000000,0.000000,0.000000,146.700000
308_RTPV_1-11,11,68.100000,2000.000000,0.000000,-0.000000,68.100000
313_RTPV_1-11,11,68.100000,2000.000000,0.000000,-0.000000,68.100000
313_RTPV_2-11,11,42.200000,2000.000000,0.000000,-0.000000,42.200000
313_RTPV_3-11,11,42.600000,2000.000000,0.000000,-0.000000,42.600000
313_RTPV_4-11,11,43.000000,2000.000000,0.000000,-0.000000,43.000000
313_RTPV_5-11,11,42.000000,2000.000000,0.000000,-0.000000,42.000000
313_RTPV_6-11,11,44.600000,2000.000000,0.000000,-0.000000,44.600000
313_RTPV_7-11,11,46.300000,2000.000000,0.000000,-0.000000,46.300000
313_RTPV_8-11,11,45.100000,2000.000000,0.000000,-0.000000,45.100000
313_RTPV_9-11,11,46.300000,2000.000000,0.000000,-0.000000,46.300000
313_RTPV_10-11,11,45.800000,2000.000000,0.000000,-0.000000,45.800000
313_RTPV_11-11,11,47.200000,2000.000000,0.000000,-0.000000,47.200000
313_RTPV_12-11,11,18.800000,2000.000000,0.000000,-0.000000,18.800000
320_RTPV_1-11,11,0.000000,2000.000000,0.000000,0.000000,18.800000
320_RTPV_2-11,11,0.000000,2000.000000,0.000000,0.000000,18.800000
320_RTPV_3-11,11,0.000000,2000.000000,0.000000,0.000000,20.300000
313_RTPV_13-11,11,19.900000,2000.000000,0.000000,-0.000000,19.900000
320_RTPV_4-11,11,0.000000,2000.000000,0.000000,0.000000,19.200000
320_RTPV_5-11,11,0.000000,2000.000000,0.000000,0.000000,21.400000
320_RTPV_6-11,11,0.000000,2000.000000,0.000000,0.000000,6.500000
309_WIND_1-11,11,28.100000,2000.000000,0.000000,-0.000000,28.100000
317_WIND_1-11,11,164.600000,909.810410,0.000000,0.000000,164.600000
303_WIND_1-11,11,41.200000,1830.949147,0.000000,-0.000000,41.200000
320_PV_1-12,12,38.800000,2000.000000,0.000000,0.000000,38.800000
314_PV_1-12,12,37.700000,2000.000000,0.000000,0.000000,37.700000
314_PV_2-12,12,38.300000,2000.000000,0.000000,0.000000,38.300000
313_PV_1-12,12,71.000000,2000.000000,0.000000,0.000000,71.000000
314_PV_3-12,12,73.000000,2000.000000,0.000000,0.000000,73.000000
314_PV_4-12,12,38.300000,2000.000000,0.000000,0.000000,38.300000
313_PV_2-12,12,48.457419,2000.000000,0.000000,0.000000,73.000000
310_PV_1-12,12,38.200000,2000.000000,0.000000,-0.000000,38.200000
324_PV_1-12,12,37.200000,2000.000000,0.000000,0.000000,37.200000
312_PV_1-12,12,71.300000,0.000000,0.000000,-0.000000,71.300000
310_PV_2-12,12,36.900000,2000.000000,0.000000,-0.000000,36.900000
324_PV_2-12,12,37.200000,2000.000000,0.000000,0.000000,37.200000
324_PV_3-12,12,37.200000,2000.000000,0.000000,0.000000,37.200000
319_PV_1-12,12,146.600000,2000.000000,0.000000,-0.000000,146.600000
308_RTPV_1-12,12,73.000000,2000.000000,0.000000,-0.000000,73.000000
313_RTPV_1-12,12,73.000000,2000.000000,0.000000,0.000000,73.000000
313_RTPV_2-12,12,46.500000,2000.000000,0.000000,0.000000,46.500000
313_RTPV_3-12,12,43.100000,2000.000000,0.000000,0.000000,43.100000
313_RTPV_4-12,12,43.800000,2000.000000,0.000000,0.000000,43.800000
313_RTPV_5-12,12,40.100000,2000.000000,0.000000,0.000000,40.100000
313_RTPV_6-12,12,47.300000,2000.000000,0.000000,0.000000,47.300000
313_RTPV_7-12,12,48.700000,2000.000000,0.000000,0.000000,48.700000
313_RTPV_8-12,12,47.900000,2000.000000,0.000000,0.000000,47.900000
313_RTPV_9-12,12,48.700000,2000.000000,0.000000,0.000000,48.700000
313_RTPV_10-12,12,0.000000,2000.000000,0.000000,0.000000,48.700000
313_RTPV_11-12,12,0.000000,2000.000000,0.000000,0.000000,48.800000
313_RTPV_12-12,12,20.100000,2000.000000,0.000000,0.000000,20.100000
320_RTPV_1-12,12,20.100000,2000.000000,0.000000,0.000000,20.100000
320_RTPV_2-12,12,20.100000,2000.000000,0.000000,0.000000,20.100000
320_RTPV_3-12,12,20.800000,2000.000000,0.000000,0.000000,20.800000
313_RTPV_13-12,12,20.800000,2000.000000,0.000000,0.000000,20.800000
320_RTPV_4-12,12,20.100000,2000.000000,0.000000,0.000000,20.100000
320_RTPV_5-12,12,22.200000,2000.000000,0.000000,0.000000,22.200000
320_RTPV_6-12,12,7.200000,2000.000000,0.000000,0.000000,7.200000
309_WIND_1-12,12,24.300000,2000.000000,0.000000,-0.000000,24.300000
317_WIND_1-12,12,130.900000,0.000000,0.000000,0.000000,130.900000
303_WIND_1-12,12,38.900000,2000.000000,0.000000,-0.000000,38.900000
320_PV_1-13,13,38.100000,0.000000,0.000000,0.000000,38.100000
314_PV_1-13,13,35.600000,2000.000000,0.000000,0.000000,35.600000
314_PV_2-13,13,36.500000,2000.000000,0.000000,0.000000,36.500000
313_PV_1-13,13,67.500000,2000.000000,0.000000,0.000000,67.500000
314_PV_3-13,13,69.100000,2000.000000,0.000000,0.000000,69.100000
314_PV_4-13,13,36.500000,2000.000000,0.000000,0.000000,36.500000
313_PV_2-13,13,69.500000,2000.000000,0.000000,0.000000,69.500000
310_PV_1-13,13,36.400000,2000.000000,0.000000,0.000000,36.400000
324_PV_1-13,13,35.400000,2000.000000,0.000000,0.000000,35.400000
312_PV_1-13,13,68.400000,2000.000000,0.000000,0.000000,68.400000
310_PV_2-13,13,35.300000,2000.000000,0.000000,0.000000,35.300000
324_PV_2-13,13,35.800000,2000.000000,0.000000,0.000000,35.800000
324_PV_3-13,13,35.800000,2000.000000,0.000000,0.000000,35.800000
319_PV_1-13,13,145.200000,2000.000000,0.000000,0.000000,145.200000
308_RTPV_1-13,13,60.100000,2000.000000,0.000000,-0.000000,60.100000
313_RTPV_1-13,13,60.100000,2000.000000,0.000000,0.000000,60.100000
313_RTPV_2-13,13,42.600000,2000.000000,0.000000,0.000000,42.600000
313_RTPV_3-13,13,35.800000,2000.000000,0.000000,0.000000,35.800000
313_RTPV_4-13,13,40.400000,2000.000000,0.000000,0.000000,40.400000
313_RTPV_5-13,13,40.800000,2000.000000,0.000000,0.000000,40.800000
313_RTPV_6-13,13,40.900000,2000.000000,0.000000,0.000000,40.900000
313_RTPV_7-13,13,47.500000,2000.000000,0.000000,0.000000,47.500000
313_RTPV_8-13,13,46.100000,2000.000000,0.000000,0.000000,46.100000
313_RTPV_9-13,13,47.000000,2000.000000,0.000000,0.000000,47.000000
313_RTPV_10-13,13,46.200000,2000.000000,0.000000,0.000000,46.200000
313_RTPV_11-13,13,45.100000,2000.000000,0.000000,0.000000,45.100000
313_RTPV_12-13,13,20.300000,2000.000000,0.000000,0.000000,20.300000
320_RTPV_1-13,13,20.300000,0.000000,0.000000,0.000000,20.300000
320_RTPV_2-13,13,20.300000,0.000000,0.000000,0.000000,20.300000
320_RTPV_3-13,13,20.500000,0.000000,0.000000,0.000000,20.500000
313_RTPV_13-13,13,20.800000,2000.000000,0.000000,0.000000,20.800000
320_RTPV_4-13,13,19.700000,0.000000,0.000000,0.000000,19.700000
320_RTPV_5-13,13,21.400000,0.000000,0.000000,0.000000,21.400000
320_RTPV_6-13,13,6.900000,0.000000,0.000000,0.000000,6.900000
309_WIND_1-13,13,10.500000,2000.000000,0.000000,-0.000000,10.500000
317_WIND_1-13,13,227.100000,2000.000000,0.000000,-0.000000,227.100000
303_WIND_1-13,13,27.500000,2000.000000,0.000000,-0.000000,27.500000
320_PV_1-14,14,36.900000,2000.000000,0.000000,15.731579,36.900000
314_PV_1-14,14,35.000000,2000.000000,0.000000,15.731579,35.000000
314_PV_2-14,14,36.400000,2000.000000,0.000000,15.731579,36.400000
313_PV_1-14,14,64.300000,2000.000000,0.000000,15.731579,64.300000
314_PV_3-14,14,66.000000,2000.000000,0.000000,15.731579,66.000000
314_PV_4-14,14,36.400000,2000.000000,0.000000,15.731579,36.400000
313_PV_2-14,14,65.600000,2000.000000,0.000000,15.731579,65.600000
310_PV_1-14,14,36.300000,2000.000000,0.000000,15.731579,36.300000
324_PV_1-14,14,35.400000,2000.000000,0.000000,15.731579,35.400000
312_PV_1-14,14,65.900000,2000.000000,0.000000,15.731579,65.900000
310_PV_2-14,14,35.000000,2000.000000,0.000000,15.731579,35.000000
324_PV_2-14,14,36.200000,2000.000000,0.000000,15.731579,36.200000
324_PV_3-14,14,36.200000,2000.000000,0.000000,15.731579,36.200000
319_PV_1-14,14,143.000000,2000.000000,0.000000,15.731579,143.000000
308_RTPV_1-14,14,51.900000,2000.000000,0.000000,15.731579,51.900000
313_RTPV_1-14,14,51.900000,2000.000000,0.000000,15.731579,51.900000
313_RTPV_2-14,14,37.100000,2000.000000,0.000000,15.731579,37.100000
313_RTPV_3-14,14,31.800000,2000.000000,0.000000,15.731579,31.800000
313_RTPV_4-14,14,30.300000,2000.000000,0.000000,15.731579,30.300000
313_RTPV_5-14,14,34.700000,2000.000000,0.000000,15.731579,34.700000
313_RTPV_6-14,14,33.900000,2000.000000,0.000000,15.731579,33.900000
313_RTPV_7-14,14,41.600000,2000.000000,0.000000,15.731579,41.600000
313_RTPV_8-14,14,34.200000,2000.000000,0.000000,15.731579,34.200000
313_RTPV_9-14,14,41.700000,2000.000000,0.000000,15.731579,41.700000
313_RTPV_10-14,14,40.600000,2000.000000,0.000000,15.731579,40.600000
313_RTPV_11-14,14,39.700000,2000.000000,0.000000,15.731579,39.700000
313_RTPV_12-14,14,18.400000,2000.000000,0.000000,15.731579,18.400000
320_RTPV_1-14,14,18.400000,2000.000000,0.000000,15.731579,18.400000
320_RTPV_2-14,14,18.400000,2000.000000,0.000000,15.731579,18.400000
320_RTPV_3-14,14,19.000000,2000.000000,0.000000,15.731579,19.000000
313_RTPV_13-14,14,19.000000,2000.000000,0.000000,15.731579,19.000000
320_RTPV_4-14,14,18.000000,2000.000000,0.000000,15.731579,18.000000
320_RTPV_5-14,14,19.200000,2000.000000,0.000000,15.731579,19.200000
320_RTPV_6-14,14,6.100000,2000.000000,0.000000,15.731579,6.100000
309_WIND_1-14,14,4.300000,2000.000000,0.000000,15.731579,4.300000
317_WIND_1-14,14,239.900000,2000.000000,0.000000,15.731579,239.900000
303_WIND_1-14,14,15.900000,2000.000000,0.000000,15.731579,15.900000
320_PV_1-15,15,33.100000,2000.000000,0.000000,22.732463,33.100000
314_PV_1-15,15,33.700000,2000.000000,0.000000,22.732463,33.700000
314_PV_2-15,15,34.000000,2000.000000,0.000000,22.732463,34.000000
313_PV_1-15,15,56.200000,2000.000000,0.000000,22.732463,56.200000
314_PV_3-15,15,59.400000,2000.000000,0.000000,22.732463,59.400000
314_PV_4-15,15,34.000000,2000.000000,0.000000,22.732463,34.000000
313_PV_2-15,15,53.500000,2000.000000,0.000000,22.732463,53.500000
310_PV_1-15,15,35.000000,2000.000000,0.000000,22.732463,35.000000
324_PV_1-15,15,33.100000,2000.000000,0.000000,22.732463,33.100000
312_PV_1-15,15,58.400000,2000.000000,0.000000,22.732463,58.400000
310_PV_2-15,15,33.100000,2000.000000,0.000000,22.732463,33.100000
324_PV_2-15,15,33.400000,2000.000000,0.000000,22.732463,33.400000
324_PV_3-15,15,33.400000,2000.000000,0.000000,22.732463,33.400000
319_PV_1-15,15,129.200000,2000.000000,0.000000,22.732463,129.200000
308_RTPV_1-15,15,43.200000,2000.000000,0.000000,22.732463,43.200000
313_RTPV_1-15,15,43.100000,2000.000000,0.000000,22.732463,43.100000
313_RTPV_2-15,15,28.500000,2000.000000,0.000000,22.732463,28.500000
313_RTPV_3-15,15,24.000000,2000.000000,0.000000,22.732463,24.000000
313_RTPV_4-15,15,25.300000,2000.000000,0.000000,22.732463,25.300000
313_RTPV_5-15,15,27.600000,2000.000000,0.000000,22.732463,27.600000
313_RTPV_6-15,15,27.700000,2000.000000,0.000000,22.732463,27.700000
313_RTPV_7-15,15,32.700000,2000.000000,0.000000,22.732463,32.700000
313_RTPV_8-15,15,26.500000,2000.000000,0.000000,22.732463,26.500000
313_RTPV_9-15,15,32.600000,2000.000000,0.000000,22.732463,32.600000
313_RTPV_10-15,15,33.100000,2000.000000,0.000000,22.732463,33.100000
313_RTPV_11-15,15,32.800000,2000.000000,0.000000,22.732463,32.800000
313_RTPV_12-15,15,13.700000,2000.000000,0.000000,22.732463,13.700000
320_RTPV_1-15,15,13.700000,2000.000000,0.000000,22.732463,13.700000
320_RTPV_2-15,15,13.700000,2000.000000,0.000000,22.732463,13.700000
320_RTPV_3-15,15,14.700000,2000.000000,0.000000,22.732463,14.700000
313_RTPV_13-15,15,14.800000,2000.000000,0.000000,22.732463,14.800000
320_RTPV_4-15,15,13.600000,2000.000000,0.000000,22.732463,13.600000
320_RTPV_5-15,15,15.100000,2000.000000,0.000000,22.732463,15.100000
320_RTPV_6-15,15,4.200000,2000.000000,0.000000,22.732463,4.200000
309_WIND_1-15,15,2.200000,2000.000000,0.000000,22.732463,2.200000
317_WIND_1-15,15,128.000000,768.256131,0.000000,22.732463,128.000000
303_WIND_1-15,15,8.200000,2000.000000,0.000000,22.732463,8.200000
320_PV_1-16,16,30.600000,2000.000000,0.000000,23.334982,30.600000
314_PV_1-16,16,30.000000,2000.000000,0.000000,23.334982,30.000000
314_PV_2-16,16,29.900000,2000.000000,0.000000,23.334982,29.900000
313_PV_1-16,16,45.300000,2000.000000,0.000000,23.334982,45.300000
314_PV_3-16,16,46.700000,2000.000000,0.000000,23.334982,46.700000
314_PV_4-16,16,29.900000,2000.000000,0.000000,23.334982,29.900000
313_PV_2-16,16,46.900000,2000.000000,0.000000,23.334982,46.900000
310_PV_1-16,16,30.400000,2000.000000,0.000000,23.334982,30.400000
324_PV_1-16,16,29.100000,2000.000000,0.000000,23.334982,29.100000
312_PV_1-16,16,46.600000,2000.000000,0.000000,23.334982,46.600000
310_PV_2-16,16,29.400000,2000.000000,0.000000,23.334982,29.400000
324_PV_2-16,16,29.400000,2000.000000,0.000000,23.334982,29.400000
324_PV_3-16,16,29.400000,2000.000000,0.000000,23.334982,29.400000
319_PV_1-16,16,110.100000,2000.000000,0.000000,23.334982,110.100000
308_RTPV_1-16,16,34.000000,2000.000000,0.000000,23.334982,34.000000
313_RTPV_1-16,16,33.900000,2000.000000,0.000000,23.334982,33.900000
313_RTPV_2-16,16,18.900000,2000.000000,0.000000,23.334982,18.900000
313_RTPV_3-16,16,22.400000,2000.000000,0.000000,23.334982,22.400000
313_RTPV_4-16,16,22.100000,2000.000000,0.000000,23.334982,22.100000
313_RTPV_5-16,16,20.600000,2000.000000,0.000000,23.334982,20.600000
313_RTPV_6-16,16,21.400000,2000.000000,0.000000,23.334982,21.400000
313_RTPV_7-16,16,22.100000,2000.000000,0.000000,23.334982,22.100000
313_RTPV_8-16,16,21.200000,2000.000000,0.000000,23.334982,21.200000
313_RTPV_9-16,16,22.000000,2000.000000,0.000000,23.334982,22.000000
313_RTPV_10-16,16,21.700000,2000.000000,0.000000,23.334982,21.700000
313_RTPV_11-16,16,21.600000,2000.000000,0.000000,23.334982,21.600000
313_RTPV_12-16,16,7.200000,2000.000000,0.000000,23.334982,7.200000
320_RTPV_1-16,16,7.200000,2000.000000,0.000000,23.334982,7.200000
320_RTPV_2-16,16,7.200000,2000.000000,0.000000,23.334982,7.200000
320_RTPV_3-16,16,6.500000,2000.000000,0.000000,23.334982,6.500000
313_RTPV_13-16,16,8.700000,2000.000000,0.000000,23.334982,8.700000
320_RTPV_4-16,16,8.300000,2000.000000,0.000000,23.334982,8.300000
320_RTPV_5-16,16,9.800000,2000.000000,0.000000,23.334982,9.800000
320_RTPV_6-16,16,3.000000,2000.000000,0.000000,23.334982,3.000000
309_WIND_1-16,16,1.400000,2000.000000,0.000000,23.334982,1.400000
317_WIND_1-16,16,80.800000,1768.362064,0.000000,23.334982,80.800000
303_WIND_1-16,16,6.100000,2000.000000,0.000000,23.334982,6.100000
320_PV_1-17,17,13.900000,0.000000,0.000000,26.429209,13.900000
314_PV_1-17,17,14.600000,2000.000000,0.000000,26.429209,14.600000
314_PV_2-17,17,15.500000,2000.000000,0.000000,26.429209,15.500000
313_PV_1-17,17,14.900000,2000.000000,0.000000,26.429209,14.900000
314_PV_3-17,17,19.500000,2000.000000,0.000000,26.429209,19.500000
314_PV_4-17,17,15.500000,2000.000000,0.000000,26.429209,15.500000
313_PV_2-17,17,16.600000,2000.000000,0.000000,26.429209,16.600000
310_PV_1-17,17,14.500000,2000.000000,0.000000,26.429209,14.500000
324_PV_1-17,17,14.900000,2000.000000,0.000000,26.429209,14.900000
312_PV_1-17,17,19.900000,2000.000000,0.000000,26.429209,19.900000
310_PV_2-17,17,14.600000,2000.000000,0.000000,26.429209,14.600000
324_PV_2-17,17,14.600000,2000.000000,0.000000,26.429209,14.600000
324_PV_3-17,17,14.600000,2000.000000,0.000000,26.429209,14.600000
319_PV_1-17,17,37.600000,2000.000000,0.000000,26.429209,37.600000
308_RTPV_1-17,17,5.600000,2000.000000,0.000000,26.429209,5.600000
313_RTPV_1-17,17,5.500000,2000.000000,0.000000,26.429209,5.500000
313_RTPV_2-17,17,1.500000,2000.000000,0.000000,26.429209,1.500000
313_RTPV_3-17,17,2.200000,2000.000000,0.000000,26.429209,2.200000
313_RTPV_4-17,17,2.900000,2000.000000,0.000000,26.429209,2.900000
313_RTPV_5-17,17,2.700000,2000.000000,0.000000,26.429209,2.700000
313_RTPV_6-17,17,1.500000,2000.000000,0.000000,26.429209,1.500000
313_RTPV_7-17,17,3.500000,2000.000000,0.000000,26.429209,3.500000
313_RTPV_8-17,17,2.500000,2000.000000,0.000000,26.429209,2.500000
313_RTPV_9-17,17,3.500000,2000.000000,0.000000,26.429209,3.500000
313_RTPV_10-17,17,3.300000,2000.000000,0.000000,26.429209,3.300000
313_RTPV_11-17,17,2.400000,2000.000000,0.000000,26.429209,2.400000
313_RTPV_12-17,17,0.300000,2000.000000,0.000000,26.429209,0.300000
320_RTPV_1-17,17,0.300000,0.000000,0.000000,26.429209,0.300000
320_RTPV_2-17,17,0.300000,0.000000,0.000000,26.429209,0.300000
320_RTPV_3-17,17,0.300000,0.000000,0.000000,26.429209,0.300000
313_RTPV_13-17,17,1.400000,2000.000000,0.000000,26.429209,1.400000
320_RTPV_4-17,17,0.200000,0.000000,0.000000,26.429209,0.200000
320_RTPV_5-17,17,0.400000,0.000000,0.000000,26.429209,0.400000
320_RTPV_6-17,17,0.200000,0.000000,0.000000,26.429209,0.200000
309_WIND_1-17,17,1.400000,2000.000000,0.000000,26.429209,1.400000
317_WIND_1-17,17,54.300000,2000.000000,0.000000,26.429209,54.300000
303_WIND_1-17,17,3.300000,493.890881,0.000000,26.429209,3.300000
320_PV_1-18,18,0.000000,0.000000,0.000000,27.692555,0.000000
314_PV_1-18,18,0.000000,2000.000000,0.000000,27.692555,0.000000
314_PV_2-18,18,0.000000,2000.000000,0.000000,27.692555,0.000000
313_PV_1-18,18,0.000000,2000.000000,0.000000,27.692555,0.000000
314_PV_3-18,18,0.000000,2000.000000,0.000000,27.692555,0.000000
314_PV_4-18,18,0.000000,2000.000000,0.000000,27.692555,0.000000
313_PV_2-18,18,0.000000,2000.000000,0.000000,27.692555,0.000000
310_PV_1-18,18,0.000000,2000.000000,0.000000,27.692555,0.000000
324_PV_1-18,18,0.000000,2000.000000,0.000000,27.692555,0.000000
312_PV_1-18,18,0.000000,2000.000000,0.000000,27.692555,0.000000
310_PV_2-18,18,0.000000,2000.000000,0.000000,27.692555,0.000000
324_PV_2-18,18,0.000000,2000.000000,0.000000,27.692555,0.000000
324_PV_3-18,18,0.000000,2000.000000,0.000000,27.692555,0.000000
319_PV_1-18,18,0.000000,2000.000000,0.000000,27.692555,0.000000
308_RTPV_1-18,18,0.000000,2000.000000,0.000000,27.692555,0.000000
313_RTPV_1-18,18,0.000000,2000.000000,0.000000,27.692555,0.000000
313_RTPV_2-18,18,0.000000,2000.000000,0.000000,27.692555,0.000000
313_RTPV_3-18,18,0.000000,2000.000000,0.000000,27.692555,0.000000
313_RTPV_4-18,18,0.000000,2000.000000,0.000000,27.692555,0.000000
313_RTPV_5-18,18,0.000000,2000.000000,0.000000,27.692555,0.000000
313_RTPV_6-18,18,0.000000,2000.000000,0.000000,27.692555,0.000000
313_RTPV_7-18,18,0.000000,2000.000000,0.000000,27.692555,0.000000
313_RTPV_8-18,18,0.000000,2000.000000,0.000000,27.692555,0.000000
313_RTPV_9-18,18,0.000000,2000.000000,0.000000,27.692555,0.000000
313_RTPV_10-18,18,0.000000,2000.000000,0.000000,27.692555,0.000000
313_RTPV_11-18,18,0.000000,2000.000000,0.000000,27.692555,0.000000
313_RTPV_12-18,18,0.000000,2000.000000,0.000000,27.692555,0.000000
320_RTPV_1-18,18,0.000000,0.000000,0.000000,27.692555,0.000000
320_RTPV_2-18,18,0.000000,0.000000,0.000000,27.692555,0.000000
320_RTPV_3-18,18,0.000000,0.000000,0.000000,27.692555,0.000000
313_RTPV_13-18,18,0.000000,2000.000000,0.000000,27.692555,0.000000
320_RTPV_4-18,18,0.000000,0.000000,0.000000,27.692555,0.000000
320_RTPV_5-18,18,0.000000,0.000000,0.000000,27.692555,0.000000
320_RTPV_6-18,18,0.000000,0.000000,0.000000,27.692555,0.000000
309_WIND_1-18,18,1.700000,2000.000000,0.000000,27.692555,1.700000
317_WIND_1-18,18,2.500000,2000.000000,0.000000,27.692555,2.500000
303_WIND_1-18,18,2.400000,2000.000000,0.000000,27.692555,2.400000
320_PV_1-19,19,0.000000,0.000000,0.000000,27.276623,0.000000
314_PV_1-19,19,0.000000,2000.000000,0.000000,27.276623,0.000000
314_PV_2-19,19,0.000000,2000.000000,0.000000,27.276623,0.000000
313_PV_1-19,19,0.000000,2000.000000,0.000000,27.276623,0.000000
314_PV_3-19,19,0.000000,2000.000000,0.000000,27.276623,0.000000
314_PV_4-19,19,0.000000,2000.000000,0.000000,27.276623,0.000000
313_PV_2-19,19,0.000000,2000.000000,0.000000,27.276623,0.000000
310_PV_1-19,19,0.000000,2000.000000,0.000000,27.276623,0.000000
324_PV_1-19,19,0.000000,2000.000000,0.000000,27.276623,0.000000
312_PV_1-19,19,0.000000,2000.000000,0.000000,27.276623,0.000000
310_PV_2-19,19,0.000000,2000.000000,0.000000,27.276623,0.000000
324_PV_2-19,19,0.000000,2000.000000,0.000000,27.276623,0.000000
324_PV_3-19,19,0.000000,2000.000000,0.000000,27.276623,0.000000
319_PV_1-19,19,0.000000,2000.000000,0.000000,27.276623,0.000000
308_RTPV_1-19,19,0.000000,2000.000000,0.000000,27.276623,0.000000
313_RTPV_1-19,19,0.000000,2000.000000,0.000000,27.276623,0.000000
313_RTPV_2-19,19,0.000000,2000.000000,0.000000,27.276623,0.000000
313_RTPV_3-19,19,0.000000,2000.000000,0.000000,27.276623,0.000000
313_RTPV_4-19,19,0.000000,2000.000000,0.000000,27.276623,0.000000
313_RTPV_5-19,19,0.000000,2000.000000,0.000000,27.276623,0.000000
313_RTPV_6-19,19,0.000000,2000.000000,0.000000,27.276623,0.000000
313_RTPV_7-19,19,0.000000,2000.000000,0.000000,27.276623,0.000000
313_RTPV_8-19,19,0.000000,2000.000000,0.000000,27.276623,0.000000
313_RTPV_9-19,19,0.000000,2000.000000,0.000000,27.276623,0.000000
313_RTPV_10-19,19,0.000000,2000.000000,0.000000,27.276623,0.000000
313_RTPV_11-19,19,0.000000,2000.000000,0.000000,27.276623,0.000000
313_RTPV_12-19,19,0.000000,2000.000000,0.000000,27.276623,0.000000
320_RTPV_1-19,19,0.000000,0.000000,0.000000,27.276623,0.000000
320_RTPV_2-19,19,0.000000,0.000000,0.000000,27.276623,0.000000
320_RTPV_3-19,19,0.000000,0.000000,0.000000,27.276623,0.000000
313_RTPV_13-19,19,0.000000,2000.000000,0.000000,27.276623,0.000000
320_RTPV_4-19,19,0.000000,0.000000,0.000000,27.276623,0.000000
320_RTPV_5-19,19,0.000000,0.000000,0.000000,27.276623,0.000000
320_RTPV_6-19,19,0.000000,0.000000,0.000000,27.276623,0.000000
309_WIND_1-19,19,1.800000,2000.000000,0.000000,27.276623,1.800000
317_WIND_1-19,19,14.100000,1917.331091,0.000000,27.276623,14.100000
303_WIND_1-19,19,34.200000,2000.000000,0.000000,27.276623,34.200000
320_PV_1-20,20,0.000000,2000.000000,0.000000,26.845141,0.000000
314_PV_1-20,20,0.000000,2000.000000,0.000000,26.845141,0.000000
314_PV_2-20,20,0.000000,2000.000000,0.000000,26.845141,0.000000
313_PV_1-20,20,0.000000,2000.000000,0.000000,26.845141,0.000000
314_PV_3-20,20,0.000000,2000.000000,0.000000,26.845141,0.000000
314_PV_4-20,20,0.000000,2000.000000,0.000000,26.845141,0.000000
313_PV_2-20,20,0.000000,2000.000000,0.000000,26.845141,0.000000
310_PV_1-20,20,0.000000,1054.619638,0.000000,26.845141,0.000000
324_PV_1-20,20,0.000000,2000.000000,0.000000,26.845141,0.000000
312_PV_1-20,20,0.000000,2000.000000,0.000000,26.845141,0.000000
310_PV_2-20,20,0.000000,1054.619638,0.000000,26.845141,0.000000
324_PV_2-20,20,0.000000,2000.000000,0.000000,26.845141,0.000000
324_PV_3-20,20,0.000000,2000.000000,0.000000,26.845141,0.000000
319_PV_1-20,20,0.000000,2000.000000,0.000000,26.845141,0.000000
308_RTPV_1-20,20,0.000000,2000.000000,0.000000,26.845141,0.000000
313_RTPV_1-20,20,0.000000,2000.000000,0.000000,26.845141,0.000000
313_RTPV_2-20,20,0.000000,2000.000000,0.000000,26.845141,0.000000
313_RTPV_3-20,20,0.000000,2000.000000,0.000000,26.845141,0.000000
313_RTPV_4-20,20,0.000000,2000.000000,0.000000,26.845141,0.000000
313_RTPV_5-20,20,0.000000,2000.000000,0.000000,26.845141,0.000000
313_RTPV_6-20,20,0.000000,2000.000000,0.000000,26.845141,0.000000
313_RTPV_7-20,20,0.000000,2000.000000,0.000000,26.845141,0.000000
313_RTPV_8-20,20,0.000000,2000.000000,0.000000,26.845141,0.000000
313_RTPV_9-20,20,0.000000,2000.000000,0.000000,26.845141,0.000000
313_RTPV_10-20,20,0.000000,2000.000000,0.000000,26.845141,0.000000
313_RTPV_11-20,20,0.000000,2000.000000,0.000000,26.845141,0.000000
313_RTPV_12-20,20,0.000000,2000.000000,0.000000,26.845141,0.000000
320_RTPV_1-20,20,0.000000,2000.000000,0.000000,26.845141,0.000000
320_RTPV_2-20,20,0.000000,2000.000000,0.000000,26.845141,0.000000
320_RTPV_3-20,20,0.000000,2000.000000,0.000000,26.845141,0.000000
313_RTPV_13-20,20,0.000000,2000.000000,0.000000,26.845141,0.000000
320_RTPV_4-20,20,0.000000,2000.000000,0.000000,26.845141,0.000000
320_RTPV_5-20,20,0.000000,2000.000000,0.000000,26.845141,0.000000
320_RTPV_6-20,20,0.000000,2000.000000,0.000000,26.845141,0.000000
309_WIND_1-20,20,0.900000,2000.000000,0.000000,26.845141,0.900000
317_WIND_1-20,20,7.100000,2000.000000,0.000000,26.845141,7.100000
303_WIND_1-20,20,54.400000,2000.000000,0.000000,26.845141,54.400000
320_PV_1-21,21,0.000000,0.000000,0.000000,26.845141,0.000000
314_PV_1-21,21,0.000000,2000.000000,0.000000,26.845141,0.000000
314_PV_2-21,21,0.000000,2000.000000,0.000000,26.845141,0.000000
313_PV_1-21,21,0.000000,2000.000000,0.000000,26.845141,0.000000
314_PV_3-21,21,0.000000,2000.000000,0.000000,26.845141,0.000000
314_PV_4-21,21,0.000000,2000.000000,0.000000,26.845141,0.000000
313_PV_2-21,21,0.000000,2000.000000,0.000000,26.845141,0.000000
310_PV_1-21,21,0.000000,2000.000000,0.000000,26.845141,0.000000
324_PV_1-21,21,0.000000,2000.000000,0.000000,26.845141,0.000000
312_PV_1-21,21,0.000000,2000.000000,0.000000,26.845141,0.000000
310_PV_2-21,21,0.000000,2000.000000,0.000000,26.845141,0.000000
324_PV_2-21,21,0.000000,2000.000000,0.000000,26.845141,0.000000
324_PV_3-21,21,0.000000,2000.000000,0.000000,26.845141,0.000000
319_PV_1-21,21,0.000000,2000.000000,0.000000,26.845141,0.000000
308_RTPV_1-21,21,0.000000,2000.000000,0.000000,26.845141,0.000000
313_RTPV_1-21,21,0.000000,2000.000000,0.000000,26.845141,0.000000
313_RTPV_2-21,21,0.000000,2000.000000,0.000000,26.845141,0.000000
313_RTPV_3-21,21,0.000000,2000.000000,0.000000,26.845141,0.000000
313_RTPV_4-21,21,0.000000,2000.000000,0.000000,26.845141,0.000000
313_RTPV_5-21,21,0.000000,2000.000000,0.000000,26.845141,0.000000
313_RTPV_6-21,21,0.000000,2000.000000,0.000000,26.845141,0.000000
313_RTPV_7-21,21,0.000000,2000.000000,0.000000,26.845141,0.000000
313_RTPV_8-21,21,0.000000,2000.000000,0.000000,26.845141,0.000000
313_RTPV_9-21,21,0.000000,2000.000000,0.000000,26.845141,0.000000
313_RTPV_10-21,21,0.000000,2000.000000,0.000000,26.845141,0.000000
313_RTPV_11-21,21,0.000000,2000.000000,0.000000,26.845141,0.000000
313_RTPV_12-21,21,0.000000,2000.000000,0.000000,26.845141,0.000000
320_RTPV_1-21,21,0.000000,0.000000,0.000000,26.845141,0.000000
320_RTPV_2-21,21,0.000000,0.000000,0.000000,26.845141,0.000000
320_RTPV_3-21,21,0.000000,0.000000,0.000000,26.845141,0.000000
313_RTPV_13-21,21,0.000000,2000.000000,0.000000,26.845141,0.000000
320_RTPV_4-21,21,0.000000,0.000000,0.000000,26.845141,0.000000
320_RTPV_5-21,21,0.000000,0.000000,0.000000,26.845141,0.000000
320_RTPV_6-21,21,0.000000,0.000000,0.000000,26.845141,0.000000
309_WIND_1-21,21,0.000000,2000.000000,0.000000,26.845141,0.000000
317_WIND_1-21,21,8.900000,1619.393038,0.000000,26.845141,8.900000
303_WIND_1-21,21,1.300000,2000.000000,0.000000,26.845141,1.300000
320_PV_1-22,22,0.000000,2000.000000,0.000000,26.845141,0.000000
314_PV_1-22,22,0.000000,2000.000000,0.000000,26.845141,0.000000
314_PV_2-22,22,0.000000,2000.000000,0.000000,26.845141,0.000000
313_PV_1-22,22,0.000000,2000.000000,0.000000,26.845141,0.000000
314_PV_3-22,22,0.000000,2000.000000,0.000000,26.845141,0.000000
314_PV_4-22,22,0.000000,2000.000000,0.000000,26.845141,0.000000
313_PV_2-22,22,0.000000,2000.000000,0.000000,26.845141,0.000000
310_PV_1-22,22,0.000000,2000.000000,0.000000,26.845141,0.000000
324_PV_1-22,22,0.000000,2000.000000,0.000000,26.845141,0.000000
312_PV_1-22,22,0.000000,2000.000000,0.000000,26.845141,0.000000
310_PV_2-22,22,0.000000,2000.000000,0.000000,26.845141,0.000000
324_PV_2-22,22,0.000000,2000.000000,0.000000,26.845141,0.000000
324_PV_3-22,22,0.000000,2000.000000,0.000000,26.845141,0.000000
319_PV_1-22,22,0.000000,2000.000000,0.000000,26.845141,0.000000
308_RTPV_1-22,22,0.000000,2000.000000,0.000000,26.845141,0.000000
313_RTPV_1-22,22,0.000000,2000.000000,0.000000,26.845141,0.000000
313_RTPV_2-22,22,0.000000,2000.000000,0.000000,26.845141,0.000000
313_RTPV_3-22,22,0.000000,2000.000000,0.000000,26.845141,0.000000
313_RTPV_4-22,22,0.000000,2000.000000,0.000000,26.845141,0.000000
313_RTPV_5-22,22,0.000000,2000.000000,0.000000,26.845141,0.000000
313_RTPV_6-22,22,0.000000,2000.000000,0.000000,26.845141,0.000000
313_RTPV_7-22,22,0.000000,2000.000000,0.000000,26.845141,0.000000
313_RTPV_8-22,22,0.000000,2000.000000,0.000000,26.845141,0.000000
313_RTPV_9-22,22,0.000000,2000.000000,0.000000,26.845141,0.000000
313_RTPV_10-22,22,0.000000,2000.000000,0.000000,26.845141,0.000000
313_RTPV_11-22,22,0.000000,2000.000000,0.000000,26.845141,0.000000
313_RTPV_12-22,22,0.000000,2000.000000,0.000000,26.845141,0.000000
320_RTPV_1-22,22,0.000000,2000.000000,0.000000,26.845141,0.000000
320_RTPV_2-22,22,0.000000,2000.000000,0.000000,26.845141,0.000000
320_RTPV_3-22,22,0.000000,2000.000000,0.000000,26.845141,0.000000
313_RTPV_13-22,22,0.000000,2000.000000,0.000000,26.845141,0.000000
320_RTPV_4-22,22,0.000000,2000.000000,0.000000,26.845141,0.000000
320_RTPV_5-22,22,0.000000,2000.000000,0.000000,26.845141,0.000000
320_RTPV_6-22,22,0.000000,2000.000000,0.000000,26.845141,0.000000
309_WIND_1-22,22,0.000000,2000.000000,0.000000,26.845141,0.000000
317_WIND_1-22,22,14.000000,1172.485957,0.000000,26.845141,14.000000
303_WIND_1-22,22,0.300000,2000.000000,0.000000,26.845141,0.300000
320_PV_1-23,23,0.000000,2000.000000,0.000000,26.755735,0.000000
314_PV_1-23,23,0.000000,2000.000000,0.000000,26.755735,0.000000
314_PV_2-23,23,0.000000,2000.000000,0.000000,26.755735,0.000000
313_PV_1-23,23,0.000000,2000.000000,0.000000,26.755735,0.000000
314_PV_3-23,23,0.000000,2000.000000,0.000000,26.755735,0.000000
314_PV_4-23,23,0.000000,2000.000000,0.000000,26.755735,0.000000
313_PV_2-23,23,0.000000,2000.000000,0.000000,26.755735,0.000000
310_PV_1-23,23,0.000000,2000.000000,0.000000,26.755735,0.000000
324_PV_1-23,23,0.000000,2000.000000,0.000000,26.755735,0.000000
312_PV_1-23,23,0.000000,2000.000000,0.000000,26.755735,0.000000
310_PV_2-23,23,0.000000,2000.000000,0.000000,26.755735,0.000000
324_PV_2-23,23,0.000000,2000.000000,0.000000,26.755735,0.000000
324_PV_3-23,23,0.000000,2000.000000,0.000000,26.755735,0.000000
319_PV_1-23,23,0.000000,2000.000000,0.000000,26.755735,0.000000
308_RTPV_1-23,23,0.000000,2000.000000,0.000000,26.755735,0.000000
313_RTPV_1-23,23,0.000000,2000.000000,0.000000,26.755735,0.000000
313_RTPV_2-23,23,0.000000,2000.000000,0.000000,26.755735,0.000000
313_RTPV_3-23,23,0.000000,2000.000000,0.000000,26.755735,0.000000
313_RTPV_4-23,23,0.000000,2000.000000,0.000000,26.755735,0.000000
313_RTPV_5-23,23,0.000000,2000.000000,0.000000,26.755735,0.000000
313_RTPV_6-23,23,0.000000,2000.000000,0.000000,26.755735,0.000000
313_RTPV_7-23,23,0.000000,2000.000000,0.000000,26.755735,0.000000
313_RTPV_8-23,23,0.000000,2000.000000,0.000000,26.755735,0.000000
313_RTPV_9-23,23,0.000000,2000.000000,0.000000,26.755735,0.000000
313_RTPV_10-23,23,0.000000,2000.000000,0.000000,26.755735,0.000000
313_RTPV_11-23,23,0.000000,2000.000000,0.000000,26.755735,0.000000
313_RTPV_12-23,23,0.000000,2000.000000,0.000000,26.755735,0.000000
320_RTPV_1-23,23,0.000000,2000.000000,0.000000,26.755735,0.000000
320_RTPV_2-23,23,0.000000,2000.000000,0.000000,26.755735,0.000000
320_RTPV_3-23,23,0.000000,2000.000000,0.000000,26.755735,0.000000
313_RTPV_13-23,23,0.000000,2000.000000,0.000000,26.755735,0.000000
320_RTPV_4-23,23,0.000000,2000.000000,0.000000,26.755735,0.000000
320_RTPV_5-23,23,0.000000,2000.000000,0.000000,26.755735,0.000000
320_RTPV_6-23,23,0.000000,2000.000000,0.000000,26.755735,0.000000
309_WIND_1-23,23,0.100000,2000.000000,0.000000,26.755735,0.100000
317_WIND_1-23,23,9.600000,909.810410,0.000000,26.755735,9.600000
303_WIND_1-23,23,8.200000,2000.000000,0.000000,26.755735,8.200000
320_PV_1-24,24,0.000000,2000.000000,0.000000,26.429209,0.000000
314_PV_1-24,24,0.000000,2000.000000,0.000000,26.429209,0.000000
314_PV_2-24,24,0.000000,2000.000000,0.000000,26.429209,0.000000
313_PV_1-24,24,0.000000,2000.000000,0.000000,26.429209,0.000000
314_PV_3-24,24,0.000000,2000.000000,0.000000,26.429209,0.000000
314_PV_4-24,24,0.000000,2000.000000,0.000000,26.429209,0.000000
313_PV_2-24,24,0.000000,2000.000000,0.000000,26.429209,0.000000
310_PV_1-24,24,0.000000,2000.000000,0.000000,26.429209,0.000000
324_PV_1-24,24,0.000000,2000.000000,0.000000,26.429209,0.000000
312_PV_1-24,24,0.000000,1672.275969,0.000000,26.429209,0.000000
310_PV_2-24,24,0.000000,2000.000000,0.000000,26.429209,0.000000
324_PV_2-24,24,0.000000,2000.000000,0.000000,26.429209,0.000000
324_PV_3-24,24,0.000000,2000.000000,0.000000,26.429209,0.000000
319_PV_1-24,24,0.000000,2000.000000,0.000000,26.429209,0.000000
308_RTPV_1-24,24,0.000000,2000.000000,0.000000,26.429209,0.000000
313_RTPV_1-24,24,0.000000,2000.000000,0.000000,26.429209,0.000000
313_RTPV_2-24,24,0.000000,2000.000000,0.000000,26.429209,0.000000
313_RTPV_3-24,24,0.000000,2000.000000,0.000000,26.429209,0.000000
313_RTPV_4-24,24,0.000000,2000.000000,0.000000,26.429209,0.000000
313_RTPV_5-24,24,0.000000,2000.000000,0.000000,26.429209,0.000000
313_RTPV_6-24,24,0.000000,2000.000000,0.000000,26.429209,0.000000
313_RTPV_7-24,24,0.000000,2000.000000,0.000000,26.429209,0.000000
313_RTPV_8-24,24,0.000000,2000.000000,0.000000,26.429209,0.000000
313_RTPV_9-24,24,0.000000,2000.000000,0.000000,26.429209,0.000000
313_RTPV_10-24,24,0.000000,2000.000000,0.000000,26.429209,0.000000
313_RTPV_11-24,24,0.000000,2000.000000,0.000000,26.429209,0.000000
313_RTPV_12-24,24,0.000000,2000.000000,0.000000,26.429209,0.000000
320_RTPV_1-24,24,0.000000,2000.000000,0.000000,26.429209,0.000000
320_RTPV_2-24,24,0.000000,2000.000000,0.000000,26.429209,0.000000
320_RTPV_3-24,24,0.000000,2000.000000,0.000000,26.429209,0.000000
313_RTPV_13-24,24,0.000000,2000.000000,0.000000,26.429209,0.000000
320_RTPV_4-24,24,0.000000,2000.000000,0.000000,26.429209,0.000000
320_RTPV_5-24,24,0.000000,2000.000000,0.000000,26.429209,0.000000
320_RTPV_6-24,24,0.000000,2000.000000,0.000000,26.429209,0.000000
309_WIND_1-24,24,2.100000,2000.000000,0.000000,26.429209,2.100000
317_WIND_1-24,24,4.400000,2000.000000,0.000000,26.429209,4.400000
303_WIND_1-24,24,7.800000,2000.000000,0.000000,26.429209,7.800000
