,time,charge,discharge,totaldischarge,soc,discharge_offer,maxdischargeoffer,charge_offer,maxchargeoffer,tightdual,socmaxdual,socmindual,chargemindual,dischargemindual,finalsocdual,finalsocMAXdual,finalsocMINdual,cycledual,bindonecyclemaxdual,bindonecyclemindual,node,lmp,profit
313_STORAGE_1,1,300.000000,0.000000,0.000000,255.000000,0.000000,5000.000000,0.000000,5000.000000,0.000000,352.941176,0.000000,300.000000,0.000000,0.000000,0.000000,0.000000,0.000000,0.000000,0.000000,303,-0.000000,0.0
313_STORAGE_1,2,300.000000,0.000000,0.000000,510.000000,0.000000,5000.000000,0.000000,5000.000000,0.000000,0.000000,2089.417248,0.000000,352.941176,0.000000,0.000000,0.000000,0.000000,0.000000,0.000000,303,-0.000000,0.0
313_STORAGE_1,3,300.000000,0.000000,0.000000,765.000000,0.000000,5000.000000,0.000000,5000.000000,0.000000,0.000000,1965.551260,39.528589,0.000000,0.000000,0.000000,0.000000,0.000000,0.000000,0.000000,303,-0.000000,0.0
313_STORAGE_1,4,129.092959,0.000000,0.000000,874.729015,0.000000,5000.000000,0.000000,5000.000000,0.425507,4054.968509,0.000000,0.000000,0.000000,0.000000,0.000000,0.000000,0.000000,0.000000,0.000000,303,15.731579,-2030.8360828522611
313_STORAGE_1,5,29.730571,0.000000,0.000000,900.000000,0.000000,5000.000000,0.000000,5000.000000,0.000000,0.000000,1433.790694,0.000000,352.941176,0.000000,0.000000,0.000000,0.000000,0.000000,0.000000,303,15.731579,-467.70882640160903
313_STORAGE_1,6,0.000000,0.000000,0.000000,900.000000,0.000000,5000.000000,0.000000,5000.000000,0.000000,1080.849518,0.000000,0.000000,137.872572,0.000000,0.000000,0.000000,0.000000,0.000000,0.000000,303,21.287879,0.0
313_STORAGE_1,7,0.000000,0.000000,0.000000,900.000000,0.000000,5000.000000,0.000000,5000.000000,0.000000,352.941176,0.000000,300.000000,0.000000,0.000000,0.000000,0.000000,0.000000,0.000000,0.000000,303,22.732463,0.0
313_STORAGE_1,8,0.000000,0.890259,0.890259,899.109741,0.000000,5000.000000,0.000000,5000.000000,0.000000,0.000000,352.941176,0.000000,352.941176,0.000000,0.000000,0.000000,0.000000,0.000000,0.000000,303,26.311255,23.423831565045
313_STORAGE_1,9,0.000000,274.145325,274.145325,624.964416,0.000000,5000.000000,0.000000,5000.000000,0.000000,352.941176,0.000000,300.000000,0.000000,0.000000,0.000000,0.000000,0.000000,0.000000,0.000000,303,26.311255,7213.107553132875
313_STORAGE_1,10,0.000000,137.888439,137.888439,487.075977,0.000000,5000.000000,0.000000,5000.000000,0.000000,0.000000,352.941176,0.000000,352.941176,0.000000,0.000000,0.000000,0.000000,0.000000,0.000000,303,26.311255,3628.017880080945
313_STORAGE_1,11,0.000000,86.229851,86.229851,400.846126,0.000000,5000.000000,0.000000,5000.000000,0.000000,352.941176,0.000000,300.000000,0.000000,0.000000,0.000000,0.000000,0.000000,0.000000,0.000000,303,26.311255,2268.815598273005
313_STORAGE_1,12,0.000000,86.862956,86.862956,313.983170,0.000000,5000.000000,0.000000,5000.000000,0.000000,0.000000,0.000000,0.000000,352.941176,0.000000,0.000000,0.000000,0.000000,0.000000,0.000000,303,26.311255,2285.47338536978
313_STORAGE_1,13,0.000000,75.717534,75.717534,238.265636,0.000000,5000.000000,0.000000,5000.000000,0.000000,0.000000,352.941176,0.000000,352.941176,0.000000,0.000000,0.000000,0.000000,0.000000,0.000000,303,26.311255,1992.22334504517
313_STORAGE_1,14,0.000000,79.643037,79.643037,158.622599,0.000000,5000.000000,0.000000,5000.000000,0.000000,0.000000,0.000000,300.000000,0.000000,0.000000,0.000000,0.000000,0.000000,0.000000,0.000000,303,26.311255,2095.5082554814353
313_STORAGE_1,15,0.000000,115.776046,115.776046,42.846553,0.000000,5000.000000,0.000000,5000.000000,0.000000,135.550080,0.000000,300.000000,0.000000,0.000000,0.000000,0.000000,0.000000,0.000000,0.000000,303,26.311255,3046.21306919773
313_STORAGE_1,16,0.000000,0.000000,0.000000,42.846553,15.731579,5000.000000,15.731579,5000.000000,0.000000,217.391096,0.000000,0.000000,320.332512,0.000000,0.000000,0.000000,0.000000,0.000000,0.000000,303,25.908321,0.0
313_STORAGE_1,17,0.000000,42.846553,42.846553,0.000000,0.000000,5000.000000,0.000000,5000.000000,0.000000,0.000000,7.758205,0.000000,352.941176,0.000000,0.000000,0.000000,0.000000,0.000000,0.000000,303,26.311255,1127.3465818540149
313_STORAGE_1,18,0.000000,0.000000,0.000000,0.000000,3.094227,5000.000000,6.594474,5000.000000,0.000000,0.000000,348.277199,0.000000,348.277199,0.000000,0.000000,0.000000,0.000000,0.000000,0.000000,303,26.429209,0.0
313_STORAGE_1,19,0.000000,0.000000,0.000000,0.000000,3.094227,5000.000000,0.000000,5000.000000,0.000000,0.000000,0.000000,302.630093,0.000000,0.000000,0.000000,0.000000,0.000000,0.000000,0.000000,303,26.401998,0.0
313_STORAGE_1,20,0.000000,0.000000,0.000000,0.000000,3.094227,5000.000000,6.594474,5000.000000,0.000000,0.000000,1415.857678,296.035619,0.000000,0.000000,0.000000,0.000000,0.000000,0.000000,0.000000,303,26.401998,0.0
313_STORAGE_1,21,0.000000,0.000000,0.000000,0.000000,3.094227,5000.000000,0.000000,5000.000000,0.000000,1016.439873,0.000000,0.000000,90.251441,0.000000,0.000000,0.000000,0.000000,0.000000,0.000000,303,22.732463,0.0
313_STORAGE_1,22,0.000000,0.000000,0.000000,0.000000,3.094227,5000.000000,6.594474,5000.000000,0.000000,755.453209,0.000000,236.122948,0.000000,0.000000,0.000000,0.000000,0.000000,0.000000,0.000000,303,22.732463,0.0
313_STORAGE_1,23,0.000000,0.000000,0.000000,0.000000,0.000000,5000.000000,0.000000,5000.000000,0.000000,0.000000,3.756685,0.000000,352.941176,0.000000,0.000000,0.000000,0.000000,0.000000,0.000000,303,23.334982,0.0
313_STORAGE_1,24,0.000000,0.000000,0.000000,0.000000,0.000000,5000.000000,3.193182,5000.000000,0.000000,0.000000,2349.184492,0.000000,349.184492,0.000000,0.000000,0.000000,0.000000,0.000000,0.000000,303,22.732463,0.0
