,time,charge,discharge,totaldischarge,soc,discharge_offer,maxdischargeoffer,charge_offer,maxchargeoffer,tightdual,socmaxdual,socmindual,chargemindual,dischargemindual,finalsocdual,finalsocMAXdual,finalsocMINdual,cycledual,bindonecyclemaxdual,bindonecyclemindual,node,lmp,profit
313_STORAGE_1,1,0.000000,0.000000,0.000000,0.000000,15.731579,5000.000000,15.731579,5000.000000,0.000000,368.672755,0.000000,297.640263,0.000000,0.000000,0.000000,0.000000,0.000000,0.000000,0.000000,303,0.000000,0.0
313_STORAGE_1,2,300.000000,0.000000,0.000000,255.000000,0.000000,5000.000000,0.000000,5000.000000,0.000000,0.000000,2105.148827,0.000000,352.941176,0.000000,0.000000,0.000000,0.000000,0.000000,0.000000,303,0.000000,0.0
313_STORAGE_1,3,0.000000,0.000000,0.000000,255.000000,15.731579,5000.000000,15.731579,5000.000000,0.000000,0.000000,1966.826794,37.168852,0.000000,0.000000,0.000000,0.000000,0.000000,0.000000,0.000000,303,0.000000,0.0
313_STORAGE_1,4,0.000000,0.000000,0.000000,255.000000,15.731579,5000.000000,15.731579,5000.000000,0.429759,4053.467881,0.000000,0.000000,0.000000,0.000000,0.000000,0.000000,0.000000,0.000000,0.000000,303,0.000000,0.0
313_STORAGE_1,5,0.000000,0.000000,0.000000,255.000000,15.731579,5000.000000,15.731579,5000.000000,0.000000,0.000000,1433.790694,0.000000,350.165015,0.000000,0.000000,0.000000,0.000000,0.000000,0.000000,303,0.000000,0.0
313_STORAGE_1,6,0.000000,0.000000,0.000000,255.000000,15.731579,5000.000000,15.731579,5000.000000,0.000000,1078.240612,0.000000,0.000000,135.096411,0.000000,0.000000,0.000000,0.000000,0.000000,0.000000,303,0.000000,0.0
313_STORAGE_1,7,0.000000,0.000000,0.000000,255.000000,21.116646,5000.000000,21.116646,5000.000000,0.000000,355.550082,0.000000,296.832503,0.000000,0.000000,0.000000,0.000000,0.000000,0.000000,0.000000,303,0.000000,0.0
313_STORAGE_1,8,0.000000,0.000000,0.000000,255.000000,15.731579,5000.000000,15.731579,5000.000000,0.000000,0.000000,334.433436,0.000000,350.165015,0.000000,0.000000,0.000000,0.000000,0.000000,0.000000,303,0.000000,0.0
313_STORAGE_1,9,300.000000,0.000000,0.000000,510.000000,0.000000,5000.000000,0.000000,5000.000000,0.000000,352.941176,0.000000,300.000000,0.000000,0.000000,0.000000,0.000000,0.000000,0.000000,0.000000,303,-0.000000,0.0
313_STORAGE_1,10,300.000000,0.000000,0.000000,765.000000,0.000000,5000.000000,0.000000,5000.000000,0.000000,0.000000,352.941176,0.000000,352.941176,0.000000,0.000000,0.000000,0.000000,0.000000,0.000000,303,-0.000000,0.0
313_STORAGE_1,11,79.873097,0.000000,0.000000,832.892132,0.000000,5000.000000,0.000000,5000.000000,0.000000,352.941176,0.000000,300.000000,0.000000,0.000000,0.000000,0.000000,0.000000,0.000000,0.000000,303,0.000000,0.0
313_STORAGE_1,12,78.950433,0.000000,0.000000,900.000000,0.000000,5000.000000,0.000000,5000.000000,0.000000,0.000000,18.507740,0.000000,352.941176,0.000000,0.000000,0.000000,0.000000,0.000000,0.000000,303,0.000000,0.0
313_STORAGE_1,13,0.000000,0.000000,0.000000,900.000000,15.731579,5000.000000,15.731579,5000.000000,0.000000,0.000000,350.165015,0.000000,350.165015,0.000000,0.000000,0.000000,0.000000,0.000000,0.000000,303,15.731579,0.0
313_STORAGE_1,14,0.000000,0.000000,0.000000,900.000000,15.731579,5000.000000,15.731579,5000.000000,0.000000,15.731579,0.000000,297.640263,0.000000,0.000000,0.000000,0.000000,0.000000,0.000000,0.000000,303,21.287879,0.0
313_STORAGE_1,15,0.000000,58.116273,58.116273,841.883727,0.000000,5000.000000,3.409869,5000.000000,0.000000,154.057820,0.000000,296.590131,0.000000,0.000000,0.000000,0.000000,0.000000,0.000000,0.000000,303,22.472019,1305.989991065187
313_STORAGE_1,16,0.000000,5.678960,5.678960,836.204767,3.696746,5000.000000,0.000000,5000.000000,0.000000,190.033300,0.000000,0.000000,326.805419,0.000000,0.000000,0.000000,0.000000,0.000000,0.000000,303,26.168765,148.6113696844
313_STORAGE_1,17,0.000000,0.000000,0.000000,836.204767,4.112679,5000.000000,7.522548,5000.000000,0.000000,0.105184,0.000000,0.000000,348.203799,0.000000,0.000000,0.000000,0.000000,0.000000,0.000000,303,26.429209,0.0
313_STORAGE_1,18,0.000000,113.922318,113.922318,722.282449,4.023273,5000.000000,7.433142,5000.000000,0.000000,0.000000,347.865840,0.000000,348.219577,0.000000,0.000000,0.000000,0.000000,0.000000,0.000000,303,26.495292,3018.405080726856
313_STORAGE_1,19,0.000000,109.067944,109.067944,613.214505,3.669536,5000.000000,7.079405,5000.000000,0.000000,0.000000,0.027210,296.039701,0.000000,0.000000,0.000000,0.000000,0.000000,0.000000,0.000000,303,26.141555,2851.20565681292
313_STORAGE_1,20,0.000000,107.004543,107.004543,506.209962,3.696746,5000.000000,7.106616,5000.000000,0.000000,0.000000,1415.255159,296.035618,0.000000,0.000000,0.000000,0.000000,0.000000,0.000000,0.000000,303,26.168765,2800.176739699395
313_STORAGE_1,21,0.000000,98.555626,98.555626,407.654335,3.232049,5000.000000,0.000000,5000.000000,0.000000,1019.534100,0.000000,0.000000,90.389263,0.000000,0.000000,0.000000,0.000000,0.000000,0.000000,303,25.704068,2533.280512486568
313_STORAGE_1,22,0.000000,124.474872,124.474872,283.179463,0.000000,5000.000000,3.409869,5000.000000,0.000000,748.632515,0.000000,236.677460,0.000000,0.000000,0.000000,0.000000,0.000000,0.000000,0.000000,303,22.472019,2797.201688606568
313_STORAGE_1,23,0.000000,266.956972,266.956972,16.222491,0.000000,5000.000000,3.167497,5000.000000,0.000000,0.000000,1.900960,0.000000,349.214709,0.000000,0.000000,0.000000,0.000000,0.000000,0.000000,303,22.472019,5999.062146966468
313_STORAGE_1,24,0.000000,16.222491,16.222491,0.000000,1.615816,5000.000000,4.783313,5000.000000,0.000000,0.000000,2347.313749,0.000000,348.929565,0.000000,0.000000,0.000000,0.000000,0.000000,0.000000,303,24.087835,390.764686496985
