,hour,dispatch,dual,offer,lmp,capacity
320_PV_1-1,1,0.000000,15.731579,0.000000,15.731579,0.000000
314_PV_1-1,1,0.000000,15.731579,0.000000,15.731579,0.000000
314_PV_2-1,1,0.000000,15.731579,0.000000,15.731579,0.000000
313_PV_1-1,1,0.000000,15.731579,0.000000,15.731579,0.000000
314_PV_3-1,1,0.000000,15.731579,0.000000,15.731579,0.000000
314_PV_4-1,1,0.000000,15.731579,0.000000,15.731579,0.000000
313_PV_2-1,1,0.000000,15.731579,0.000000,15.731579,0.000000
310_PV_1-1,1,0.000000,15.731579,0.000000,15.731579,0.000000
324_PV_1-1,1,0.000000,15.731579,0.000000,15.731579,0.000000
312_PV_1-1,1,0.000000,15.731579,0.000000,15.731579,0.000000
310_PV_2-1,1,0.000000,15.731579,0.000000,15.731579,0.000000
324_PV_2-1,1,0.000000,15.731579,0.000000,15.731579,0.000000
324_PV_3-1,1,0.000000,15.731579,0.000000,15.731579,0.000000
319_PV_1-1,1,0.000000,15.731579,0.000000,15.731579,0.000000
308_RTPV_1-1,1,0.000000,15.731579,0.000000,15.731579,0.000000
313_RTPV_1-1,1,0.000000,15.731579,0.000000,15.731579,0.000000
313_RTPV_2-1,1,0.000000,15.731579,0.000000,15.731579,0.000000
313_RTPV_3-1,1,0.000000,15.731579,0.000000,15.731579,0.000000
313_RTPV_4-1,1,0.000000,15.731579,0.000000,15.731579,0.000000
313_RTPV_5-1,1,0.000000,15.731579,0.000000,15.731579,0.000000
313_RTPV_6-1,1,0.000000,15.731579,0.000000,15.731579,0.000000
313_RTPV_7-1,1,0.000000,15.731579,0.000000,15.731579,0.000000
313_RTPV_8-1,1,0.000000,15.731579,0.000000,15.731579,0.000000
313_RTPV_9-1,1,0.000000,15.731579,0.000000,15.731579,0.000000
313_RTPV_10-1,1,0.000000,15.731579,0.000000,15.731579,0.000000
313_RTPV_11-1,1,0.000000,15.731579,0.000000,15.731579,0.000000
313_RTPV_12-1,1,0.000000,15.731579,0.000000,15.731579,0.000000
320_RTPV_1-1,1,0.000000,15.731579,0.000000,15.731579,0.000000
320_RTPV_2-1,1,0.000000,15.731579,0.000000,15.731579,0.000000
320_RTPV_3-1,1,0.000000,15.731579,0.000000,15.731579,0.000000
313_RTPV_13-1,1,0.000000,15.731579,0.000000,15.731579,0.000000
320_RTPV_4-1,1,0.000000,15.731579,0.000000,15.731579,0.000000
320_RTPV_5-1,1,0.000000,15.731579,0.000000,15.731579,0.000000
320_RTPV_6-1,1,0.000000,15.731579,0.000000,15.731579,0.000000
309_WIND_1-1,1,90.125000,15.731579,0.000000,15.731579,90.125000
317_WIND_1-1,1,613.033333,15.731579,0.000000,15.731579,613.033333
303_WIND_1-1,1,56.633333,15.731579,0.000000,15.731579,56.633333
320_PV_1-2,2,0.000000,22.732463,0.000000,22.732463,0.000000
314_PV_1-2,2,0.000000,22.732463,0.000000,22.732463,0.000000
314_PV_2-2,2,0.000000,22.732463,0.000000,22.732463,0.000000
313_PV_1-2,2,0.000000,22.732463,0.000000,22.732463,0.000000
314_PV_3-2,2,0.000000,22.732463,0.000000,22.732463,0.000000
314_PV_4-2,2,0.000000,22.732463,0.000000,22.732463,0.000000
313_PV_2-2,2,0.000000,22.732463,0.000000,22.732463,0.000000
310_PV_1-2,2,0.000000,22.732463,0.000000,22.732463,0.000000
324_PV_1-2,2,0.000000,22.732463,0.000000,22.732463,0.000000
312_PV_1-2,2,0.000000,22.732463,0.000000,22.732463,0.000000
310_PV_2-2,2,0.000000,22.732463,0.000000,22.732463,0.000000
324_PV_2-2,2,0.000000,22.732463,0.000000,22.732463,0.000000
324_PV_3-2,2,0.000000,22.732463,0.000000,22.732463,0.000000
319_PV_1-2,2,0.000000,22.732463,0.000000,22.732463,0.000000
308_RTPV_1-2,2,0.000000,22.732463,0.000000,22.732463,0.000000
313_RTPV_1-2,2,0.000000,22.732463,0.000000,22.732463,0.000000
313_RTPV_2-2,2,0.000000,22.732463,0.000000,22.732463,0.000000
313_RTPV_3-2,2,0.000000,22.732463,0.000000,22.732463,0.000000
313_RTPV_4-2,2,0.000000,22.732463,0.000000,22.732463,0.000000
313_RTPV_5-2,2,0.000000,22.732463,0.000000,22.732463,0.000000
313_RTPV_6-2,2,0.000000,22.732463,0.000000,22.732463,0.000000
313_RTPV_7-2,2,0.000000,22.732463,0.000000,22.732463,0.000000
313_RTPV_8-2,2,0.000000,22.732463,0.000000,22.732463,0.000000
313_RTPV_9-2,2,0.000000,22.732463,0.000000,22.732463,0.000000
313_RTPV_10-2,2,0.000000,22.732463,0.000000,22.732463,0.000000
313_RTPV_11-2,2,0.000000,22.732463,0.000000,22.732463,0.000000
313_RTPV_12-2,2,0.000000,22.732463,0.000000,22.732463,0.000000
320_RTPV_1-2,2,0.000000,22.732463,0.000000,22.732463,0.000000
320_RTPV_2-2,2,0.000000,22.732463,0.000000,22.732463,0.000000
320_RTPV_3-2,2,0.000000,22.732463,0.000000,22.732463,0.000000
313_RTPV_13-2,2,0.000000,22.732463,0.000000,22.732463,0.000000
320_RTPV_4-2,2,0.000000,22.732463,0.000000,22.732463,0.000000
320_RTPV_5-2,2,0.000000,22.732463,0.000000,22.732463,0.000000
320_RTPV_6-2,2,0.000000,22.732463,0.000000,22.732463,0.000000
309_WIND_1-2,2,23.800000,22.732463,0.000000,22.732463,23.800000
317_WIND_1-2,2,379.416667,22.732463,0.000000,22.732463,379.416667
303_WIND_1-2,2,45.250000,22.732463,0.000000,22.732463,45.250000
320_PV_1-3,3,0.000000,23.334982,0.000000,23.334982,0.000000
314_PV_1-3,3,0.000000,23.334982,0.000000,23.334982,0.000000
314_PV_2-3,3,0.000000,23.334982,0.000000,23.334982,0.000000
313_PV_1-3,3,0.000000,23.334982,0.000000,23.334982,0.000000
314_PV_3-3,3,0.000000,23.334982,0.000000,23.334982,0.000000
314_PV_4-3,3,0.000000,23.334982,0.000000,23.334982,0.000000
313_PV_2-3,3,0.000000,23.334982,0.000000,23.334982,0.000000
310_PV_1-3,3,0.000000,23.334982,0.000000,23.334982,0.000000
324_PV_1-3,3,0.000000,23.334982,0.000000,23.334982,0.000000
312_PV_1-3,3,0.000000,23.334982,0.000000,23.334982,0.000000
310_PV_2-3,3,0.000000,23.334982,0.000000,23.334982,0.000000
324_PV_2-3,3,0.000000,23.334982,0.000000,23.334982,0.000000
324_PV_3-3,3,0.000000,23.334982,0.000000,23.334982,0.000000
319_PV_1-3,3,0.000000,23.334982,0.000000,23.334982,0.000000
308_RTPV_1-3,3,0.000000,23.334982,0.000000,23.334982,0.000000
313_RTPV_1-3,3,0.000000,23.334982,0.000000,23.334982,0.000000
313_RTPV_2-3,3,0.000000,23.334982,0.000000,23.334982,0.000000
313_RTPV_3-3,3,0.000000,23.334982,0.000000,23.334982,0.000000
313_RTPV_4-3,3,0.000000,23.334982,0.000000,23.334982,0.000000
313_RTPV_5-3,3,0.000000,23.334982,0.000000,23.334982,0.000000
313_RTPV_6-3,3,0.000000,23.334982,0.000000,23.334982,0.000000
313_RTPV_7-3,3,0.000000,23.334982,0.000000,23.334982,0.000000
313_RTPV_8-3,3,0.000000,23.334982,0.000000,23.334982,0.000000
313_RTPV_9-3,3,0.000000,23.334982,0.000000,23.334982,0.000000
313_RTPV_10-3,3,0.000000,23.334982,0.000000,23.334982,0.000000
313_RTPV_11-3,3,0.000000,23.334982,0.000000,23.334982,0.000000
313_RTPV_12-3,3,0.000000,23.334982,0.000000,23.334982,0.000000
320_RTPV_1-3,3,0.000000,23.334982,0.000000,23.334982,0.000000
320_RTPV_2-3,3,0.000000,23.334982,0.000000,23.334982,0.000000
320_RTPV_3-3,3,0.000000,23.334982,0.000000,23.334982,0.000000
313_RTPV_13-3,3,0.000000,23.334982,0.000000,23.334982,0.000000
320_RTPV_4-3,3,0.000000,23.334982,0.000000,23.334982,0.000000
320_RTPV_5-3,3,0.000000,23.334982,0.000000,23.334982,0.000000
320_RTPV_6-3,3,0.000000,23.334982,0.000000,23.334982,0.000000
309_WIND_1-3,3,19.650000,23.334982,0.000000,23.334982,19.650000
317_WIND_1-3,3,215.750000,23.334982,0.000000,23.334982,215.750000
303_WIND_1-3,3,66.683333,23.334982,0.000000,23.334982,66.683333
320_PV_1-4,4,0.000000,23.334982,0.000000,23.334982,0.000000
314_PV_1-4,4,0.000000,23.334982,0.000000,23.334982,0.000000
314_PV_2-4,4,0.000000,23.334982,0.000000,23.334982,0.000000
313_PV_1-4,4,0.000000,23.334982,0.000000,23.334982,0.000000
314_PV_3-4,4,0.000000,23.334982,0.000000,23.334982,0.000000
314_PV_4-4,4,0.000000,23.334982,0.000000,23.334982,0.000000
313_PV_2-4,4,0.000000,23.334982,0.000000,23.334982,0.000000
310_PV_1-4,4,0.000000,23.334982,0.000000,23.334982,0.000000
324_PV_1-4,4,0.000000,23.334982,0.000000,23.334982,0.000000
312_PV_1-4,4,0.000000,23.334982,0.000000,23.334982,0.000000
310_PV_2-4,4,0.000000,23.334982,0.000000,23.334982,0.000000
324_PV_2-4,4,0.000000,23.334982,0.000000,23.334982,0.000000
324_PV_3-4,4,0.000000,23.334982,0.000000,23.334982,0.000000
319_PV_1-4,4,0.000000,23.334982,0.000000,23.334982,0.000000
308_RTPV_1-4,4,0.000000,23.334982,0.000000,23.334982,0.000000
313_RTPV_1-4,4,0.000000,23.334982,0.000000,23.334982,0.000000
313_RTPV_2-4,4,0.000000,23.334982,0.000000,23.334982,0.000000
313_RTPV_3-4,4,0.000000,23.334982,0.000000,23.334982,0.000000
313_RTPV_4-4,4,0.000000,23.334982,0.000000,23.334982,0.000000
313_RTPV_5-4,4,0.000000,23.334982,0.000000,23.334982,0.000000
313_RTPV_6-4,4,0.000000,23.334982,0.000000,23.334982,0.000000
313_RTPV_7-4,4,0.000000,23.334982,0.000000,23.334982,0.000000
313_RTPV_8-4,4,0.000000,23.334982,0.000000,23.334982,0.000000
313_RTPV_9-4,4,0.000000,23.334982,0.000000,23.334982,0.000000
313_RTPV_10-4,4,0.000000,23.334982,0.000000,23.334982,0.000000
313_RTPV_11-4,4,0.000000,23.334982,0.000000,23.334982,0.000000
313_RTPV_12-4,4,0.000000,23.334982,0.000000,23.334982,0.000000
320_RTPV_1-4,4,0.000000,23.334982,0.000000,23.334982,0.000000
320_RTPV_2-4,4,0.000000,23.334982,0.000000,23.334982,0.000000
320_RTPV_3-4,4,0.000000,23.334982,0.000000,23.334982,0.000000
313_RTPV_13-4,4,0.000000,23.334982,0.000000,23.334982,0.000000
320_RTPV_4-4,4,0.000000,23.334982,0.000000,23.334982,0.000000
320_RTPV_5-4,4,0.000000,23.334982,0.000000,23.334982,0.000000
320_RTPV_6-4,4,0.000000,23.334982,0.000000,23.334982,0.000000
309_WIND_1-4,4,10.733333,23.334982,0.000000,23.334982,10.733333
317_WIND_1-4,4,257.833333,23.334982,0.000000,23.334982,257.833333
303_WIND_1-4,4,60.016667,23.334982,0.000000,23.334982,60.016667
320_PV_1-5,5,0.000000,25.908321,0.000000,25.908321,0.000000
314_PV_1-5,5,0.000000,25.908321,0.000000,25.908321,0.000000
314_PV_2-5,5,0.000000,25.908321,0.000000,25.908321,0.000000
313_PV_1-5,5,0.000000,25.908321,0.000000,25.908321,0.000000
314_PV_3-5,5,0.000000,25.908321,0.000000,25.908321,0.000000
314_PV_4-5,5,0.000000,25.908321,0.000000,25.908321,0.000000
313_PV_2-5,5,0.000000,25.908321,0.000000,25.908321,0.000000
310_PV_1-5,5,0.000000,25.908321,0.000000,25.908321,0.000000
324_PV_1-5,5,0.000000,25.908321,0.000000,25.908321,0.000000
312_PV_1-5,5,0.000000,25.908321,0.000000,25.908321,0.000000
310_PV_2-5,5,0.000000,25.908321,0.000000,25.908321,0.000000
324_PV_2-5,5,0.000000,25.908321,0.000000,25.908321,0.000000
324_PV_3-5,5,0.000000,25.908321,0.000000,25.908321,0.000000
319_PV_1-5,5,0.000000,25.908321,0.000000,25.908321,0.000000
308_RTPV_1-5,5,0.000000,25.908321,0.000000,25.908321,0.000000
313_RTPV_1-5,5,0.000000,25.908321,0.000000,25.908321,0.000000
313_RTPV_2-5,5,0.000000,25.908321,0.000000,25.908321,0.000000
313_RTPV_3-5,5,0.000000,25.908321,0.000000,25.908321,0.000000
313_RTPV_4-5,5,0.000000,25.908321,0.000000,25.908321,0.000000
313_RTPV_5-5,5,0.000000,25.908321,0.000000,25.908321,0.000000
313_RTPV_6-5,5,0.000000,25.908321,0.000000,25.908321,0.000000
313_RTPV_7-5,5,0.000000,25.908321,0.000000,25.908321,0.000000
313_RTPV_8-5,5,0.000000,25.908321,0.000000,25.908321,0.000000
313_RTPV_9-5,5,0.000000,25.908321,0.000000,25.908321,0.000000
313_RTPV_10-5,5,0.000000,25.908321,0.000000,25.908321,0.000000
313_RTPV_11-5,5,0.000000,25.908321,0.000000,25.908321,0.000000
313_RTPV_12-5,5,0.000000,25.908321,0.000000,25.908321,0.000000
320_RTPV_1-5,5,0.000000,25.908321,0.000000,25.908321,0.000000
320_RTPV_2-5,5,0.000000,25.908321,0.000000,25.908321,0.000000
320_RTPV_3-5,5,0.000000,25.908321,0.000000,25.908321,0.000000
313_RTPV_13-5,5,0.000000,25.908321,0.000000,25.908321,0.000000
320_RTPV_4-5,5,0.000000,25.908321,0.000000,25.908321,0.000000
320_RTPV_5-5,5,0.000000,25.908321,0.000000,25.908321,0.000000
320_RTPV_6-5,5,0.000000,25.908321,0.000000,25.908321,0.000000
309_WIND_1-5,5,22.008333,25.908321,0.000000,25.908321,22.008333
317_WIND_1-5,5,257.075000,25.908321,0.000000,25.908321,257.075000
303_WIND_1-5,5,43.750000,25.908321,0.000000,25.908321,43.750000
320_PV_1-6,6,0.000000,26.401998,0.000000,26.401998,0.000000
314_PV_1-6,6,0.000000,26.401998,0.000000,26.401998,0.000000
314_PV_2-6,6,0.000000,26.401998,0.000000,26.401998,0.000000
313_PV_1-6,6,0.000000,26.401998,0.000000,26.401998,0.000000
314_PV_3-6,6,0.000000,26.401998,0.000000,26.401998,0.000000
314_PV_4-6,6,0.000000,26.401998,0.000000,26.401998,0.000000
313_PV_2-6,6,0.000000,26.401998,0.000000,26.401998,0.000000
310_PV_1-6,6,0.000000,26.401998,0.000000,26.401998,0.000000
324_PV_1-6,6,0.000000,26.401998,0.000000,26.401998,0.000000
312_PV_1-6,6,0.000000,26.401998,0.000000,26.401998,0.000000
310_PV_2-6,6,0.000000,26.401998,0.000000,26.401998,0.000000
324_PV_2-6,6,0.000000,26.401998,0.000000,26.401998,0.000000
324_PV_3-6,6,0.000000,26.401998,0.000000,26.401998,0.000000
319_PV_1-6,6,0.000000,26.401998,0.000000,26.401998,0.000000
308_RTPV_1-6,6,0.000000,26.401998,0.000000,26.401998,0.000000
313_RTPV_1-6,6,0.000000,26.401998,0.000000,26.401998,0.000000
313_RTPV_2-6,6,0.000000,26.401998,0.000000,26.401998,0.000000
313_RTPV_3-6,6,0.000000,26.401998,0.000000,26.401998,0.000000
313_RTPV_4-6,6,0.000000,26.401998,0.000000,26.401998,0.000000
313_RTPV_5-6,6,0.000000,26.401998,0.000000,26.401998,0.000000
313_RTPV_6-6,6,0.000000,26.401998,0.000000,26.401998,0.000000
313_RTPV_7-6,6,0.000000,26.401998,0.000000,26.401998,0.000000
313_RTPV_8-6,6,0.000000,26.401998,0.000000,26.401998,0.000000
313_RTPV_9-6,6,0.000000,26.401998,0.000000,26.401998,0.000000
313_RTPV_10-6,6,0.000000,26.401998,0.000000,26.401998,0.000000
313_RTPV_11-6,6,0.000000,26.401998,0.000000,26.401998,0.000000
313_RTPV_12-6,6,0.000000,26.401998,0.000000,26.401998,0.000000
320_RTPV_1-6,6,0.000000,26.401998,0.000000,26.401998,0.000000
320_RTPV_2-6,6,0.000000,26.401998,0.000000,26.401998,0.000000
320_RTPV_3-6,6,0.000000,26.401998,0.000000,26.401998,0.000000
313_RTPV_13-6,6,0.000000,26.401998,0.000000,26.401998,0.000000
320_RTPV_4-6,6,0.000000,26.401998,0.000000,26.401998,0.000000
320_RTPV_5-6,6,0.000000,26.401998,0.000000,26.401998,0.000000
320_RTPV_6-6,6,0.000000,26.401998,0.000000,26.401998,0.000000
309_WIND_1-6,6,46.200000,26.401998,0.000000,26.401998,46.200000
317_WIND_1-6,6,347.550000,26.401998,0.000000,26.401998,347.550000
303_WIND_1-6,6,67.250000,26.401998,0.000000,26.401998,67.250000
320_PV_1-7,7,0.000000,22.732463,0.000000,22.732463,0.000000
314_PV_1-7,7,0.000000,22.732463,0.000000,22.732463,0.000000
314_PV_2-7,7,0.000000,22.732463,0.000000,22.732463,0.000000
313_PV_1-7,7,0.000000,22.732463,0.000000,22.732463,0.000000
314_PV_3-7,7,0.000000,22.732463,0.000000,22.732463,0.000000
314_PV_4-7,7,0.000000,22.732463,0.000000,22.732463,0.000000
313_PV_2-7,7,0.000000,22.732463,0.000000,22.732463,0.000000
310_PV_1-7,7,0.000000,22.732463,0.000000,22.732463,0.000000
324_PV_1-7,7,0.000000,22.732463,0.000000,22.732463,0.000000
312_PV_1-7,7,0.000000,22.732463,0.000000,22.732463,0.000000
310_PV_2-7,7,0.000000,22.732463,0.000000,22.732463,0.000000
324_PV_2-7,7,0.000000,22.732463,0.000000,22.732463,0.000000
324_PV_3-7,7,0.000000,22.732463,0.000000,22.732463,0.000000
319_PV_1-7,7,0.000000,22.732463,0.000000,22.732463,0.000000
308_RTPV_1-7,7,0.000000,22.732463,0.000000,22.732463,0.000000
313_RTPV_1-7,7,0.000000,22.732463,0.000000,22.732463,0.000000
313_RTPV_2-7,7,0.000000,22.732463,0.000000,22.732463,0.000000
313_RTPV_3-7,7,0.000000,22.732463,0.000000,22.732463,0.000000
313_RTPV_4-7,7,0.000000,22.732463,0.000000,22.732463,0.000000
313_RTPV_5-7,7,0.000000,22.732463,0.000000,22.732463,0.000000
313_RTPV_6-7,7,0.000000,22.732463,0.000000,22.732463,0.000000
313_RTPV_7-7,7,0.000000,22.732463,0.000000,22.732463,0.000000
313_RTPV_8-7,7,0.000000,22.732463,0.000000,22.732463,0.000000
313_RTPV_9-7,7,0.000000,22.732463,0.000000,22.732463,0.000000
313_RTPV_10-7,7,0.000000,22.732463,0.000000,22.732463,0.000000
313_RTPV_11-7,7,0.000000,22.732463,0.000000,22.732463,0.000000
313_RTPV_12-7,7,0.000000,22.732463,0.000000,22.732463,0.000000
320_RTPV_1-7,7,0.000000,22.732463,0.000000,22.732463,0.000000
320_RTPV_2-7,7,0.000000,22.732463,0.000000,22.732463,0.000000
320_RTPV_3-7,7,0.000000,22.732463,0.000000,22.732463,0.000000
313_RTPV_13-7,7,0.000000,22.732463,0.000000,22.732463,0.000000
320_RTPV_4-7,7,0.000000,22.732463,0.000000,22.732463,0.000000
320_RTPV_5-7,7,0.000000,22.732463,0.000000,22.732463,0.000000
320_RTPV_6-7,7,0.000000,22.732463,0.000000,22.732463,0.000000
309_WIND_1-7,7,93.300000,22.732463,0.000000,22.732463,93.300000
317_WIND_1-7,7,400.366667,22.732463,0.000000,22.732463,400.366667
303_WIND_1-7,7,207.650000,22.732463,0.000000,22.732463,207.650000
320_PV_1-8,8,0.000000,25.908321,0.000000,25.908321,0.000000
314_PV_1-8,8,0.000000,25.908321,0.000000,25.908321,0.000000
314_PV_2-8,8,0.000000,25.908321,0.000000,25.908321,0.000000
313_PV_1-8,8,0.000000,25.908321,0.000000,25.908321,0.000000
314_PV_3-8,8,0.000000,25.908321,0.000000,25.908321,0.000000
314_PV_4-8,8,0.000000,25.908321,0.000000,25.908321,0.000000
313_PV_2-8,8,0.000000,25.908321,0.000000,25.908321,0.000000
310_PV_1-8,8,0.000000,25.908321,0.000000,25.908321,0.000000
324_PV_1-8,8,0.000000,25.908321,0.000000,25.908321,0.000000
312_PV_1-8,8,0.000000,25.908321,0.000000,25.908321,0.000000
310_PV_2-8,8,0.000000,25.908321,0.000000,25.908321,0.000000
324_PV_2-8,8,0.000000,25.908321,0.000000,25.908321,0.000000
324_PV_3-8,8,0.000000,25.908321,0.000000,25.908321,0.000000
319_PV_1-8,8,0.000000,25.908321,0.000000,25.908321,0.000000
308_RTPV_1-8,8,0.000000,25.908321,0.000000,25.908321,0.000000
313_RTPV_1-8,8,0.000000,25.908321,0.000000,25.908321,0.000000
313_RTPV_2-8,8,0.000000,25.908321,0.000000,25.908321,0.000000
313_RTPV_3-8,8,0.000000,25.908321,0.000000,25.908321,0.000000
313_RTPV_4-8,8,0.000000,25.908321,0.000000,25.908321,0.000000
313_RTPV_5-8,8,0.000000,25.908321,0.000000,25.908321,0.000000
313_RTPV_6-8,8,0.000000,25.908321,0.000000,25.908321,0.000000
313_RTPV_7-8,8,0.000000,25.908321,0.000000,25.908321,0.000000
313_RTPV_8-8,8,0.000000,25.908321,0.000000,25.908321,0.000000
313_RTPV_9-8,8,0.000000,25.908321,0.000000,25.908321,0.000000
313_RTPV_10-8,8,0.000000,25.908321,0.000000,25.908321,0.000000
313_RTPV_11-8,8,0.000000,25.908321,0.000000,25.908321,0.000000
313_RTPV_12-8,8,0.000000,25.908321,0.000000,25.908321,0.000000
320_RTPV_1-8,8,0.000000,25.908321,0.000000,25.908321,0.000000
320_RTPV_2-8,8,0.000000,25.908321,0.000000,25.908321,0.000000
320_RTPV_3-8,8,0.000000,25.908321,0.000000,25.908321,0.000000
313_RTPV_13-8,8,0.000000,25.908321,0.000000,25.908321,0.000000
320_RTPV_4-8,8,0.000000,25.908321,0.000000,25.908321,0.000000
320_RTPV_5-8,8,0.000000,25.908321,0.000000,25.908321,0.000000
320_RTPV_6-8,8,0.000000,25.908321,0.000000,25.908321,0.000000
309_WIND_1-8,8,93.366667,25.908321,0.000000,25.908321,93.366667
317_WIND_1-8,8,92.733333,25.908321,0.000000,25.908321,92.733333
303_WIND_1-8,8,470.816667,25.908321,0.000000,25.908321,470.816667
320_PV_1-9,9,0.000000,25.604235,0.000000,25.604235,0.000000
314_PV_1-9,9,0.000000,26.694140,0.000000,26.694140,0.000000
314_PV_2-9,9,0.000000,26.694140,0.000000,26.694140,0.000000
313_PV_1-9,9,0.000000,29.323188,0.000000,29.323188,0.000000
314_PV_3-9,9,0.000000,26.694140,0.000000,26.694140,0.000000
314_PV_4-9,9,0.000000,26.694140,0.000000,26.694140,0.000000
313_PV_2-9,9,0.000000,29.323188,0.000000,29.323188,0.000000
310_PV_1-9,9,0.000000,29.013435,0.000000,29.013435,0.000000
324_PV_1-9,9,0.000000,12.629557,0.000000,12.629557,0.000000
312_PV_1-9,9,0.000000,30.477360,0.000000,30.477360,0.000000
310_PV_2-9,9,0.000000,29.013435,0.000000,29.013435,0.000000
324_PV_2-9,9,0.000000,12.629557,0.000000,12.629557,0.000000
324_PV_3-9,9,0.000000,12.629557,0.000000,12.629557,0.000000
319_PV_1-9,9,0.000000,24.104282,0.000000,24.104282,0.000000
308_RTPV_1-9,9,0.000000,33.333766,0.000000,33.333766,0.000000
313_RTPV_1-9,9,0.000000,29.323188,0.000000,29.323188,0.000000
313_RTPV_2-9,9,0.000000,29.323188,0.000000,29.323188,0.000000
313_RTPV_3-9,9,0.000000,29.323188,0.000000,29.323188,0.000000
313_RTPV_4-9,9,0.000000,29.323188,0.000000,29.323188,0.000000
313_RTPV_5-9,9,0.000000,29.323188,0.000000,29.323188,0.000000
313_RTPV_6-9,9,0.000000,29.323188,0.000000,29.323188,0.000000
313_RTPV_7-9,9,0.000000,29.323188,0.000000,29.323188,0.000000
313_RTPV_8-9,9,0.000000,29.323188,0.000000,29.323188,0.000000
313_RTPV_9-9,9,0.000000,29.323188,0.000000,29.323188,0.000000
313_RTPV_10-9,9,0.000000,29.323188,0.000000,29.323188,0.000000
313_RTPV_11-9,9,0.000000,29.323188,0.000000,29.323188,0.000000
313_RTPV_12-9,9,0.000000,29.323188,0.000000,29.323188,0.000000
320_RTPV_1-9,9,0.000000,25.604235,0.000000,25.604235,0.000000
320_RTPV_2-9,9,0.000000,25.604235,0.000000,25.604235,0.000000
320_RTPV_3-9,9,0.000000,25.604235,0.000000,25.604235,0.000000
313_RTPV_13-9,9,0.000000,29.323188,0.000000,29.323188,0.000000
320_RTPV_4-9,9,0.000000,25.604235,0.000000,25.604235,0.000000
320_RTPV_5-9,9,0.000000,25.604235,0.000000,25.604235,0.000000
320_RTPV_6-9,9,0.000000,25.604235,0.000000,25.604235,0.000000
309_WIND_1-9,9,113.475000,37.654096,0.000000,37.654096,113.475000
317_WIND_1-9,9,209.950000,21.658699,0.000000,21.658699,209.950000
303_WIND_1-9,9,622.370404,0.000000,0.000000,0.000000,621.366667
320_PV_1-10,10,0.000000,24.159589,0.000000,24.159589,0.000000
314_PV_1-10,10,0.000000,25.188000,0.000000,25.188000,0.000000
314_PV_2-10,10,0.000000,25.188000,0.000000,25.188000,0.000000
313_PV_1-10,10,0.000000,27.668712,0.000000,27.668712,0.000000
314_PV_3-10,10,0.000000,25.188000,0.000000,25.188000,0.000000
314_PV_4-10,10,0.000000,25.188000,0.000000,25.188000,0.000000
313_PV_2-10,10,0.000000,27.668712,0.000000,27.668712,0.000000
310_PV_1-10,10,0.000000,27.376435,0.000000,27.376435,0.000000
324_PV_1-10,10,0.000000,11.916970,0.000000,11.916970,0.000000
312_PV_1-10,10,0.000000,28.757762,0.000000,28.757762,0.000000
310_PV_2-10,10,0.000000,27.376435,0.000000,27.376435,0.000000
324_PV_2-10,10,0.000000,11.916970,0.000000,11.916970,0.000000
324_PV_3-10,10,0.000000,11.916970,0.000000,11.916970,0.000000
319_PV_1-10,10,0.000000,22.744267,0.000000,22.744267,0.000000
308_RTPV_1-10,10,0.000000,31.453004,0.000000,31.453004,0.000000
313_RTPV_1-10,10,0.000000,27.668712,0.000000,27.668712,0.000000
313_RTPV_2-10,10,0.000000,27.668712,0.000000,27.668712,0.000000
313_RTPV_3-10,10,0.000000,27.668712,0.000000,27.668712,0.000000
313_RTPV_4-10,10,0.000000,27.668712,0.000000,27.668712,0.000000
313_RTPV_5-10,10,0.000000,27.668712,0.000000,27.668712,0.000000
313_RTPV_6-10,10,0.000000,27.668712,0.000000,27.668712,0.000000
313_RTPV_7-10,10,0.000000,27.668712,0.000000,27.668712,0.000000
313_RTPV_8-10,10,0.000000,27.668712,0.000000,27.668712,0.000000
313_RTPV_9-10,10,0.000000,27.668712,0.000000,27.668712,0.000000
313_RTPV_10-10,10,0.000000,27.668712,0.000000,27.668712,0.000000
313_RTPV_11-10,10,0.000000,27.668712,0.000000,27.668712,0.000000
313_RTPV_12-10,10,0.000000,27.668712,0.000000,27.668712,0.000000
320_RTPV_1-10,10,0.000000,24.159589,0.000000,24.159589,0.000000
320_RTPV_2-10,10,0.000000,24.159589,0.000000,24.159589,0.000000
320_RTPV_3-10,10,0.000000,24.159589,0.000000,24.159589,0.000000
313_RTPV_13-10,10,0.000000,27.668712,0.000000,27.668712,0.000000
320_RTPV_4-10,10,0.000000,24.159589,0.000000,24.159589,0.000000
320_RTPV_5-10,10,0.000000,24.159589,0.000000,24.159589,0.000000
320_RTPV_6-10,10,0.000000,24.159589,0.000000,24.159589,0.000000
309_WIND_1-10,10,90.758333,35.529572,0.000000,35.529572,90.758333
317_WIND_1-10,10,478.541667,20.436670,0.000000,20.436670,478.541667
303_WIND_1-10,10,575.551326,0.000000,0.000000,0.000000,665.941667
320_PV_1-11,11,0.000000,25.604235,0.000000,25.604235,0.000000
314_PV_1-11,11,0.000000,26.694140,0.000000,26.694140,0.000000
314_PV_2-11,11,0.000000,26.694140,0.000000,26.694140,0.000000
313_PV_1-11,11,0.000000,29.323188,0.000000,29.323188,0.000000
314_PV_3-11,11,0.000000,26.694140,0.000000,26.694140,0.000000
314_PV_4-11,11,0.000000,26.694140,0.000000,26.694140,0.000000
313_PV_2-11,11,0.000000,29.323188,0.000000,29.323188,0.000000
310_PV_1-11,11,0.000000,29.013435,0.000000,29.013435,0.000000
324_PV_1-11,11,0.000000,12.629557,0.000000,12.629557,0.000000
312_PV_1-11,11,0.000000,30.477360,0.000000,30.477360,0.000000
310_PV_2-11,11,0.000000,29.013435,0.000000,29.013435,0.000000
324_PV_2-11,11,0.000000,12.629557,0.000000,12.629557,0.000000
324_PV_3-11,11,0.000000,12.629557,0.000000,12.629557,0.000000
319_PV_1-11,11,0.000000,24.104282,0.000000,24.104282,0.000000
308_RTPV_1-11,11,0.000000,33.333766,0.000000,33.333766,0.000000
313_RTPV_1-11,11,0.000000,29.323188,0.000000,29.323188,0.000000
313_RTPV_2-11,11,0.000000,29.323188,0.000000,29.323188,0.000000
313_RTPV_3-11,11,0.000000,29.323188,0.000000,29.323188,0.000000
313_RTPV_4-11,11,0.000000,29.323188,0.000000,29.323188,0.000000
313_RTPV_5-11,11,0.000000,29.323188,0.000000,29.323188,0.000000
313_RTPV_6-11,11,0.000000,29.323188,0.000000,29.323188,0.000000
313_RTPV_7-11,11,0.000000,29.323188,0.000000,29.323188,0.000000
313_RTPV_8-11,11,0.000000,29.323188,0.000000,29.323188,0.000000
313_RTPV_9-11,11,0.000000,29.323188,0.000000,29.323188,0.000000
313_RTPV_10-11,11,0.000000,29.323188,0.000000,29.323188,0.000000
313_RTPV_11-11,11,0.000000,29.323188,0.000000,29.323188,0.000000
313_RTPV_12-11,11,0.000000,29.323188,0.000000,29.323188,0.000000
320_RTPV_1-11,11,0.000000,25.604235,0.000000,25.604235,0.000000
320_RTPV_2-11,11,0.000000,25.604235,0.000000,25.604235,0.000000
320_RTPV_3-11,11,0.000000,25.604235,0.000000,25.604235,0.000000
313_RTPV_13-11,11,0.000000,29.323188,0.000000,29.323188,0.000000
320_RTPV_4-11,11,0.000000,25.604235,0.000000,25.604235,0.000000
320_RTPV_5-11,11,0.000000,25.604235,0.000000,25.604235,0.000000
320_RTPV_6-11,11,0.000000,25.604235,0.000000,25.604235,0.000000
309_WIND_1-11,11,72.366667,37.654096,0.000000,37.654096,72.366667
317_WIND_1-11,11,470.150000,21.658699,0.000000,21.658699,470.150000
303_WIND_1-11,11,514.540613,0.000000,0.000000,0.000000,633.725000
320_PV_1-12,12,9.300000,21.426388,0.000000,21.426388,9.300000
314_PV_1-12,12,9.533333,22.338454,0.000000,22.338454,9.533333
314_PV_2-12,12,8.600000,22.338454,0.000000,22.338454,8.600000
313_PV_1-12,12,6.958333,24.538520,0.000000,24.538520,6.958333
314_PV_3-12,12,10.450000,22.338454,0.000000,22.338454,10.450000
314_PV_4-12,12,9.391667,22.338454,0.000000,22.338454,9.391667
313_PV_2-12,12,11.366667,24.538520,0.000000,24.538520,11.366667
310_PV_1-12,12,5.883333,24.279309,0.000000,24.279309,5.883333
324_PV_1-12,12,8.475000,10.568790,0.000000,10.568790,8.475000
312_PV_1-12,12,9.708333,25.504365,0.000000,25.504365,9.708333
310_PV_2-12,12,7.108333,24.279309,0.000000,24.279309,7.108333
324_PV_2-12,12,7.558333,10.568790,0.000000,10.568790,7.558333
324_PV_3-12,12,0.000000,10.568790,0.000000,10.568790,0.000000
319_PV_1-12,12,32.350000,20.171183,0.000000,20.171183,32.350000
308_RTPV_1-12,12,1.616667,27.894691,0.000000,27.894691,1.616667
313_RTPV_1-12,12,2.058333,24.538520,0.000000,24.538520,2.058333
313_RTPV_2-12,12,1.566667,24.538520,0.000000,24.538520,1.566667
313_RTPV_3-12,12,0.950000,24.538520,0.000000,24.538520,0.950000
313_RTPV_4-12,12,3.866667,24.538520,0.000000,24.538520,3.866667
313_RTPV_5-12,12,1.825000,24.538520,0.000000,24.538520,1.825000
313_RTPV_6-12,12,1.025000,24.538520,0.000000,24.538520,1.025000
313_RTPV_7-12,12,1.250000,24.538520,0.000000,24.538520,1.250000
313_RTPV_8-12,12,1.333333,24.538520,0.000000,24.538520,1.333333
313_RTPV_9-12,12,1.208333,24.538520,0.000000,24.538520,1.208333
313_RTPV_10-12,12,1.350000,24.538520,0.000000,24.538520,1.350000
313_RTPV_11-12,12,2.083333,24.538520,0.000000,24.538520,2.083333
313_RTPV_12-12,12,1.058333,24.538520,0.000000,24.538520,1.058333
320_RTPV_1-12,12,2.600000,21.426388,0.000000,21.426388,2.600000
320_RTPV_2-12,12,0.900000,21.426388,0.000000,21.426388,0.900000
320_RTPV_3-12,12,1.041667,21.426388,0.000000,21.426388,1.041667
313_RTPV_13-12,12,0.741667,24.538520,0.000000,24.538520,0.741667
320_RTPV_4-12,12,0.916667,21.426388,0.000000,21.426388,0.916667
320_RTPV_5-12,12,0.950000,21.426388,0.000000,21.426388,0.950000
320_RTPV_6-12,12,0.416667,21.426388,0.000000,21.426388,0.416667
309_WIND_1-12,12,77.575000,31.510073,0.000000,31.510073,77.575000
317_WIND_1-12,12,577.466667,18.124647,0.000000,18.124647,577.466667
303_WIND_1-12,12,521.882853,0.000000,0.000000,0.000000,627.216667
320_PV_1-13,13,30.908333,0.000000,0.000000,0.000000,30.908333
314_PV_1-13,13,30.783333,0.000000,0.000000,0.000000,30.783333
314_PV_2-13,13,30.108333,0.000000,0.000000,0.000000,30.108333
313_PV_1-13,13,6.180444,0.000000,0.000000,0.000000,42.208333
314_PV_3-13,13,47.541667,0.000000,0.000000,0.000000,47.541667
314_PV_4-13,13,31.541667,0.000000,0.000000,0.000000,31.541667
313_PV_2-13,13,0.000000,0.000000,0.000000,0.000000,46.066667
310_PV_1-13,13,27.908333,0.000000,0.000000,0.000000,27.908333
324_PV_1-13,13,29.183333,0.000000,0.000000,0.000000,29.183333
312_PV_1-13,13,47.658333,0.000000,0.000000,0.000000,47.658333
310_PV_2-13,13,31.233333,0.000000,0.000000,0.000000,31.233333
324_PV_2-13,13,29.600000,0.000000,0.000000,0.000000,29.600000
324_PV_3-13,13,0.000000,0.000000,0.000000,0.000000,0.041667
319_PV_1-13,13,122.641667,0.000000,0.000000,0.000000,122.641667
308_RTPV_1-13,13,28.658333,0.000000,0.000000,0.000000,28.658333
313_RTPV_1-13,13,0.000000,0.000000,0.000000,0.000000,31.525000
313_RTPV_2-13,13,0.000000,0.000000,0.000000,0.000000,19.425000
313_RTPV_3-13,13,0.000000,0.000000,0.000000,0.000000,18.983333
313_RTPV_4-13,13,0.000000,0.000000,0.000000,0.000000,16.216667
313_RTPV_5-13,13,0.000000,0.000000,0.000000,0.000000,19.333333
313_RTPV_6-13,13,0.000000,0.000000,0.000000,0.000000,18.566667
313_RTPV_7-13,13,0.000000,0.000000,0.000000,0.000000,19.400000
313_RTPV_8-13,13,0.000000,0.000000,0.000000,0.000000,19.791667
313_RTPV_9-13,13,0.000000,0.000000,0.000000,0.000000,19.650000
313_RTPV_10-13,13,0.000000,0.000000,0.000000,0.000000,20.391667
313_RTPV_11-13,13,0.000000,0.000000,0.000000,0.000000,21.275000
313_RTPV_12-13,13,0.000000,0.000000,0.000000,0.000000,9.108333
320_RTPV_1-13,13,9.383333,0.000000,0.000000,0.000000,9.383333
320_RTPV_2-13,13,9.133333,0.000000,0.000000,0.000000,9.133333
320_RTPV_3-13,13,9.100000,0.000000,0.000000,0.000000,9.100000
313_RTPV_13-13,13,0.000000,0.000000,0.000000,0.000000,8.858333
320_RTPV_4-13,13,9.375000,0.000000,0.000000,0.000000,9.375000
320_RTPV_5-13,13,9.066667,0.000000,0.000000,0.000000,9.066667
320_RTPV_6-13,13,3.416667,0.000000,0.000000,0.000000,3.416667
309_WIND_1-13,13,77.308333,0.000000,0.000000,0.000000,77.308333
317_WIND_1-13,13,619.533333,0.000000,0.000000,0.000000,619.533333
303_WIND_1-13,13,436.631799,0.000000,0.000000,0.000000,723.733333
320_PV_1-14,14,35.150000,0.000000,0.000000,0.000000,35.150000
314_PV_1-14,14,36.250000,0.000000,0.000000,0.000000,36.250000
314_PV_2-14,14,0.000000,0.000000,0.000000,0.000000,34.541667
313_PV_1-14,14,0.000000,0.000000,0.000000,0.000000,59.333333
314_PV_3-14,14,50.646195,0.000000,0.000000,0.000000,61.225000
314_PV_4-14,14,37.708333,0.000000,0.000000,0.000000,37.708333
313_PV_2-14,14,0.000000,0.000000,0.000000,0.000000,60.766667
310_PV_1-14,14,30.925000,0.000000,0.000000,0.000000,30.925000
324_PV_1-14,14,34.525000,0.000000,0.000000,0.000000,34.525000
312_PV_1-14,14,61.158333,0.000000,0.000000,0.000000,61.158333
310_PV_2-14,14,35.058333,0.000000,0.000000,0.000000,35.058333
324_PV_2-14,14,23.933333,0.000000,0.000000,0.000000,23.933333
324_PV_3-14,14,12.550000,0.000000,0.000000,0.000000,12.550000
319_PV_1-14,14,149.383333,0.000000,0.000000,0.000000,149.383333
308_RTPV_1-14,14,47.258333,0.000000,0.000000,0.000000,47.258333
313_RTPV_1-14,14,0.000000,0.000000,0.000000,0.000000,51.816667
313_RTPV_2-14,14,0.000000,0.000000,0.000000,0.000000,31.616667
313_RTPV_3-14,14,0.000000,0.000000,0.000000,0.000000,32.825000
313_RTPV_4-14,14,0.000000,0.000000,0.000000,0.000000,30.050000
313_RTPV_5-14,14,0.000000,0.000000,0.000000,0.000000,32.258333
313_RTPV_6-14,14,0.000000,0.000000,0.000000,0.000000,32.133333
313_RTPV_7-14,14,0.000000,0.000000,0.000000,0.000000,30.475000
313_RTPV_8-14,14,0.000000,0.000000,0.000000,0.000000,31.933333
313_RTPV_9-14,14,0.000000,0.000000,0.000000,0.000000,26.575000
313_RTPV_10-14,14,0.000000,0.000000,0.000000,0.000000,32.875000
313_RTPV_11-14,14,0.000000,0.000000,0.000000,0.000000,33.741667
313_RTPV_12-14,14,0.000000,0.000000,0.000000,0.000000,13.800000
320_RTPV_1-14,14,14.250000,0.000000,0.000000,0.000000,14.250000
320_RTPV_2-14,14,14.616667,0.000000,0.000000,0.000000,14.616667
320_RTPV_3-14,14,14.366667,0.000000,0.000000,0.000000,14.366667
313_RTPV_13-14,14,0.000000,0.000000,0.000000,0.000000,15.041667
320_RTPV_4-14,14,15.733333,0.000000,0.000000,0.000000,15.733333
320_RTPV_5-14,14,14.891667,0.000000,0.000000,0.000000,14.891667
320_RTPV_6-14,14,5.416667,0.000000,0.000000,0.000000,5.416667
309_WIND_1-14,14,76.950000,0.000000,0.000000,0.000000,76.950000
317_WIND_1-14,14,556.741667,0.000000,0.000000,0.000000,556.741667
303_WIND_1-14,14,453.540137,0.000000,0.000000,0.000000,701.075000
320_PV_1-15,15,35.458333,0.000000,0.000000,0.000000,35.458333
314_PV_1-15,15,39.400000,0.000000,0.000000,0.000000,39.400000
314_PV_2-15,15,0.000000,0.000000,0.000000,0.000000,35.458333
313_PV_1-15,15,71.091667,0.000000,0.000000,0.000000,71.091667
314_PV_3-15,15,0.000000,0.000000,0.000000,0.000000,71.908333
314_PV_4-15,15,0.000000,0.000000,0.000000,0.000000,34.066667
313_PV_2-15,15,68.433333,0.000000,0.000000,0.000000,68.433333
310_PV_1-15,15,32.941667,0.000000,0.000000,0.000000,32.941667
324_PV_1-15,15,30.125000,0.000000,0.000000,0.000000,30.125000
312_PV_1-15,15,60.925000,0.000000,0.000000,0.000000,60.925000
310_PV_2-15,15,0.000000,0.000000,0.000000,0.000000,37.925000
324_PV_2-15,15,0.000000,0.000000,0.000000,0.000000,19.658333
324_PV_3-15,15,29.216667,0.000000,0.000000,0.000000,29.216667
319_PV_1-15,15,153.983333,0.000000,0.000000,0.000000,153.983333
308_RTPV_1-15,15,49.158333,0.000000,0.000000,0.000000,49.158333
313_RTPV_1-15,15,46.075000,0.000000,0.000000,0.000000,46.075000
313_RTPV_2-15,15,39.466667,0.000000,0.000000,0.000000,39.466667
313_RTPV_3-15,15,35.733333,0.000000,0.000000,0.000000,35.733333
313_RTPV_4-15,15,33.125000,0.000000,0.000000,0.000000,33.125000
313_RTPV_5-15,15,36.608333,0.000000,0.000000,0.000000,36.608333
313_RTPV_6-15,15,32.783333,0.000000,0.000000,0.000000,32.783333
313_RTPV_7-15,15,37.108333,0.000000,0.000000,0.000000,37.108333
313_RTPV_8-15,15,32.850000,0.000000,0.000000,0.000000,32.850000
313_RTPV_9-15,15,38.716667,0.000000,0.000000,0.000000,38.716667
313_RTPV_10-15,15,40.083333,0.000000,0.000000,0.000000,40.083333
313_RTPV_11-15,15,41.391667,0.000000,0.000000,0.000000,41.391667
313_RTPV_12-15,15,14.891667,0.000000,0.000000,0.000000,14.891667
320_RTPV_1-15,15,17.708333,0.000000,0.000000,0.000000,17.708333
320_RTPV_2-15,15,15.466667,0.000000,0.000000,0.000000,15.466667
320_RTPV_3-15,15,14.150000,0.000000,0.000000,0.000000,14.150000
313_RTPV_13-15,15,18.275000,0.000000,0.000000,0.000000,18.275000
320_RTPV_4-15,15,18.450000,0.000000,0.000000,0.000000,18.450000
320_RTPV_5-15,15,17.883333,0.000000,0.000000,0.000000,17.883333
320_RTPV_6-15,15,6.316667,0.000000,0.000000,0.000000,6.316667
309_WIND_1-15,15,64.910372,0.000000,0.000000,0.000000,69.516667
317_WIND_1-15,15,516.650000,0.000000,0.000000,0.000000,516.650000
303_WIND_1-15,15,0.000000,0.000000,0.000000,0.000000,634.033333
320_PV_1-16,16,31.033333,0.000000,0.000000,0.000000,31.033333
314_PV_1-16,16,33.591667,0.000000,0.000000,0.000000,33.591667
314_PV_2-16,16,24.141667,0.000000,0.000000,0.000000,24.141667
313_PV_1-16,16,0.000000,0.000000,0.000000,0.000000,60.066667
314_PV_3-16,16,59.658333,0.000000,0.000000,0.000000,59.658333
314_PV_4-16,16,23.908333,0.000000,0.000000,0.000000,23.908333
313_PV_2-16,16,0.000000,0.000000,0.000000,0.000000,58.933333
310_PV_1-16,16,31.525000,0.000000,0.000000,0.000000,31.525000
324_PV_1-16,16,30.733333,0.000000,0.000000,0.000000,30.733333
312_PV_1-16,16,56.400000,0.000000,0.000000,0.000000,56.400000
310_PV_2-16,16,39.016667,0.000000,0.000000,0.000000,39.016667
324_PV_2-16,16,26.000000,0.000000,0.000000,0.000000,26.000000
324_PV_3-16,16,25.850000,0.000000,0.000000,0.000000,25.850000
319_PV_1-16,16,139.133333,0.000000,0.000000,0.000000,139.133333
308_RTPV_1-16,16,58.275000,0.000000,0.000000,0.000000,58.275000
313_RTPV_1-16,16,0.000000,0.000000,0.000000,0.000000,31.225000
313_RTPV_2-16,16,0.000000,0.000000,0.000000,0.000000,39.708333
313_RTPV_3-16,16,0.000000,0.000000,0.000000,0.000000,38.375000
313_RTPV_4-16,16,0.000000,0.000000,0.000000,0.000000,34.641667
313_RTPV_5-16,16,12.576490,0.000000,0.000000,0.000000,40.933333
313_RTPV_6-16,16,0.000000,0.000000,0.000000,0.000000,32.550000
313_RTPV_7-16,16,0.000000,0.000000,0.000000,0.000000,35.783333
313_RTPV_8-16,16,0.000000,0.000000,0.000000,0.000000,31.341667
313_RTPV_9-16,16,0.000000,0.000000,0.000000,0.000000,39.700000
313_RTPV_10-16,16,0.000000,0.000000,0.000000,0.000000,44.050000
313_RTPV_11-16,16,0.000000,0.000000,0.000000,0.000000,40.016667
313_RTPV_12-16,16,0.000000,0.000000,0.000000,0.000000,17.083333
320_RTPV_1-16,16,0.000000,0.000000,0.000000,0.000000,16.383333
320_RTPV_2-16,16,11.241667,0.000000,0.000000,0.000000,11.241667
320_RTPV_3-16,16,15.625000,0.000000,0.000000,0.000000,15.625000
313_RTPV_13-16,16,0.000000,0.000000,0.000000,0.000000,19.491667
320_RTPV_4-16,16,0.000000,0.000000,0.000000,0.000000,16.091667
320_RTPV_5-16,16,18.533333,0.000000,0.000000,0.000000,18.533333
320_RTPV_6-16,16,6.933333,0.000000,0.000000,0.000000,6.933333
309_WIND_1-16,16,0.000000,0.000000,0.000000,0.000000,53.933333
317_WIND_1-16,16,575.016667,0.000000,0.000000,0.000000,575.016667
303_WIND_1-16,16,396.066667,0.000000,0.000000,0.000000,396.066667
320_PV_1-17,17,31.675000,0.000000,0.000000,0.000000,31.675000
314_PV_1-17,17,29.658333,0.000000,0.000000,0.000000,29.658333
314_PV_2-17,17,29.341667,0.000000,0.000000,0.000000,29.341667
313_PV_1-17,17,49.358333,0.000000,0.000000,0.000000,49.358333
314_PV_3-17,17,56.050000,0.000000,0.000000,0.000000,56.050000
314_PV_4-17,17,29.083333,0.000000,0.000000,0.000000,29.083333
313_PV_2-17,17,0.000000,0.000000,0.000000,0.000000,51.000000
310_PV_1-17,17,23.233333,0.000000,0.000000,0.000000,23.233333
324_PV_1-17,17,28.300000,0.000000,0.000000,0.000000,28.300000
312_PV_1-17,17,48.033333,0.000000,0.000000,0.000000,48.033333
310_PV_2-17,17,36.633333,0.000000,0.000000,0.000000,36.633333
324_PV_2-17,17,31.375000,0.000000,0.000000,0.000000,31.375000
324_PV_3-17,17,26.183333,0.000000,0.000000,0.000000,26.183333
319_PV_1-17,17,155.616667,0.000000,0.000000,0.000000,155.616667
308_RTPV_1-17,17,23.808333,0.000000,0.000000,0.000000,23.808333
313_RTPV_1-17,17,0.000000,0.000000,0.000000,0.000000,35.425000
313_RTPV_2-17,17,0.000000,0.000000,0.000000,0.000000,34.983333
313_RTPV_3-17,17,0.000000,0.000000,0.000000,0.000000,25.116667
313_RTPV_4-17,17,0.000000,0.000000,0.000000,0.000000,23.675000
313_RTPV_5-17,17,0.000000,0.000000,0.000000,0.000000,34.116667
313_RTPV_6-17,17,0.000000,0.000000,0.000000,0.000000,26.216667
313_RTPV_7-17,17,0.000000,0.000000,0.000000,0.000000,34.808333
313_RTPV_8-17,17,40.350000,0.000000,0.000000,0.000000,40.350000
313_RTPV_9-17,17,24.316667,0.000000,0.000000,0.000000,24.316667
313_RTPV_10-17,17,0.000000,0.000000,0.000000,0.000000,40.050000
313_RTPV_11-17,17,2.978611,0.000000,0.000000,0.000000,40.183333
313_RTPV_12-17,17,0.000000,0.000000,0.000000,0.000000,19.100000
320_RTPV_1-17,17,16.816667,0.000000,0.000000,0.000000,16.816667
320_RTPV_2-17,17,13.833333,0.000000,0.000000,0.000000,13.833333
320_RTPV_3-17,17,17.633333,0.000000,0.000000,0.000000,17.633333
313_RTPV_13-17,17,0.000000,0.000000,0.000000,0.000000,19.900000
320_RTPV_4-17,17,17.491667,0.000000,0.000000,0.000000,17.491667
320_RTPV_5-17,17,19.900000,0.000000,0.000000,0.000000,19.900000
320_RTPV_6-17,17,6.158333,0.000000,0.000000,0.000000,6.158333
309_WIND_1-17,17,27.500000,0.000000,0.000000,0.000000,27.500000
317_WIND_1-17,17,533.183333,0.000000,0.000000,0.000000,533.183333
303_WIND_1-17,17,290.158333,0.000000,0.000000,0.000000,290.158333
320_PV_1-18,18,33.208333,0.000000,0.000000,0.000000,33.208333
314_PV_1-18,18,29.908333,0.000000,0.000000,0.000000,29.908333
314_PV_2-18,18,36.958333,0.000000,0.000000,0.000000,36.958333
313_PV_1-18,18,46.483333,0.000000,0.000000,0.000000,46.483333
314_PV_3-18,18,58.075000,0.000000,0.000000,0.000000,58.075000
314_PV_4-18,18,20.908333,0.000000,0.000000,0.000000,20.908333
313_PV_2-18,18,16.803556,0.000000,0.000000,0.000000,40.875000
310_PV_1-18,18,33.108333,0.000000,0.000000,0.000000,33.108333
324_PV_1-18,18,19.225000,0.000000,0.000000,0.000000,19.225000
312_PV_1-18,18,47.816667,0.000000,0.000000,0.000000,47.816667
310_PV_2-18,18,21.975000,0.000000,0.000000,0.000000,21.975000
324_PV_2-18,18,30.483333,0.000000,0.000000,0.000000,30.483333
324_PV_3-18,18,23.133333,0.000000,0.000000,0.000000,23.133333
319_PV_1-18,18,124.883333,0.000000,0.000000,0.000000,124.883333
308_RTPV_1-18,18,22.616667,0.000000,0.000000,0.000000,22.616667
313_RTPV_1-18,18,0.000000,0.000000,0.000000,0.000000,42.283333
313_RTPV_2-18,18,0.000000,0.000000,0.000000,0.000000,27.933333
313_RTPV_3-18,18,0.000000,0.000000,0.000000,0.000000,19.408333
313_RTPV_4-18,18,0.000000,0.000000,0.000000,0.000000,26.733333
313_RTPV_5-18,18,0.000000,0.000000,0.000000,0.000000,19.733333
313_RTPV_6-18,18,0.000000,0.000000,0.000000,0.000000,24.516667
313_RTPV_7-18,18,0.000000,0.000000,0.000000,0.000000,23.266667
313_RTPV_8-18,18,35.900000,0.000000,0.000000,0.000000,35.900000
313_RTPV_9-18,18,29.516667,0.000000,0.000000,0.000000,29.516667
313_RTPV_10-18,18,0.000000,0.000000,0.000000,0.000000,39.308333
313_RTPV_11-18,18,0.000000,0.000000,0.000000,0.000000,33.291667
313_RTPV_12-18,18,0.000000,0.000000,0.000000,0.000000,13.575000
320_RTPV_1-18,18,15.241667,0.000000,0.000000,0.000000,15.241667
320_RTPV_2-18,18,11.408333,0.000000,0.000000,0.000000,11.408333
320_RTPV_3-18,18,16.091667,0.000000,0.000000,0.000000,16.091667
313_RTPV_13-18,18,0.000000,0.000000,0.000000,0.000000,13.191667
320_RTPV_4-18,18,10.058333,0.000000,0.000000,0.000000,10.058333
320_RTPV_5-18,18,17.675000,0.000000,0.000000,0.000000,17.675000
320_RTPV_6-18,18,6.091667,0.000000,0.000000,0.000000,6.091667
309_WIND_1-18,18,58.200000,0.000000,0.000000,0.000000,58.200000
317_WIND_1-18,18,406.750000,0.000000,0.000000,0.000000,406.750000
303_WIND_1-18,18,361.575000,0.000000,0.000000,0.000000,361.575000
320_PV_1-19,19,28.541667,0.000000,0.000000,0.000000,28.541667
314_PV_1-19,19,32.975000,0.000000,0.000000,0.000000,32.975000
314_PV_2-19,19,34.025000,0.000000,0.000000,0.000000,34.025000
313_PV_1-19,19,47.475000,0.000000,0.000000,0.000000,47.475000
314_PV_3-19,19,49.691667,0.000000,0.000000,0.000000,49.691667
314_PV_4-19,19,25.216667,0.000000,0.000000,0.000000,25.216667
313_PV_2-19,19,43.116667,0.000000,0.000000,0.000000,43.116667
310_PV_1-19,19,15.141667,0.000000,0.000000,0.000000,15.141667
324_PV_1-19,19,20.666667,0.000000,0.000000,0.000000,20.666667
312_PV_1-19,19,41.108333,0.000000,0.000000,0.000000,41.108333
310_PV_2-19,19,20.716667,0.000000,0.000000,0.000000,20.716667
324_PV_2-19,19,34.333333,0.000000,0.000000,0.000000,34.333333
324_PV_3-19,19,27.991667,0.000000,0.000000,0.000000,27.991667
319_PV_1-19,19,102.783333,0.000000,0.000000,0.000000,102.783333
308_RTPV_1-19,19,37.625000,0.000000,0.000000,0.000000,37.625000
313_RTPV_1-19,19,32.750000,0.000000,0.000000,0.000000,32.750000
313_RTPV_2-19,19,0.000000,0.000000,0.000000,0.000000,9.291667
313_RTPV_3-19,19,0.000000,0.000000,0.000000,0.000000,14.750000
313_RTPV_4-19,19,0.000000,0.000000,0.000000,0.000000,14.433333
313_RTPV_5-19,19,0.000000,0.000000,0.000000,0.000000,15.400000
313_RTPV_6-19,19,0.000000,0.000000,0.000000,0.000000,20.808333
313_RTPV_7-19,19,0.000000,0.000000,0.000000,0.000000,17.850000
313_RTPV_8-19,19,15.808333,0.000000,0.000000,0.000000,15.808333
313_RTPV_9-19,19,19.116667,0.000000,0.000000,0.000000,19.116667
313_RTPV_10-19,19,27.333333,0.000000,0.000000,0.000000,27.333333
313_RTPV_11-19,19,0.000000,0.000000,0.000000,0.000000,22.425000
313_RTPV_12-19,19,0.000000,0.000000,0.000000,0.000000,9.483333
320_RTPV_1-19,19,10.450000,0.000000,0.000000,0.000000,10.450000
320_RTPV_2-19,19,8.525000,0.000000,0.000000,0.000000,8.525000
320_RTPV_3-19,19,10.850000,0.000000,0.000000,0.000000,10.850000
313_RTPV_13-19,19,0.000000,0.000000,0.000000,0.000000,14.283333
320_RTPV_4-19,19,8.133333,0.000000,0.000000,0.000000,8.133333
320_RTPV_5-19,19,9.133333,0.000000,0.000000,0.000000,9.133333
320_RTPV_6-19,19,3.408333,0.000000,0.000000,0.000000,3.408333
309_WIND_1-19,19,43.891667,0.000000,0.000000,0.000000,43.891667
317_WIND_1-19,19,317.975000,0.000000,0.000000,0.000000,317.975000
303_WIND_1-19,19,451.308333,0.000000,0.000000,0.000000,451.308333
320_PV_1-20,20,25.100000,15.731579,0.000000,15.731579,25.100000
314_PV_1-20,20,11.275000,15.731579,0.000000,15.731579,11.275000
314_PV_2-20,20,24.225000,15.731579,0.000000,15.731579,24.225000
313_PV_1-20,20,32.050000,15.731579,0.000000,15.731579,32.050000
314_PV_3-20,20,32.075000,15.731579,0.000000,15.731579,32.075000
314_PV_4-20,20,7.516667,15.731579,0.000000,15.731579,7.516667
313_PV_2-20,20,28.750000,15.731579,0.000000,15.731579,28.750000
310_PV_1-20,20,11.033333,15.731579,0.000000,15.731579,11.033333
324_PV_1-20,20,21.158333,15.731579,0.000000,15.731579,21.158333
312_PV_1-20,20,15.750000,15.731579,0.000000,15.731579,15.750000
310_PV_2-20,20,2.900000,15.731579,0.000000,15.731579,2.900000
324_PV_2-20,20,27.991667,15.731579,0.000000,15.731579,27.991667
324_PV_3-20,20,18.808333,15.731579,0.000000,15.731579,18.808333
319_PV_1-20,20,71.283333,15.731579,0.000000,15.731579,71.283333
308_RTPV_1-20,20,10.433333,15.731579,0.000000,15.731579,10.433333
313_RTPV_1-20,20,20.158333,15.731579,0.000000,15.731579,20.158333
313_RTPV_2-20,20,11.683333,15.731579,0.000000,15.731579,11.683333
313_RTPV_3-20,20,14.983333,15.731579,0.000000,15.731579,14.983333
313_RTPV_4-20,20,13.466667,15.731579,0.000000,15.731579,13.466667
313_RTPV_5-20,20,10.025000,15.731579,0.000000,15.731579,10.025000
313_RTPV_6-20,20,13.250000,15.731579,0.000000,15.731579,13.250000
313_RTPV_7-20,20,4.275000,15.731579,0.000000,15.731579,4.275000
313_RTPV_8-20,20,8.400000,15.731579,0.000000,15.731579,8.400000
313_RTPV_9-20,20,11.691667,15.731579,0.000000,15.731579,11.691667
313_RTPV_10-20,20,12.291667,15.731579,0.000000,15.731579,12.291667
313_RTPV_11-20,20,14.775000,15.731579,0.000000,15.731579,14.775000
313_RTPV_12-20,20,1.566667,15.731579,0.000000,15.731579,1.566667
320_RTPV_1-20,20,4.525000,15.731579,0.000000,15.731579,4.525000
320_RTPV_2-20,20,4.975000,15.731579,0.000000,15.731579,4.975000
320_RTPV_3-20,20,3.583333,15.731579,0.000000,15.731579,3.583333
313_RTPV_13-20,20,4.591667,15.731579,0.000000,15.731579,4.591667
320_RTPV_4-20,20,0.916667,15.731579,0.000000,15.731579,0.916667
320_RTPV_5-20,20,2.625000,15.731579,0.000000,15.731579,2.625000
320_RTPV_6-20,20,2.325000,15.731579,0.000000,15.731579,2.325000
309_WIND_1-20,20,28.525000,15.731579,0.000000,15.731579,28.525000
317_WIND_1-20,20,401.325000,15.731579,0.000000,15.731579,401.325000
303_WIND_1-20,20,450.183333,15.731579,0.000000,15.731579,450.183333
320_PV_1-21,21,10.291667,21.892643,0.000000,21.892643,10.291667
314_PV_1-21,21,6.850000,22.154903,0.000000,22.154903,6.850000
314_PV_2-21,21,5.050000,22.154903,0.000000,22.154903,5.050000
313_PV_1-21,21,8.091667,22.787523,0.000000,22.787523,8.091667
314_PV_3-21,21,7.541667,22.154903,0.000000,22.154903,7.541667
314_PV_4-21,21,8.108333,22.154903,0.000000,22.154903,8.108333
313_PV_2-21,21,3.466667,22.787523,0.000000,22.787523,3.466667
310_PV_1-21,21,0.008333,22.712988,0.000000,22.712988,0.008333
324_PV_1-21,21,2.708333,18.770589,0.000000,18.770589,2.708333
312_PV_1-21,21,3.591667,23.065247,0.000000,23.065247,3.591667
310_PV_2-21,21,2.025000,22.712988,0.000000,22.712988,2.025000
324_PV_2-21,21,4.450000,18.770589,0.000000,18.770589,4.450000
324_PV_3-21,21,0.000000,18.770589,0.000000,18.770589,0.000000
319_PV_1-21,21,1.983333,21.531714,0.000000,21.531714,1.983333
308_RTPV_1-21,21,0.100000,23.752575,0.000000,23.752575,0.100000
313_RTPV_1-21,21,0.333333,22.787523,0.000000,22.787523,0.333333
313_RTPV_2-21,21,2.933333,22.787523,0.000000,22.787523,2.933333
313_RTPV_3-21,21,3.116667,22.787523,0.000000,22.787523,3.116667
313_RTPV_4-21,21,0.200000,22.787523,0.000000,22.787523,0.200000
313_RTPV_5-21,21,1.491667,22.787523,0.000000,22.787523,1.491667
313_RTPV_6-21,21,0.216667,22.787523,0.000000,22.787523,0.216667
313_RTPV_7-21,21,0.025000,22.787523,0.000000,22.787523,0.025000
313_RTPV_8-21,21,0.333333,22.787523,0.000000,22.787523,0.333333
313_RTPV_9-21,21,2.416667,22.787523,0.000000,22.787523,2.416667
313_RTPV_10-21,21,2.000000,22.787523,0.000000,22.787523,2.000000
313_RTPV_11-21,21,0.475000,22.787523,0.000000,22.787523,0.475000
313_RTPV_12-21,21,0.100000,22.787523,0.000000,22.787523,0.100000
320_RTPV_1-21,21,0.008333,21.892643,0.000000,21.892643,0.008333
320_RTPV_2-21,21,0.483333,21.892643,0.000000,21.892643,0.483333
320_RTPV_3-21,21,0.050000,21.892643,0.000000,21.892643,0.050000
313_RTPV_13-21,21,0.366667,22.787523,0.000000,22.787523,0.366667
320_RTPV_4-21,21,0.391667,21.892643,0.000000,21.892643,0.391667
320_RTPV_5-21,21,0.050000,21.892643,0.000000,21.892643,0.050000
320_RTPV_6-21,21,0.341667,21.892643,0.000000,21.892643,0.341667
309_WIND_1-21,21,51.050000,24.792162,0.000000,24.792162,51.050000
317_WIND_1-21,21,541.291667,20.943242,0.000000,20.943242,541.291667
303_WIND_1-21,21,441.100000,15.731579,0.000000,15.731579,441.100000
320_PV_1-22,22,0.000000,21.116646,0.000000,21.116646,0.000000
314_PV_1-22,22,0.000000,21.116646,0.000000,21.116646,0.000000
314_PV_2-22,22,0.000000,21.116646,0.000000,21.116646,0.000000
313_PV_1-22,22,0.000000,21.116646,0.000000,21.116646,0.000000
314_PV_3-22,22,0.000000,21.116646,0.000000,21.116646,0.000000
314_PV_4-22,22,0.000000,21.116646,0.000000,21.116646,0.000000
313_PV_2-22,22,0.000000,21.116646,0.000000,21.116646,0.000000
310_PV_1-22,22,0.000000,21.116646,0.000000,21.116646,0.000000
324_PV_1-22,22,0.000000,21.116646,0.000000,21.116646,0.000000
312_PV_1-22,22,0.000000,21.116646,0.000000,21.116646,0.000000
310_PV_2-22,22,0.000000,21.116646,0.000000,21.116646,0.000000
324_PV_2-22,22,0.000000,21.116646,0.000000,21.116646,0.000000
324_PV_3-22,22,0.000000,21.116646,0.000000,21.116646,0.000000
319_PV_1-22,22,0.000000,21.116646,0.000000,21.116646,0.000000
308_RTPV_1-22,22,0.000000,21.116646,0.000000,21.116646,0.000000
313_RTPV_1-22,22,0.000000,21.116646,0.000000,21.116646,0.000000
313_RTPV_2-22,22,0.000000,21.116646,0.000000,21.116646,0.000000
313_RTPV_3-22,22,0.000000,21.116646,0.000000,21.116646,0.000000
313_RTPV_4-22,22,0.000000,21.116646,0.000000,21.116646,0.000000
313_RTPV_5-22,22,0.000000,21.116646,0.000000,21.116646,0.000000
313_RTPV_6-22,22,0.000000,21.116646,0.000000,21.116646,0.000000
313_RTPV_7-22,22,0.000000,21.116646,0.000000,21.116646,0.000000
313_RTPV_8-22,22,0.000000,21.116646,0.000000,21.116646,0.000000
313_RTPV_9-22,22,0.000000,21.116646,0.000000,21.116646,0.000000
313_RTPV_10-22,22,0.000000,21.116646,0.000000,21.116646,0.000000
313_RTPV_11-22,22,0.000000,21.116646,0.000000,21.116646,0.000000
313_RTPV_12-22,22,0.000000,21.116646,0.000000,21.116646,0.000000
320_RTPV_1-22,22,0.000000,21.116646,0.000000,21.116646,0.000000
320_RTPV_2-22,22,0.000000,21.116646,0.000000,21.116646,0.000000
320_RTPV_3-22,22,0.000000,21.116646,0.000000,21.116646,0.000000
313_RTPV_13-22,22,0.000000,21.116646,0.000000,21.116646,0.000000
320_RTPV_4-22,22,0.000000,21.116646,0.000000,21.116646,0.000000
320_RTPV_5-22,22,0.000000,21.116646,0.000000,21.116646,0.000000
320_RTPV_6-22,22,0.000000,21.116646,0.000000,21.116646,0.000000
309_WIND_1-22,22,69.183333,21.116646,0.000000,21.116646,69.183333
317_WIND_1-22,22,535.958333,21.116646,0.000000,21.116646,535.958333
303_WIND_1-22,22,361.008333,21.116646,0.000000,21.116646,361.008333
320_PV_1-23,23,0.000000,15.731579,0.000000,15.731579,0.000000
314_PV_1-23,23,0.000000,15.731579,0.000000,15.731579,0.000000
314_PV_2-23,23,0.000000,15.731579,0.000000,15.731579,0.000000
313_PV_1-23,23,0.000000,15.731579,0.000000,15.731579,0.000000
314_PV_3-23,23,0.000000,15.731579,0.000000,15.731579,0.000000
314_PV_4-23,23,0.000000,15.731579,0.000000,15.731579,0.000000
313_PV_2-23,23,0.000000,15.731579,0.000000,15.731579,0.000000
310_PV_1-23,23,0.000000,15.731579,0.000000,15.731579,0.000000
324_PV_1-23,23,0.000000,15.731579,0.000000,15.731579,0.000000
312_PV_1-23,23,0.000000,15.731579,0.000000,15.731579,0.000000
310_PV_2-23,23,0.000000,15.731579,0.000000,15.731579,0.000000
324_PV_2-23,23,0.000000,15.731579,0.000000,15.731579,0.000000
324_PV_3-23,23,0.000000,15.731579,0.000000,15.731579,0.000000
319_PV_1-23,23,0.000000,15.731579,0.000000,15.731579,0.000000
308_RTPV_1-23,23,0.000000,15.731579,0.000000,15.731579,0.000000
313_RTPV_1-23,23,0.000000,15.731579,0.000000,15.731579,0.000000
313_RTPV_2-23,23,0.000000,15.731579,0.000000,15.731579,0.000000
313_RTPV_3-23,23,0.000000,15.731579,0.000000,15.731579,0.000000
313_RTPV_4-23,23,0.000000,15.731579,0.000000,15.731579,0.000000
313_RTPV_5-23,23,0.000000,15.731579,0.000000,15.731579,0.000000
313_RTPV_6-23,23,0.000000,15.731579,0.000000,15.731579,0.000000
313_RTPV_7-23,23,0.000000,15.731579,0.000000,15.731579,0.000000
313_RTPV_8-23,23,0.000000,15.731579,0.000000,15.731579,0.000000
313_RTPV_9-23,23,0.000000,15.731579,0.000000,15.731579,0.000000
313_RTPV_10-23,23,0.000000,15.731579,0.000000,15.731579,0.000000
313_RTPV_11-23,23,0.000000,15.731579,0.000000,15.731579,0.000000
313_RTPV_12-23,23,0.000000,15.731579,0.000000,15.731579,0.000000
320_RTPV_1-23,23,0.000000,15.731579,0.000000,15.731579,0.000000
320_RTPV_2-23,23,0.000000,15.731579,0.000000,15.731579,0.000000
320_RTPV_3-23,23,0.000000,15.731579,0.000000,15.731579,0.000000
313_RTPV_13-23,23,0.000000,15.731579,0.000000,15.731579,0.000000
320_RTPV_4-23,23,0.000000,15.731579,0.000000,15.731579,0.000000
320_RTPV_5-23,23,0.000000,15.731579,0.000000,15.731579,0.000000
320_RTPV_6-23,23,0.000000,15.731579,0.000000,15.731579,0.000000
309_WIND_1-23,23,89.800000,15.731579,0.000000,15.731579,89.800000
317_WIND_1-23,23,500.691667,15.731579,0.000000,15.731579,500.691667
303_WIND_1-23,23,291.375000,15.731579,0.000000,15.731579,291.375000
320_PV_1-24,24,0.000000,15.731579,0.000000,15.731579,0.000000
314_PV_1-24,24,0.000000,15.731579,0.000000,15.731579,0.000000
314_PV_2-24,24,0.000000,15.731579,0.000000,15.731579,0.000000
313_PV_1-24,24,0.000000,15.731579,0.000000,15.731579,0.000000
314_PV_3-24,24,0.000000,15.731579,0.000000,15.731579,0.000000
314_PV_4-24,24,0.000000,15.731579,0.000000,15.731579,0.000000
313_PV_2-24,24,0.000000,15.731579,0.000000,15.731579,0.000000
310_PV_1-24,24,0.000000,15.731579,0.000000,15.731579,0.000000
324_PV_1-24,24,0.000000,15.731579,0.000000,15.731579,0.000000
312_PV_1-24,24,0.000000,15.731579,0.000000,15.731579,0.000000
310_PV_2-24,24,0.000000,15.731579,0.000000,15.731579,0.000000
324_PV_2-24,24,0.000000,15.731579,0.000000,15.731579,0.000000
324_PV_3-24,24,0.000000,15.731579,0.000000,15.731579,0.000000
319_PV_1-24,24,0.000000,15.731579,0.000000,15.731579,0.000000
308_RTPV_1-24,24,0.000000,15.731579,0.000000,15.731579,0.000000
313_RTPV_1-24,24,0.000000,15.731579,0.000000,15.731579,0.000000
313_RTPV_2-24,24,0.000000,15.731579,0.000000,15.731579,0.000000
313_RTPV_3-24,24,0.000000,15.731579,0.000000,15.731579,0.000000
313_RTPV_4-24,24,0.000000,15.731579,0.000000,15.731579,0.000000
313_RTPV_5-24,24,0.000000,15.731579,0.000000,15.731579,0.000000
313_RTPV_6-24,24,0.000000,15.731579,0.000000,15.731579,0.000000
313_RTPV_7-24,24,0.000000,15.731579,0.000000,15.731579,0.000000
313_RTPV_8-24,24,0.000000,15.731579,0.000000,15.731579,0.000000
313_RTPV_9-24,24,0.000000,15.731579,0.000000,15.731579,0.000000
313_RTPV_10-24,24,0.000000,15.731579,0.000000,15.731579,0.000000
313_RTPV_11-24,24,0.000000,15.731579,0.000000,15.731579,0.000000
313_RTPV_12-24,24,0.000000,15.731579,0.000000,15.731579,0.000000
320_RTPV_1-24,24,0.000000,15.731579,0.000000,15.731579,0.000000
320_RTPV_2-24,24,0.000000,15.731579,0.000000,15.731579,0.000000
320_RTPV_3-24,24,0.000000,15.731579,0.000000,15.731579,0.000000
313_RTPV_13-24,24,0.000000,15.731579,0.000000,15.731579,0.000000
320_RTPV_4-24,24,0.000000,15.731579,0.000000,15.731579,0.000000
320_RTPV_5-24,24,0.000000,15.731579,0.000000,15.731579,0.000000
320_RTPV_6-24,24,0.000000,15.731579,0.000000,15.731579,0.000000
309_WIND_1-24,24,110.725000,15.731579,0.000000,15.731579,110.725000
317_WIND_1-24,24,527.241667,15.731579,0.000000,15.731579,527.241667
303_WIND_1-24,24,122.033333,15.731579,0.000000,15.731579,122.033333
