,time,charge,discharge,totaldischarge,soc,discharge_offer,maxdischargeoffer,charge_offer,maxchargeoffer,tightdual,socmaxdual,socmindual,chargemindual,dischargemindual,finalsocdual,finalsocMAXdual,finalsocMINdual,cycledual,bindonecyclemaxdual,bindonecyclemindual,node,lmp,profit
313_STORAGE_1,1,288.174898,0.000000,0.000000,244.948664,4984.268421,5000.000000,4236.628158,5000.000000,0.000000,0.000000,0.000000,0.000000,0.000000,26.401998,0.000000,0.000000,0.000000,0.000000,0.000000,303,0.000000,0.0
313_STORAGE_1,2,285.927021,0.000000,0.000000,487.986632,4984.268421,5000.000000,4236.628158,5000.000000,0.000000,0.000000,0.000000,0.000000,0.000000,26.401998,0.000000,0.000000,0.000000,0.000000,0.000000,303,0.000000,0.0
313_STORAGE_1,3,0.000000,0.000000,0.000000,487.986632,4984.268421,5000.000000,4236.628158,5000.000000,0.000000,0.000000,0.000000,0.000000,0.000000,26.401998,0.000000,0.000000,0.000000,0.000000,0.000000,303,0.000000,0.0
313_STORAGE_1,4,0.000000,0.000000,0.000000,487.986632,4984.268421,5000.000000,4236.628158,5000.000000,0.000000,0.000000,0.000000,0.000000,0.000000,26.401998,0.000000,0.000000,0.000000,0.000000,0.000000,303,0.000000,0.0
313_STORAGE_1,5,116.727760,0.000000,0.000000,587.205228,4984.268421,5000.000000,4236.628158,5000.000000,0.000000,0.000000,0.000000,0.000000,0.000000,26.401998,0.000000,0.000000,0.000000,0.000000,0.000000,303,0.000000,0.0
313_STORAGE_1,6,289.043417,0.000000,0.000000,832.892132,4984.268421,5000.000000,4236.628158,5000.000000,0.000000,0.000000,0.000000,0.000000,0.000000,26.401998,0.000000,0.000000,0.000000,0.000000,0.000000,303,0.000000,0.0
313_STORAGE_1,7,0.000000,0.000000,0.000000,832.892132,4984.268421,5000.000000,4236.628158,5000.000000,0.000000,0.000000,0.000000,0.000000,0.000000,26.401998,0.000000,0.000000,0.000000,0.000000,0.000000,303,0.000000,0.0
313_STORAGE_1,8,0.000000,0.000000,0.000000,832.892132,4984.268421,5000.000000,4236.628158,5000.000000,0.000000,0.000000,0.000000,0.000000,0.000000,26.401998,0.000000,0.000000,0.000000,0.000000,0.000000,303,0.000000,0.0
313_STORAGE_1,9,0.000000,0.000000,0.000000,832.892132,4984.268421,5000.000000,4236.628158,5000.000000,0.000000,0.000000,0.000000,0.000000,0.000000,26.401998,0.000000,0.000000,0.000000,0.000000,0.000000,303,0.000000,0.0
313_STORAGE_1,10,78.950433,0.000000,0.000000,900.000000,5000.000000,5000.000000,4252.359737,5000.000000,0.000000,5.556300,0.000000,0.000000,0.000000,26.401998,0.000000,0.000000,0.000000,0.000000,0.000000,303,15.731579,-1242.0149738237071
313_STORAGE_1,11,0.000000,0.000000,0.000000,900.000000,4994.443700,5000.000000,-50.000000,5000.000000,0.000000,0.000000,0.000000,4297.636882,0.000000,26.401998,0.000000,0.000000,0.000000,0.000000,0.000000,303,15.731579,0.0
313_STORAGE_1,12,0.000000,0.000000,0.000000,900.000000,5000.000000,5000.000000,4253.193182,5000.000000,0.000000,1.444583,0.000000,0.000000,0.000000,26.401998,0.000000,0.000000,0.000000,0.000000,0.000000,303,21.287879,0.0
313_STORAGE_1,13,0.000000,0.000000,0.000000,900.000000,5000.000000,5000.000000,4253.409869,5000.000000,0.000000,3.669536,0.000000,0.000000,0.000000,26.401998,0.000000,0.000000,0.000000,0.000000,0.000000,303,22.732463,0.0
313_STORAGE_1,14,0.000000,0.000000,0.000000,900.000000,5000.000000,5000.000000,-50.000000,5000.000000,0.000000,5000.000000,0.000000,4303.960300,0.000000,26.401998,0.000000,0.000000,0.000000,0.000000,0.000000,303,26.401998,0.0
313_STORAGE_1,15,0.000000,251.307232,251.307232,648.692768,-0.090743,5000.000000,-50.000000,5000.000000,0.000000,0.000000,0.000000,53.869556,0.000000,26.401998,0.000000,0.000000,0.000000,0.000000,0.000000,303,26.311255,6612.20866449616
313_STORAGE_1,16,0.000000,137.888439,137.888439,510.804329,0.027211,5000.000000,3.987510,5000.000000,0.000000,0.000000,0.000000,0.000000,0.000000,26.401998,0.000000,0.000000,0.000000,0.000000,0.000000,303,26.429209,3644.282373014751
313_STORAGE_1,17,0.000000,50.042676,50.042676,460.761652,0.027211,5000.000000,-50.000000,5000.000000,0.000000,0.000000,0.000000,53.987510,0.000000,26.401998,0.000000,0.000000,0.000000,0.000000,0.000000,303,26.429209,1322.588342923284
313_STORAGE_1,18,0.000000,54.456034,54.456034,406.305618,0.027211,5000.000000,-50.000000,5000.000000,0.000000,0.000000,0.000000,53.987510,0.000000,26.401998,0.000000,0.000000,0.000000,0.000000,0.000000,303,26.429209,1439.2299038971062
313_STORAGE_1,19,0.000000,75.717534,75.717534,330.588084,0.027211,5000.000000,-50.000000,5000.000000,0.000000,0.000000,0.000000,53.987510,0.000000,26.401998,0.000000,0.000000,0.000000,0.000000,0.000000,303,26.429209,2001.154531050606
313_STORAGE_1,20,0.000000,79.643037,79.643037,250.945047,0.000000,5000.000000,3.960300,5000.000000,0.000000,0.000000,0.000000,0.000000,0.000000,26.401998,0.000000,0.000000,0.000000,0.000000,0.000000,303,26.401998,2102.735303587926
313_STORAGE_1,21,0.000000,81.669450,81.669450,169.275597,0.000000,5000.000000,3.960300,5000.000000,0.000000,0.000000,0.000000,0.000000,0.000000,26.401998,0.000000,0.000000,0.000000,0.000000,0.000000,303,26.401998,2156.2366555610997
313_STORAGE_1,22,0.000000,0.000000,0.000000,169.275597,-0.493677,5000.000000,-50.000000,5000.000000,0.000000,0.000000,0.000000,53.466623,0.000000,26.401998,0.000000,0.000000,0.000000,0.000000,0.000000,303,25.908321,0.0
313_STORAGE_1,23,0.000000,42.846553,42.846553,126.429045,0.000000,5000.000000,-50.000000,5000.000000,0.000000,0.000000,0.000000,53.960300,0.000000,26.401998,0.000000,0.000000,0.000000,0.000000,0.000000,303,26.401998,1131.234606612894
313_STORAGE_1,24,0.000000,126.429045,126.429045,0.000000,0.000000,5000.000000,3.960300,5000.000000,0.000000,0.000000,0.000000,0.000000,0.000000,26.401998,0.000000,0.000000,0.000000,0.000000,0.000000,303,26.401998,3337.97939323191
