,time,charge,discharge,totaldischarge,soc,discharge_offer,maxdischargeoffer,charge_offer,maxchargeoffer,tightdual,socmaxdual,socmindual,chargemindual,dischargemindual,finalsocdual,finalsocMAXdual,finalsocMINdual,cycledual,bindonecyclemaxdual,bindonecyclemindual,node,lmp,profit
313_STORAGE_1,1,300.000000,0.000000,0.000000,255.000000,-34.268421,5000.000000,-26.768421,5000.000000,0.000000,0.000000,0.000000,297.640263,0.000000,0.000000,0.000000,0.000000,0.000000,0.000000,0.000000,303,-0.000000,0.0
313_STORAGE_1,2,78.950433,0.000000,0.000000,322.107868,-34.268421,5000.000000,-26.768421,5000.000000,0.000000,15.731579,0.000000,297.640263,0.000000,0.000000,0.000000,0.000000,0.000000,0.000000,0.000000,303,7.000884,-552.722823182772
313_STORAGE_1,3,300.000000,0.000000,0.000000,577.107868,-50.000000,5000.000000,-42.500000,5000.000000,0.000000,0.000000,5000.000000,300.000000,0.000000,0.000000,0.000000,0.000000,0.000000,0.000000,0.000000,303,22.732463,-6819.738899999999
313_STORAGE_1,4,217.710935,0.000000,0.000000,762.162162,-50.000000,5000.000000,-42.500000,5000.000000,4.374594,5000.000000,0.000000,0.000000,2174.756205,0.000000,0.000000,0.000000,0.000000,0.000000,0.000000,303,22.732463,-4949.105774582905
313_STORAGE_1,5,0.000000,0.000000,0.000000,762.162162,-50.000000,5000.000000,-42.500000,5000.000000,0.000000,0.000000,0.000000,300.000000,0.000000,0.000000,0.000000,0.000000,0.000000,0.000000,0.000000,303,22.732463,0.0
313_STORAGE_1,6,0.000000,0.890259,0.890259,761.271903,-50.000000,5000.000000,-42.500000,5000.000000,0.000000,2864.864865,0.000000,300.000000,0.000000,0.000000,0.000000,0.000000,0.000000,0.000000,0.000000,303,26.401998,23.504616337482
313_STORAGE_1,7,0.000000,251.307232,251.307232,509.964671,-50.000000,5000.000000,-42.500000,5000.000000,7.117117,0.000000,2864.864865,0.000000,5000.000000,0.000000,0.000000,0.000000,0.000000,0.000000,0.000000,303,26.401998,6635.013036649536
313_STORAGE_1,8,0.000000,137.888439,137.888439,372.076232,-50.000000,5000.000000,-42.500000,5000.000000,0.000000,0.000000,2587.934904,300.000000,0.000000,0.000000,0.000000,0.000000,0.000000,0.000000,0.000000,303,26.401998,3640.530290701122
313_STORAGE_1,9,0.000000,86.229851,86.229851,285.846381,-50.000000,5000.000000,-42.500000,5000.000000,0.146984,2940.876080,0.000000,0.000000,0.000000,0.000000,0.000000,0.000000,0.000000,0.000000,0.000000,303,26.401998,2276.6403536422977
313_STORAGE_1,10,0.000000,84.166451,84.166451,201.679930,-50.000000,5000.000000,-42.500000,5000.000000,0.000000,0.000000,0.000000,0.000000,352.941176,0.000000,0.000000,0.000000,0.000000,0.000000,0.000000,303,26.401998,2222.1624709690977
313_STORAGE_1,11,0.000000,75.717534,75.717534,125.962396,-50.000000,5000.000000,-42.500000,5000.000000,0.000000,0.000000,3076.239396,0.000000,352.941176,0.000000,0.000000,0.000000,0.000000,0.000000,0.000000,303,26.401998,1999.094181232932
313_STORAGE_1,12,0.000000,79.643037,79.643037,46.319359,-50.000000,5000.000000,-42.500000,5000.000000,8.514158,2723.298219,0.000000,5000.000000,0.000000,0.000000,0.000000,0.000000,0.000000,0.000000,0.000000,303,26.401998,2102.735303587926
313_STORAGE_1,13,0.000000,18.890314,18.890314,27.429045,-50.000000,5000.000000,-42.500000,5000.000000,0.000000,352.941176,0.000000,300.000000,0.000000,0.000000,0.000000,0.000000,0.000000,0.000000,0.000000,303,26.401998,498.74203244737197
313_STORAGE_1,14,0.000000,0.000000,0.000000,27.429045,-50.000000,5000.000000,-42.500000,5000.000000,0.000000,0.000000,352.941176,0.000000,352.941176,0.000000,0.000000,0.000000,0.000000,0.000000,0.000000,303,25.908321,0.0
313_STORAGE_1,15,0.000000,0.000000,0.000000,27.429045,-50.000000,5000.000000,-42.500000,5000.000000,0.000000,0.000000,0.000000,300.000000,0.000000,0.000000,0.000000,0.000000,0.000000,0.000000,0.000000,303,26.401998,0.0
313_STORAGE_1,16,0.000000,27.429045,27.429045,0.000000,-50.000000,5000.000000,-42.500000,5000.000000,0.000000,0.000000,21.287879,300.000000,0.000000,0.000000,0.000000,0.000000,0.000000,0.000000,0.000000,303,26.401998,724.1815912319099
313_STORAGE_1,17,0.000000,0.000000,0.000000,0.000000,-28.712121,5000.000000,-21.212121,5000.000000,0.000000,0.000000,1.444584,296.806818,0.000000,0.000000,0.000000,0.000000,0.000000,0.000000,0.000000,303,26.401998,0.0
313_STORAGE_1,18,0.000000,0.000000,0.000000,0.000000,-27.267537,5000.000000,-19.767537,5000.000000,0.000000,0.000000,0.000000,296.590131,0.000000,0.000000,0.000000,0.000000,0.000000,0.000000,0.000000,303,26.401998,0.0
313_STORAGE_1,19,0.000000,0.000000,0.000000,0.000000,-27.267537,5000.000000,-19.767537,5000.000000,0.000000,348.929565,0.000000,296.590131,0.000000,0.000000,0.000000,0.000000,0.000000,0.000000,0.000000,303,22.732463,0.0
313_STORAGE_1,20,0.000000,0.000000,0.000000,0.000000,-27.267537,5000.000000,-19.767537,5000.000000,0.000000,0.000000,347.313748,0.000000,348.929565,0.000000,0.000000,0.000000,0.000000,0.000000,0.000000,303,22.732463,0.0
313_STORAGE_1,21,0.000000,0.000000,0.000000,0.000000,-28.883354,5000.000000,-21.383354,5000.000000,0.000000,0.000000,253.623838,296.832503,0.000000,0.000000,0.000000,0.000000,0.000000,0.000000,0.000000,303,23.334982,0.0
313_STORAGE_1,22,0.000000,0.000000,0.000000,0.000000,-50.000000,5000.000000,-42.500000,5000.000000,0.000000,609.173921,0.000000,0.000000,258.788927,0.000000,0.000000,0.000000,0.000000,0.000000,0.000000,303,22.732463,0.0
313_STORAGE_1,23,0.000000,0.000000,0.000000,0.000000,-34.268421,5000.000000,-26.768421,5000.000000,0.000000,0.000000,334.433436,0.000000,350.165015,0.000000,0.000000,0.000000,0.000000,0.000000,0.000000,303,-0.000000,0.0
313_STORAGE_1,24,162.162162,137.837838,137.837838,0.000000,-50.000000,5000.000000,-42.500000,5000.000000,0.000000,0.000000,2050.000000,300.000000,0.000000,0.000000,0.000000,0.000000,0.000000,0.000000,0.000000,303,0.000000,0.0
