,hour,LMP,VoltageAngle,VoltageAngleDualMax,VoltageAngleDualMin,Load,LoadPayment
301,1,0.000000,0.000000,0.000000,0.000000,43.459665,0.0
301,2,0.000000,0.000000,0.000000,0.000000,42.332173,0.0
301,3,0.000000,0.000000,0.000000,0.000000,41.922177,0.0
301,4,0.000000,0.000000,0.000000,0.000000,42.161341,0.0
301,5,0.000000,0.000000,0.000000,0.000000,44.245492,0.0
301,6,15.731579,0.000000,0.000000,0.000000,48.379627,761.087924141033
301,7,0.000000,0.000000,0.000000,0.000000,53.128757,0.0
301,8,0.000000,0.000000,0.000000,0.000000,57.040810,0.0
301,9,0.000000,0.000000,0.000000,0.000000,60.406201,0.0
301,10,0.000000,0.000000,0.000000,0.000000,63.822841,0.0
301,11,0.000000,0.000000,0.000000,0.000000,66.504903,0.0
301,12,0.000000,0.000000,0.000000,0.000000,68.520721,0.0
301,13,0.000000,0.000000,0.000000,0.000000,71.254034,0.0
301,14,15.731579,0.000000,0.000000,0.000000,73.474850,1155.87540728815
301,15,25.908321,0.000000,0.000000,0.000000,72.962354,1890.3320883476342
301,16,26.429209,0.000000,0.000000,0.000000,71.288200,1884.0907370338
301,17,26.429209,0.000000,0.000000,0.000000,67.820310,1792.4371474347902
301,18,26.429209,0.000000,0.000000,0.000000,63.361594,1674.5968103991459
301,19,26.429209,0.000000,0.000000,0.000000,62.763682,1658.7944691875382
301,20,26.429209,0.000000,0.000000,0.000000,64.677001,1709.3619769222091
301,21,26.401998,0.000000,0.000000,0.000000,60.713698,1602.962933168604
301,22,26.401998,0.000000,0.000000,0.000000,54.529579,1439.689835698842
301,23,22.732463,0.000000,0.000000,0.000000,49.455868,1124.253689442884
301,24,15.731579,0.000000,0.000000,0.000000,45.560898,716.744866197942
302,1,0.000000,0.293220,0.000000,0.000000,39.033217,0.0
302,2,0.000000,0.294794,0.000000,0.000000,38.020563,0.0
302,3,0.000000,0.387828,0.000000,0.000000,37.652325,0.0
302,4,0.000000,0.304470,0.000000,0.000000,37.867131,0.0
302,5,0.000000,0.394131,0.000000,0.000000,39.739007,0.0
302,6,15.731579,0.287141,0.000000,0.000000,43.452072,683.569703381688
302,7,0.000000,0.362638,0.000000,0.000000,47.717494,0.0
302,8,0.000000,0.097640,0.000000,0.000000,51.231098,0.0
302,9,0.000000,0.062248,0.000000,0.000000,54.253717,0.0
302,10,0.000000,0.244659,0.000000,0.000000,57.322366,0.0
302,11,0.000000,0.128625,0.000000,0.000000,59.731256,0.0
302,12,0.000000,0.229259,0.000000,0.000000,61.541759,0.0
302,13,0.000000,0.257273,0.000000,0.000000,63.996678,0.0
302,14,15.731579,0.257658,0.000000,0.000000,65.991300,1038.1473492627
302,15,25.908321,0.274828,0.000000,0.000000,65.531003,1697.798261175963
302,16,26.429209,0.239722,0.000000,0.000000,64.027365,1692.192611304285
302,17,26.429209,0.231168,0.000000,0.000000,60.912686,1609.874109045374
302,18,26.429209,0.197277,0.000000,0.000000,56.908099,1504.0360422636911
302,19,26.429209,0.235586,0.000000,0.000000,56.371085,1489.843187021765
302,20,26.429209,0.244552,0.000000,0.000000,58.089529,1535.260302652561
302,21,26.401998,0.201203,0.000000,0.000000,54.529896,1439.698205132208
302,22,26.401998,0.183617,0.000000,0.000000,48.975641,1293.0547757307181
302,23,22.732463,0.265361,0.000000,0.000000,44.418697,1009.746386060711
302,24,15.731579,0.352111,0.000000,0.000000,40.920437,643.743087380023
303,1,0.000000,-11.947590,0.000000,0.000000,72.432774,0.0
303,2,0.000000,-11.870502,0.000000,0.000000,70.553622,0.0
303,3,0.000000,-14.844978,0.000000,0.000000,69.870294,0.0
303,4,0.000000,-12.145288,0.000000,0.000000,70.268902,0.0
303,5,0.000000,-14.831571,0.000000,0.000000,73.742487,0.0
303,6,15.731579,-11.580126,0.000000,0.000000,80.632711,1268.479863080669
303,7,0.000000,-14.097167,0.000000,0.000000,88.547928,0.0
303,8,0.000000,-5.526797,0.000000,0.000000,95.068016,0.0
303,9,0.000000,-3.785510,0.000000,0.000000,100.677001,0.0
303,10,0.000000,-10.110915,0.000000,0.000000,106.371401,0.0
303,11,0.000000,-7.018085,0.000000,0.000000,110.841506,0.0
303,12,0.000000,-9.836448,0.000000,0.000000,114.201202,0.0
303,13,0.000000,-10.966761,0.000000,0.000000,118.756723,0.0
303,14,15.731579,-11.191439,0.000000,0.000000,122.458083,1926.4590069030571
303,15,25.908321,-12.161804,0.000000,0.000000,121.603923,3150.553471943283
303,16,26.429209,-11.201780,0.000000,0.000000,118.813667,3140.151237199403
303,17,26.429209,-10.557376,0.000000,0.000000,113.033850,2987.39524572465
303,18,26.429209,-9.057280,0.000000,0.000000,105.602657,2790.9946928083127
303,19,26.429209,-10.195830,0.000000,0.000000,104.606137,2764.657457455633
303,20,26.429209,-10.551717,0.000000,0.000000,107.795002,2848.936637013418
303,21,26.401998,-9.054293,0.000000,0.000000,101.189497,2671.604897415006
303,22,26.401998,-8.570674,0.000000,0.000000,90.882632,2399.483068298736
303,23,22.732463,-11.519780,0.000000,0.000000,82.426447,1873.7561566489608
303,24,15.731579,-14.422094,0.000000,0.000000,75.934831,1194.574792728149
304,1,0.000000,-0.913031,0.000000,0.000000,29.777918,0.0
304,2,0.000000,-0.831150,0.000000,0.000000,29.005378,0.0
304,3,0.000000,-0.485964,0.000000,0.000000,28.724454,0.0
304,4,0.000000,-0.778332,0.000000,0.000000,28.888326,0.0
304,5,0.000000,-0.423604,0.000000,0.000000,30.316356,0.0
304,6,15.731579,-0.967343,0.000000,0.000000,33.149003,521.486159465737
304,7,0.000000,-0.836702,0.000000,0.000000,36.403037,0.0
304,8,0.000000,-1.837426,0.000000,0.000000,39.083518,0.0
304,9,0.000000,-1.785360,0.000000,0.000000,41.389434,0.0
304,10,0.000000,-1.400447,0.000000,0.000000,43.730465,0.0
304,11,0.000000,-2.130622,0.000000,0.000000,45.568175,0.0
304,12,0.000000,-1.644745,0.000000,0.000000,46.949383,0.0
304,13,0.000000,-1.697509,0.000000,0.000000,48.822208,0.0
304,14,15.731579,-1.830284,0.000000,0.000000,50.343879,791.988709654941
304,15,25.908321,-1.930814,0.000000,0.000000,49.992724,1295.227541056404
304,16,26.429209,-2.089401,0.000000,0.000000,48.845618,1290.951046856162
304,17,26.429209,-1.894693,0.000000,0.000000,46.469472,1228.151387607648
304,18,26.429209,-1.751989,0.000000,0.000000,43.414426,1147.4089383690339
304,19,26.429209,-1.565319,0.000000,0.000000,43.004745,1136.581393596705
304,20,26.429209,-1.601652,0.000000,0.000000,44.315723,1171.2295051531069
304,21,26.401998,-1.629162,0.000000,0.000000,41.600127,1098.326469853746
304,22,26.401998,-1.594958,0.000000,0.000000,37.362860,986.4541549942799
304,23,22.732463,-1.330549,0.000000,0.000000,33.886428,770.321970712164
304,24,15.731579,-0.987712,0.000000,0.000000,31.217653,491.102974364087
305,1,0.000000,0.916202,0.000000,0.000000,28.570705,0.0
305,2,0.000000,0.930497,0.000000,0.000000,27.829484,0.0
305,3,0.000000,1.583866,0.000000,0.000000,27.559949,0.0
305,4,0.000000,0.990770,0.000000,0.000000,27.717178,0.0
305,5,0.000000,1.427044,0.000000,0.000000,29.087314,0.0
305,6,15.731579,0.565468,0.000000,0.000000,31.805125,500.344836542375
305,7,0.000000,0.889779,0.000000,0.000000,34.927238,0.0
305,8,0.000000,-1.144349,0.000000,0.000000,37.499051,0.0
305,9,0.000000,-1.794833,0.000000,0.000000,39.711484,0.0
305,10,0.000000,-0.520576,0.000000,0.000000,41.957608,0.0
305,11,0.000000,-1.192629,0.000000,0.000000,43.720816,0.0
305,12,0.000000,-0.766435,0.000000,0.000000,45.046030,0.0
305,13,0.000000,-0.614300,0.000000,0.000000,46.842929,0.0
305,14,15.731579,-0.634280,0.000000,0.000000,48.302910,759.88104459489
305,15,25.908321,-0.322664,0.000000,0.000000,47.965992,1242.718317819432
305,16,26.429209,-0.414727,0.000000,0.000000,46.865391,1238.615213605719
305,17,26.429209,-0.453491,0.000000,0.000000,44.585574,1178.361453630966
305,18,26.429209,-0.634887,0.000000,0.000000,41.654382,1100.892367643838
305,19,26.429209,-0.379698,0.000000,0.000000,41.261310,1090.50378560379
305,20,26.429209,-0.383949,0.000000,0.000000,42.519140,1123.74723756026
305,21,26.401998,-0.530967,0.000000,0.000000,39.913635,1053.7997114427299
305,22,26.401998,-0.317844,0.000000,0.000000,35.848149,946.462758201702
305,23,22.732463,0.620978,0.000000,0.000000,32.512654,739.092704086802
305,24,15.731579,1.453149,0.000000,0.000000,29.952072,471.193386881688
306,1,0.000000,1.844176,0.000000,0.000000,54.726985,0.0
306,2,0.000000,1.857339,0.000000,0.000000,53.307181,0.0
306,3,0.000000,2.885565,0.000000,0.000000,52.790889,0.0
306,4,0.000000,1.951359,0.000000,0.000000,53.092059,0.0
306,5,0.000000,2.664019,0.000000,0.000000,55.716545,0.0
306,6,15.731579,1.341545,0.000000,0.000000,60.922493,958.407011506447
306,7,0.000000,1.899828,0.000000,0.000000,66.902879,0.0
306,8,0.000000,-1.273665,0.000000,0.000000,71.829168,0.0
306,9,0.000000,-2.259168,0.000000,0.000000,76.067067,0.0
306,10,0.000000,-0.218836,0.000000,0.000000,80.369503,0.0
306,11,0.000000,-1.262731,0.000000,0.000000,83.746916,0.0
306,12,0.000000,-0.563559,0.000000,0.000000,86.285353,0.0
306,13,0.000000,-0.299284,0.000000,0.000000,89.727301,0.0
306,14,15.731579,-0.311741,0.000000,0.000000,92.523885,1455.5468062644152
306,15,25.908321,0.169486,0.000000,0.000000,91.878519,2380.418163256599
306,16,26.429209,0.005020,0.000000,0.000000,89.770326,2372.558707852134
306,17,26.429209,-0.085511,0.000000,0.000000,85.403353,2257.143065737777
306,18,26.429209,-0.410624,0.000000,0.000000,79.788674,2108.751540978866
306,19,26.429209,-0.012159,0.000000,0.000000,79.035748,2088.852302363332
306,20,26.429209,-0.000789,0.000000,0.000000,81.445112,2152.5298870764077
306,21,26.401998,-0.270999,0.000000,0.000000,76.454287,2018.5459324654257
306,22,26.401998,0.002955,0.000000,0.000000,68.666878,1812.9427756222437
306,23,22.732463,1.430906,0.000000,0.000000,62.277760,1415.72687492288
306,24,15.731579,2.705055,0.000000,0.000000,57.372983,902.567614530157
307,1,0.000000,5.762805,0.000000,0.000000,50.300538,0.0
307,2,0.000000,5.701199,0.000000,0.000000,48.995571,0.0
307,3,0.000000,6.587398,0.000000,0.000000,48.521038,0.0
307,4,0.000000,5.783886,0.000000,0.000000,48.797849,0.0
307,5,0.000000,6.790981,0.000000,0.000000,51.210060,0.0
307,6,15.731579,5.911784,0.000000,0.000000,55.994938,880.888790747102
307,7,0.000000,5.489973,0.000000,0.000000,61.491617,0.0
307,8,0.000000,2.141937,0.000000,0.000000,66.019456,0.0
307,9,0.000000,4.559328,0.000000,0.000000,69.914584,0.0
307,10,0.000000,3.024190,0.000000,0.000000,73.869029,0.0
307,11,0.000000,2.060006,0.000000,0.000000,76.973268,0.0
307,12,0.000000,3.472147,0.000000,0.000000,79.306390,0.0
307,13,0.000000,4.594821,0.000000,0.000000,82.469946,0.0
307,14,15.731579,5.770782,0.000000,0.000000,85.040335,1337.8187482389649
307,15,25.908321,7.124266,0.000000,0.000000,84.447169,2187.884361993249
307,16,26.429209,7.062097,0.000000,0.000000,82.509491,2180.660582122619
307,17,26.429209,6.741942,0.000000,0.000000,78.495729,2074.580027348361
307,18,26.429209,6.107921,0.000000,0.000000,73.335179,1938.190772843411
307,19,26.429209,6.442163,0.000000,0.000000,72.643151,1919.901020197559
307,20,26.429209,6.655625,0.000000,0.000000,74.857640,1978.42821280676
307,21,26.401998,5.971559,0.000000,0.000000,70.270484,1855.2811780270317
307,22,26.401998,5.404161,0.000000,0.000000,63.112939,1666.307689252122
307,23,22.732463,5.891660,0.000000,0.000000,57.240588,1301.219548808244
307,24,15.731579,6.496695,0.000000,0.000000,52.732521,829.565819980659
308,1,0.000000,4.004779,0.000000,0.000000,68.811136,0.0
308,2,0.000000,3.988783,0.000000,0.000000,67.025941,0.0
308,3,0.000000,4.891567,0.000000,0.000000,66.376779,0.0
308,4,0.000000,4.078380,0.000000,0.000000,66.755457,0.0
308,5,0.000000,5.001167,0.000000,0.000000,70.055362,0.0
308,6,15.731579,3.954737,0.000000,0.000000,76.601076,1205.055878579004
308,7,0.000000,3.340815,0.000000,0.000000,84.120531,0.0
308,8,0.000000,-0.165471,0.000000,0.000000,90.314616,0.0
308,9,0.000000,2.115783,0.000000,0.000000,95.643151,0.0
308,10,0.000000,0.442436,0.000000,0.000000,101.052831,0.0
308,11,0.000000,-0.630242,0.000000,0.000000,105.299431,0.0
308,12,0.000000,0.700355,0.000000,0.000000,108.491142,0.0
308,13,0.000000,1.712461,0.000000,0.000000,112.818886,0.0
308,14,15.731579,2.798586,0.000000,0.000000,116.335179,1830.1360589176409
308,15,25.908321,4.172801,0.000000,0.000000,115.523727,2993.025802232367
308,16,26.429209,4.178355,0.000000,0.000000,112.872983,2983.143658160447
308,17,26.429209,3.998483,0.000000,0.000000,107.382158,2838.025496653022
308,18,26.429209,3.544825,0.000000,0.000000,100.322525,2651.4449806327248
308,19,26.429209,3.903254,0.000000,0.000000,99.375830,2626.42458061847
308,20,26.429209,4.039318,0.000000,0.000000,102.405252,2706.489807805668
308,21,26.401998,3.515576,0.000000,0.000000,96.130022,2538.0246485839557
308,22,26.401998,3.198337,0.000000,0.000000,86.338500,2279.508904323
308,23,22.732463,3.891077,0.000000,0.000000,78.305125,1780.068356772875
308,24,15.731579,4.653671,0.000000,0.000000,72.138089,1134.846046012531
309,1,0.000000,-3.675222,0.000000,0.000000,70.420753,0.0
309,2,0.000000,-3.481544,0.000000,0.000000,68.593799,0.0
309,3,0.000000,-2.913132,0.000000,0.000000,67.929453,0.0
309,4,0.000000,-3.386422,0.000000,0.000000,68.316988,0.0
309,5,0.000000,-2.899724,0.000000,0.000000,71.694084,0.0
309,6,15.731579,-3.969907,0.000000,0.000000,78.392914,1233.244319631206
309,7,0.000000,-3.988009,0.000000,0.000000,86.088263,0.0
309,8,0.000000,-5.750940,0.000000,0.000000,92.427238,0.0
309,9,0.000000,-5.764659,0.000000,0.000000,97.880418,0.0
309,10,0.000000,-5.353414,0.000000,0.000000,103.416640,0.0
309,11,0.000000,-6.696013,0.000000,0.000000,107.762575,0.0
309,12,0.000000,-5.976964,0.000000,0.000000,111.028947,0.0
309,13,0.000000,-6.207474,0.000000,0.000000,115.457925,0.0
309,14,15.731579,-6.539966,0.000000,0.000000,119.056469,1872.946247534551
309,15,25.908321,-6.715956,0.000000,0.000000,118.226036,3063.0380912455557
309,16,26.429209,-6.907308,0.000000,0.000000,115.513287,3052.9248043999833
309,17,26.429209,-6.404560,0.000000,0.000000,109.894021,2904.412048859389
309,18,26.429209,-5.935201,0.000000,0.000000,102.669250,2713.4670661232503
309,19,26.429209,-5.602626,0.000000,0.000000,101.700411,2687.861417704899
309,20,26.429209,-5.754173,0.000000,0.000000,104.800696,2769.799497929464
309,21,26.401998,-5.606895,0.000000,0.000000,98.378678,2597.3936597986435
309,22,26.401998,-5.277792,0.000000,0.000000,88.358115,2332.83077551377
309,23,22.732463,-4.656647,0.000000,0.000000,80.136824,1821.707386517512
309,24,15.731579,-3.945075,0.000000,0.000000,73.825530,1161.39215741187
310,1,0.000000,0.424197,0.000000,0.000000,78.468839,0.0
310,2,0.000000,0.490664,0.000000,0.000000,76.433091,0.0
310,3,0.000000,1.834053,0.000000,0.000000,75.692819,0.0
310,4,0.000000,0.619000,0.000000,0.000000,76.124644,0.0
310,5,0.000000,1.437865,0.000000,0.000000,79.887694,0.0
310,6,15.731579,-0.452729,0.000000,0.000000,87.352104,1374.1865248922159
310,7,0.000000,0.049922,0.000000,0.000000,95.926922,0.0
310,8,0.000000,-4.219800,0.000000,0.000000,102.990351,0.0
310,9,0.000000,-5.655277,0.000000,0.000000,109.066751,0.0
310,10,0.000000,-3.175041,0.000000,0.000000,115.235685,0.0
310,11,0.000000,-4.631767,0.000000,0.000000,120.078298,0.0
310,12,0.000000,-3.831153,0.000000,0.000000,123.717969,0.0
310,13,0.000000,-3.612114,0.000000,0.000000,128.653116,0.0
310,14,15.731579,-3.726393,0.000000,0.000000,132.662923,2086.997253545417
310,15,25.908321,-3.075175,0.000000,0.000000,131.737583,3413.0995881281433
310,16,26.429209,-3.207058,0.000000,0.000000,128.714805,3401.8304827392453
310,17,26.429209,-3.171005,0.000000,0.000000,122.453338,3236.3448627496423
310,18,26.429209,-3.392407,0.000000,0.000000,114.402879,3023.577599292711
310,19,26.429209,-2.853203,0.000000,0.000000,113.323315,2995.0455767078347
310,20,26.429209,-2.925277,0.000000,0.000000,116.777918,3086.348001406862
310,21,26.401998,-3.093131,0.000000,0.000000,109.621955,2894.23863666609
310,22,26.401998,-2.454380,0.000000,0.000000,98.456185,2599.43999945763
310,23,22.732463,-0.375425,0.000000,0.000000,89.295318,2029.9025125082337
310,24,15.731579,1.447394,0.000000,0.000000,82.262733,1294.122682945407
311,1,0.000000,-4.012759,0.000000,0.000000,0.000000,0.0
311,2,0.000000,-3.801315,0.000000,0.000000,0.000000,0.0
311,3,0.000000,-1.650372,0.000000,0.000000,0.000000,0.0
311,4,0.000000,-3.587769,0.000000,0.000000,0.000000,0.0
311,5,0.000000,-2.600460,0.000000,0.000000,0.000000,0.0
311,6,15.731579,-5.289951,0.000000,0.000000,0.000000,0.0
311,7,0.000000,-4.226683,0.000000,0.000000,0.000000,0.0
311,8,0.000000,-9.764171,0.000000,0.000000,0.000000,0.0
311,9,0.000000,-12.232200,0.000000,0.000000,0.000000,0.0
311,10,0.000000,-9.420984,0.000000,0.000000,0.000000,0.0
311,11,0.000000,-11.060656,0.000000,0.000000,0.000000,0.0
311,12,0.000000,-9.299065,0.000000,0.000000,0.000000,0.0
311,13,0.000000,-10.067195,0.000000,0.000000,0.000000,0.0
311,14,15.731579,-10.916292,0.000000,0.000000,0.000000,0.0
311,15,25.908321,-11.421806,0.000000,0.000000,0.000000,0.0
311,16,26.429209,-11.901605,0.000000,0.000000,0.000000,0.0
311,17,26.429209,-11.446339,0.000000,0.000000,0.000000,0.0
311,18,26.429209,-11.417634,0.000000,0.000000,0.000000,0.0
311,19,26.429209,-10.764270,0.000000,0.000000,0.000000,0.0
311,20,26.429209,-11.084722,0.000000,0.000000,0.000000,0.0
311,21,26.401998,-10.988635,0.000000,0.000000,0.000000,0.0
311,22,26.401998,-9.418311,0.000000,0.000000,0.000000,0.0
311,23,22.732463,-5.524094,0.000000,0.000000,0.000000,0.0
311,24,15.731579,-2.389752,0.000000,0.000000,0.000000,0.0
312,1,0.000000,-3.283663,0.000000,0.000000,0.000000,0.0
312,2,0.000000,-3.095061,0.000000,0.000000,0.000000,0.0
312,3,0.000000,-1.186354,0.000000,0.000000,0.000000,0.0
312,4,0.000000,-2.902945,0.000000,0.000000,0.000000,0.0
312,5,0.000000,-1.970931,0.000000,0.000000,0.000000,0.0
312,6,15.731579,-4.633944,0.000000,0.000000,0.000000,0.0
312,7,0.000000,-4.174600,0.000000,0.000000,0.000000,0.0
312,8,0.000000,-9.448584,0.000000,0.000000,0.000000,0.0
312,9,0.000000,-13.030923,0.000000,0.000000,0.000000,0.0
312,10,0.000000,-9.281162,0.000000,0.000000,0.000000,0.0
312,11,0.000000,-12.380132,0.000000,0.000000,0.000000,0.0
312,12,0.000000,-10.398438,0.000000,0.000000,0.000000,0.0
312,13,0.000000,-9.959167,0.000000,0.000000,0.000000,0.0
312,14,15.731579,-10.875750,0.000000,0.000000,0.000000,0.0
312,15,25.908321,-10.828360,0.000000,0.000000,0.000000,0.0
312,16,26.429209,-11.811448,0.000000,0.000000,0.000000,0.0
312,17,26.429209,-11.527746,0.000000,0.000000,0.000000,0.0
312,18,26.429209,-11.379775,0.000000,0.000000,0.000000,0.0
312,19,26.429209,-10.336700,0.000000,0.000000,0.000000,0.0
312,20,26.429209,-10.619044,0.000000,0.000000,0.000000,0.0
312,21,26.401998,-10.394496,0.000000,0.000000,0.000000,0.0
312,22,26.401998,-8.725624,0.000000,0.000000,0.000000,0.0
312,23,22.732463,-5.283579,0.000000,0.000000,0.000000,0.0
312,24,15.731579,-2.154211,0.000000,0.000000,0.000000,0.0
313,1,0.000000,-3.251363,0.000000,0.000000,106.637140,0.0
313,2,0.000000,-3.057230,0.000000,0.000000,103.870611,0.0
313,3,0.000000,-0.767125,0.000000,0.000000,102.864600,0.0
313,4,0.000000,-2.835133,0.000000,0.000000,103.451439,0.0
313,5,0.000000,-1.755188,0.000000,0.000000,108.565327,0.0
313,6,15.731579,-5.256718,0.000000,0.000000,118.709269,1867.484243305751
313,7,0.000000,-3.551458,0.000000,0.000000,130.362227,0.0
313,8,0.000000,-11.329445,0.000000,0.000000,139.961246,0.0
313,9,0.000000,-18.304441,0.000000,0.000000,148.218918,0.0
313,10,0.000000,-12.240258,0.000000,0.000000,156.602341,0.0
313,11,0.000000,-17.075173,0.000000,0.000000,163.183328,0.0
313,12,0.000000,-12.955787,0.000000,0.000000,168.129548,0.0
313,13,0.000000,-12.337417,0.000000,0.000000,174.836286,0.0
313,14,15.731579,-14.271491,0.000000,0.000000,180.285511,2836.1757588518694
313,15,25.908321,-13.882660,0.000000,0.000000,179.027997,4638.314814263037
313,16,26.429209,-14.561957,0.000000,0.000000,174.920120,4623.00040978508
313,17,26.429209,-14.289846,0.000000,0.000000,166.410946,4398.109671721714
313,18,26.429209,-14.247445,0.000000,0.000000,155.470579,4108.9644257420105
313,19,26.429209,-13.115543,0.000000,0.000000,154.003480,4070.19015964732
313,20,26.429209,-13.431128,0.000000,0.000000,158.698197,4194.267816436173
313,21,26.401998,-13.234345,0.000000,0.000000,148.973426,3933.1960953051475
313,22,26.401998,-11.303803,0.000000,0.000000,133.799431,3532.5723096631377
313,23,22.732463,-7.122593,0.000000,0.000000,121.350047,2758.585453475761
313,24,15.731579,-2.380197,0.000000,0.000000,111.792945,1758.679545910155
314,1,0.000000,-7.028527,0.000000,0.000000,78.066435,0.0
314,2,0.000000,-6.721894,0.000000,0.000000,76.041126,0.0
314,3,0.000000,-3.526687,0.000000,0.000000,75.304650,0.0
314,4,0.000000,-6.416366,0.000000,0.000000,75.734261,0.0
314,5,0.000000,-5.184120,0.000000,0.000000,79.478013,0.0
314,6,15.731579,-8.342696,0.000000,0.000000,86.904144,1367.139406763376
314,7,0.000000,-7.040068,0.000000,0.000000,95.434989,0.0
314,8,0.000000,-13.073943,0.000000,0.000000,102.462196,0.0
314,9,0.000000,-13.298435,0.000000,0.000000,108.507434,0.0
314,10,0.000000,-12.005487,0.000000,0.000000,114.644733,0.0
314,11,0.000000,-11.083654,0.000000,0.000000,119.462512,0.0
314,12,0.000000,-10.405657,0.000000,0.000000,123.083518,0.0
314,13,0.000000,-13.134244,0.000000,0.000000,127.993357,0.0
314,14,15.731579,-13.646745,0.000000,0.000000,131.982600,2076.2946985254
314,15,25.908321,-15.664594,0.000000,0.000000,131.062006,3395.596522351926
314,16,26.429209,-16.281241,0.000000,0.000000,128.054730,3384.38522260857
314,17,26.429209,-15.482254,0.000000,0.000000,121.825372,3219.748218090748
314,18,26.429209,-15.556239,0.000000,0.000000,113.816197,3008.072058098173
314,19,26.429209,-15.109635,0.000000,0.000000,112.742170,2979.68637404353
314,20,26.429209,-15.638693,0.000000,0.000000,116.179057,3070.520578875913
314,21,26.401998,-15.525543,0.000000,0.000000,109.059791,2879.396383862418
314,22,26.401998,-13.208974,0.000000,0.000000,97.951281,2586.1095250594376
314,23,22.732463,-7.082789,0.000000,0.000000,88.837393,2019.492749388959
314,24,15.731579,-3.533321,0.000000,0.000000,81.840873,1287.486159028467
315,1,0.000000,-14.432237,0.000000,0.000000,127.562164,0.0
315,2,0.000000,-13.916428,0.000000,0.000000,124.252768,0.0
315,3,0.000000,-9.512162,0.000000,0.000000,123.049351,0.0
315,4,0.000000,-13.545410,0.000000,0.000000,123.751344,0.0
315,5,0.000000,-12.177113,0.000000,0.000000,129.868712,0.0
315,6,15.731579,-14.934935,0.000000,0.000000,142.003164,2233.933992715956
315,7,0.000000,-13.474433,0.000000,0.000000,155.942740,0.0
315,8,0.000000,-14.916650,0.000000,0.000000,167.425340,0.0
315,9,0.000000,-10.764377,0.000000,0.000000,177.303385,0.0
315,10,0.000000,-17.865330,0.000000,0.000000,187.331857,0.0
315,11,0.000000,-10.032402,0.000000,0.000000,195.204207,0.0
315,12,0.000000,-14.254514,0.000000,0.000000,201.121006,0.0
315,13,0.000000,-15.366137,0.000000,0.000000,209.143784,0.0
315,14,15.731579,-16.598751,0.000000,0.000000,215.662290,3392.7083524559102
315,15,25.908321,-24.315923,0.000000,0.000000,214.158020,5548.47472688442
315,16,26.429209,-27.265399,0.000000,0.000000,209.244068,5530.155205182212
315,17,26.429209,-25.714723,0.000000,0.000000,199.065169,5261.134956121321
315,18,26.429209,-25.650849,0.000000,0.000000,185.978013,4915.251774981717
315,19,26.429209,-25.766843,0.000000,0.000000,184.223031,4868.868988912479
315,20,26.429209,-26.729309,0.000000,0.000000,189.838975,5017.293946620775
315,21,26.401998,-26.366157,0.000000,0.000000,178.205948,4704.993082684104
315,22,26.401998,-22.711181,0.000000,0.000000,160.054413,4225.756291917174
315,23,22.732463,-12.429329,0.000000,0.000000,145.162132,3299.8927946911163
315,24,15.731579,-8.498955,0.000000,0.000000,133.729674,2103.778931175246
316,1,0.000000,-13.903960,0.000000,0.000000,40.240430,0.0
316,2,0.000000,-13.395146,0.000000,0.000000,39.196457,0.0
316,3,0.000000,-8.708100,0.000000,0.000000,38.816830,0.0
316,4,0.000000,-12.950032,0.000000,0.000000,39.038279,0.0
316,5,0.000000,-11.500264,0.000000,0.000000,40.968048,0.0
316,6,15.731579,-14.544833,0.000000,0.000000,44.795951,704.711042036629
316,7,0.000000,-13.151523,0.000000,0.000000,49.193293,0.0
316,8,0.000000,-15.566789,0.000000,0.000000,52.815565,0.0
316,9,0.000000,-12.484264,0.000000,0.000000,55.931667,0.0
316,10,0.000000,-18.178301,0.000000,0.000000,59.095223,0.0
316,11,0.000000,-11.279771,0.000000,0.000000,61.578614,0.0
316,12,0.000000,-14.821431,0.000000,0.000000,63.445112,0.0
316,13,0.000000,-15.781001,0.000000,0.000000,65.975957,0.0
316,14,15.731579,-17.085435,0.000000,0.000000,68.032268,1070.2549985911721
316,15,25.908321,-24.132555,0.000000,0.000000,67.557735,1750.3074844129349
316,16,26.429209,-26.762414,0.000000,0.000000,66.007593,1744.528470983937
316,17,26.429209,-25.270002,0.000000,0.000000,62.796583,1659.664016592847
316,18,26.429209,-25.217495,0.000000,0.000000,58.668143,1550.552612988887
316,19,26.429209,-25.025033,0.000000,0.000000,58.114521,1535.920821443889
316,20,26.429209,-25.963313,0.000000,0.000000,59.886112,1582.742570245408
316,21,26.401998,-25.585533,0.000000,0.000000,56.216387,1484.2249371412258
316,22,26.401998,-21.845148,0.000000,0.000000,50.490351,1333.0461461212979
316,23,22.732463,-12.275489,0.000000,0.000000,45.792471,1040.9756526860729
316,24,15.731579,-7.906355,0.000000,0.000000,42.186017,663.652659130843
317,1,0.000000,-20.766825,0.000000,0.000000,0.000000,0.0
317,2,0.000000,-20.048447,0.000000,0.000000,0.000000,0.0
317,3,0.000000,-13.582836,0.000000,0.000000,0.000000,0.0
317,4,0.000000,-19.359390,0.000000,0.000000,0.000000,0.0
317,5,0.000000,-17.664415,0.000000,0.000000,0.000000,0.0
317,6,15.731579,-21.049287,0.000000,0.000000,0.000000,0.0
317,7,0.000000,-18.776815,0.000000,0.000000,0.000000,0.0
317,8,0.000000,-20.933172,0.000000,0.000000,0.000000,0.0
317,9,0.000000,-13.870433,0.000000,0.000000,0.000000,0.0
317,10,0.000000,-23.486890,0.000000,0.000000,0.000000,0.0
317,11,0.000000,-12.512501,0.000000,0.000000,0.000000,0.0
317,12,0.000000,-18.848307,0.000000,0.000000,0.000000,0.0
317,13,0.000000,-19.899728,0.000000,0.000000,0.000000,0.0
317,14,15.731579,-21.861451,0.000000,0.000000,0.000000,0.0
317,15,25.908321,-30.857183,0.000000,0.000000,0.000000,0.0
317,16,26.429209,-33.540440,0.000000,0.000000,0.000000,0.0
317,17,26.429209,-31.168273,0.000000,0.000000,0.000000,0.0
317,18,26.429209,-31.113498,0.000000,0.000000,0.000000,0.0
317,19,26.429209,-31.524976,0.000000,0.000000,0.000000,0.0
317,20,26.429209,-32.829675,0.000000,0.000000,0.000000,0.0
317,21,26.401998,-32.397075,0.000000,0.000000,0.000000,0.0
317,22,26.401998,-27.737940,0.000000,0.000000,0.000000,0.0
317,23,22.732463,-16.178973,0.000000,0.000000,0.000000,0.0
317,24,15.731579,-12.355683,0.000000,0.000000,0.000000,0.0
318,1,0.000000,-18.517905,0.000000,0.000000,134.000633,0.0
318,2,0.000000,-17.848071,0.000000,0.000000,130.524201,0.0
318,3,0.000000,-11.975825,0.000000,0.000000,129.260044,0.0
318,4,0.000000,-17.317905,0.000000,0.000000,129.997469,0.0
318,5,0.000000,-15.497649,0.000000,0.000000,136.423600,0.0
318,6,15.731579,-18.886712,0.000000,0.000000,149.170516,2346.687756924764
318,7,0.000000,-16.566996,0.000000,0.000000,163.813667,0.0
318,8,0.000000,-18.520078,0.000000,0.000000,175.875830,0.0
318,9,0.000000,-12.022029,0.000000,0.000000,186.252452,0.0
318,10,0.000000,-21.196203,0.000000,0.000000,196.787093,0.0
318,11,0.000000,-11.021282,0.000000,0.000000,205.056786,0.0
318,12,0.000000,-16.557398,0.000000,0.000000,211.272224,0.0
318,13,0.000000,-17.782372,0.000000,0.000000,219.699937,0.0
318,14,15.731579,-19.514028,0.000000,0.000000,226.547453,3563.949154118287
318,15,25.908321,-29.189505,0.000000,0.000000,224.967257,5828.523908845497
318,16,26.429209,-32.102815,0.000000,0.000000,219.805283,5809.279763711147
318,17,26.429209,-29.996397,0.000000,0.000000,209.112623,5526.681217805208
318,18,26.429209,-30.019175,0.000000,0.000000,195.364916,5163.340196231444
318,19,26.429209,-30.407646,0.000000,0.000000,193.521354,5114.616310828986
318,20,26.429209,-31.627197,0.000000,0.000000,199.420753,5270.532759974377
318,21,26.401998,-31.309042,0.000000,0.000000,187.200569,4942.469048336862
318,22,26.401998,-26.882412,0.000000,0.000000,168.132869,4439.0436710722615
318,23,22.732463,-14.901507,0.000000,0.000000,152.488928,3466.4489136696634
318,24,15.731579,-10.681358,0.000000,0.000000,140.479437,2209.963361041023
319,1,0.000000,-10.328781,0.000000,0.000000,72.835179,0.0
319,2,0.000000,-9.922237,0.000000,0.000000,70.945587,0.0
319,3,0.000000,-5.839387,0.000000,0.000000,70.258462,0.0
319,4,0.000000,-9.536175,0.000000,0.000000,70.659285,0.0
319,5,0.000000,-8.133728,0.000000,0.000000,74.152167,0.0
319,6,15.731579,-11.271213,0.000000,0.000000,81.080671,1275.526981209509
319,7,0.000000,-10.769127,0.000000,0.000000,89.039861,0.0
319,8,0.000000,-13.366994,0.000000,0.000000,95.596172,0.0
319,9,0.000000,-14.004624,0.000000,0.000000,101.236318,0.0
319,10,0.000000,-17.090782,0.000000,0.000000,106.962354,0.0
319,11,0.000000,-12.764835,0.000000,0.000000,111.457292,0.0
319,12,0.000000,-14.583683,0.000000,0.000000,114.835653,0.0
319,13,0.000000,-14.600018,0.000000,0.000000,119.416482,0.0
319,14,15.731579,-15.755991,0.000000,0.000000,123.138406,1937.161561923074
319,15,25.908321,-20.493032,0.000000,0.000000,122.279500,3168.0565377195003
319,16,26.429209,-23.407613,0.000000,0.000000,119.473742,3157.596497330078
319,17,26.429209,-22.459641,0.000000,0.000000,113.661816,3003.991890383544
319,18,26.429209,-22.320802,0.000000,0.000000,106.189339,2806.500234002851
319,19,26.429209,-21.268542,0.000000,0.000000,105.187283,2780.016686549147
319,20,26.429209,-22.032835,0.000000,0.000000,108.393863,2864.764059544367
319,21,26.401998,-21.532234,0.000000,0.000000,101.751661,2686.447150218678
319,22,26.401998,-17.858534,0.000000,0.000000,91.387536,2412.813542696928
319,23,22.732463,-9.607925,0.000000,0.000000,82.884372,1884.1659197682359
319,24,15.731579,-5.429328,0.000000,0.000000,76.356691,1201.211316645089
320,1,0.000000,-8.054558,0.000000,0.000000,51.507751,0.0
320,2,0.000000,-7.715292,0.000000,0.000000,50.171465,0.0
320,3,0.000000,-4.149956,0.000000,0.000000,49.685543,0.0
320,4,0.000000,-7.377299,0.000000,0.000000,49.968997,0.0
320,5,0.000000,-6.056026,0.000000,0.000000,52.439102,0.0
320,6,15.731579,-9.243218,0.000000,0.000000,57.338817,902.030129402043
320,7,0.000000,-8.619822,0.000000,0.000000,62.967415,0.0
320,8,0.000000,-12.549581,0.000000,0.000000,67.603923,0.0
320,9,0.000000,-14.772756,0.000000,0.000000,71.592534,0.0
320,10,0.000000,-15.708279,0.000000,0.000000,75.641885,0.0
320,11,0.000000,-13.747644,0.000000,0.000000,78.820626,0.0
320,12,0.000000,-14.176723,0.000000,0.000000,81.209744,0.0
320,13,0.000000,-13.486844,0.000000,0.000000,84.449225,0.0
320,14,15.731579,-14.802552,0.000000,0.000000,87.081303,1369.926397567437
320,15,25.908321,-18.246255,0.000000,0.000000,86.473901,2240.393585230221
320,16,26.429209,-21.859463,0.000000,0.000000,84.489718,2232.996415373062
320,17,26.429209,-21.318318,0.000000,0.000000,80.379627,2124.369961325043
320,18,26.429209,-21.018779,0.000000,0.000000,75.095223,1984.707343568607
320,19,26.429209,-19.207386,0.000000,0.000000,74.386587,1965.978654619683
320,20,26.429209,-19.857130,0.000000,0.000000,76.654223,2025.910480399607
320,21,26.401998,-19.173615,0.000000,0.000000,71.956976,1899.8079364380478
320,22,26.401998,-15.439137,0.000000,0.000000,64.627649,1706.299059642702
320,23,22.732463,-8.238088,0.000000,0.000000,58.614363,1332.448838166069
320,24,15.731579,-4.150375,0.000000,0.000000,53.998102,849.475407463058
321,1,0.000000,-17.427720,0.000000,0.000000,0.000000,0.0
321,2,0.000000,-16.777067,0.000000,0.000000,0.000000,0.0
321,3,0.000000,-11.446387,0.000000,0.000000,0.000000,0.0
321,4,0.000000,-16.390521,0.000000,0.000000,0.000000,0.0
321,5,0.000000,-14.501797,0.000000,0.000000,0.000000,0.0
321,6,15.731579,-17.989696,0.000000,0.000000,0.000000,0.0
321,7,0.000000,-15.735180,0.000000,0.000000,0.000000,0.0
321,8,0.000000,-17.589351,0.000000,0.000000,0.000000,0.0
321,9,0.000000,-11.692945,0.000000,0.000000,0.000000,0.0
321,10,0.000000,-20.534896,0.000000,0.000000,0.000000,0.0
321,11,0.000000,-11.163933,0.000000,0.000000,0.000000,0.0
321,12,0.000000,-16.003776,0.000000,0.000000,0.000000,0.0
321,13,0.000000,-17.452681,0.000000,0.000000,0.000000,0.0
321,14,15.731579,-19.021705,0.000000,0.000000,0.000000,0.0
321,15,25.908321,-29.316605,0.000000,0.000000,0.000000,0.0
321,16,26.429209,-32.405086,0.000000,0.000000,0.000000,0.0
321,17,26.429209,-30.465791,0.000000,0.000000,0.000000,0.0
321,18,26.429209,-30.458183,0.000000,0.000000,0.000000,0.0
321,19,26.429209,-30.811559,0.000000,0.000000,0.000000,0.0
321,20,26.429209,-31.995986,0.000000,0.000000,0.000000,0.0
321,21,26.401998,-31.693079,0.000000,0.000000,0.000000,0.0
321,22,26.401998,-27.340324,0.000000,0.000000,0.000000,0.0
321,23,22.732463,-14.851095,0.000000,0.000000,0.000000,0.0
321,24,15.731579,-10.172982,0.000000,0.000000,0.000000,0.0
322,1,0.000000,-20.039205,0.000000,0.000000,0.000000,0.0
322,2,0.000000,-19.114625,0.000000,0.000000,0.000000,0.0
322,3,0.000000,-14.045479,0.000000,0.000000,0.000000,0.0
322,4,0.000000,-19.436224,0.000000,0.000000,0.000000,0.0
322,5,0.000000,-15.744907,0.000000,0.000000,0.000000,0.0
322,6,15.731579,-21.776131,0.000000,0.000000,0.000000,0.0
322,7,0.000000,-17.658864,0.000000,0.000000,0.000000,0.0
322,8,0.000000,-20.139040,0.000000,0.000000,0.000000,0.0
322,9,0.000000,-12.548836,0.000000,0.000000,0.000000,0.0
322,10,0.000000,-24.485161,0.000000,0.000000,0.000000,0.0
322,11,0.000000,-15.050688,0.000000,0.000000,0.000000,0.0
322,12,0.000000,-17.962999,0.000000,0.000000,0.000000,0.0
322,13,0.000000,-21.519368,0.000000,0.000000,0.000000,0.0
322,14,15.731579,-23.171413,0.000000,0.000000,0.000000,0.0
322,15,25.908321,-34.182933,0.000000,0.000000,0.000000,0.0
322,16,26.429209,-36.822854,0.000000,0.000000,0.000000,0.0
322,17,26.429209,-34.679125,0.000000,0.000000,0.000000,0.0
322,18,26.429209,-34.668742,0.000000,0.000000,0.000000,0.0
322,19,26.429209,-35.497400,0.000000,0.000000,0.000000,0.0
322,20,26.429209,-37.114152,0.000000,0.000000,0.000000,0.0
322,21,26.401998,-37.058219,0.000000,0.000000,0.000000,0.0
322,22,26.401998,-31.155186,0.000000,0.000000,0.000000,0.0
322,23,22.732463,-16.367389,0.000000,0.000000,0.000000,0.0
322,24,15.731579,-12.160063,0.000000,0.000000,0.000000,0.0
323,1,0.000000,-7.128365,0.000000,0.000000,0.000000,0.0
323,2,0.000000,-6.817680,0.000000,0.000000,0.000000,0.0
323,3,0.000000,-3.533914,0.000000,0.000000,0.000000,0.0
323,4,0.000000,-6.504849,0.000000,0.000000,0.000000,0.0
323,5,0.000000,-5.243790,0.000000,0.000000,0.000000,0.0
323,6,15.731579,-8.415093,0.000000,0.000000,0.000000,0.0
323,7,0.000000,-7.696375,0.000000,0.000000,0.000000,0.0
323,8,0.000000,-12.141520,0.000000,0.000000,0.000000,0.0
323,9,0.000000,-14.973594,0.000000,0.000000,0.000000,0.0
323,10,0.000000,-14.766758,0.000000,0.000000,0.000000,0.0
323,11,0.000000,-13.961900,0.000000,0.000000,0.000000,0.0
323,12,0.000000,-13.706632,0.000000,0.000000,0.000000,0.0
323,13,0.000000,-13.046968,0.000000,0.000000,0.000000,0.0
323,14,15.731579,-14.389230,0.000000,0.000000,0.000000,0.0
323,15,25.908321,-17.436257,0.000000,0.000000,0.000000,0.0
323,16,26.429209,-21.540480,0.000000,0.000000,0.000000,0.0
323,17,26.429209,-21.197186,0.000000,0.000000,0.000000,0.0
323,18,26.429209,-20.775957,0.000000,0.000000,0.000000,0.0
323,19,26.429209,-18.542574,0.000000,0.000000,0.000000,0.0
323,20,26.429209,-19.143608,0.000000,0.000000,0.000000,0.0
323,21,26.401998,-18.329886,0.000000,0.000000,0.000000,0.0
323,22,26.401998,-14.515786,0.000000,0.000000,0.000000,0.0
323,23,22.732463,-7.854097,0.000000,0.000000,0.000000,0.0
323,24,15.731579,-3.787275,0.000000,0.000000,0.000000,0.0
324,1,0.000000,-13.490946,0.000000,0.000000,0.000000,0.0
324,2,0.000000,-13.141343,0.000000,0.000000,0.000000,0.0
324,3,0.000000,-11.532462,0.000000,0.000000,0.000000,0.0
324,4,0.000000,-13.014983,0.000000,0.000000,0.000000,0.0
324,5,0.000000,-13.182736,0.000000,0.000000,0.000000,0.0
324,6,15.731579,-13.875427,0.000000,0.000000,0.000000,0.0
324,7,0.000000,-14.309966,0.000000,0.000000,0.000000,0.0
324,8,0.000000,-12.243559,0.000000,0.000000,0.000000,0.0
324,9,0.000000,-8.815252,0.000000,0.000000,0.000000,0.0
324,10,0.000000,-16.823320,0.000000,0.000000,0.000000,0.0
324,11,0.000000,-9.631177,0.000000,0.000000,0.000000,0.0
324,12,0.000000,-14.799860,0.000000,0.000000,0.000000,0.0
324,13,0.000000,-15.899748,0.000000,0.000000,0.000000,0.0
324,14,15.731579,-16.392872,0.000000,0.000000,0.000000,0.0
324,15,25.908321,-20.315969,0.000000,0.000000,0.000000,0.0
324,16,26.429209,-21.179808,0.000000,0.000000,0.000000,0.0
324,17,26.429209,-19.972467,0.000000,0.000000,0.000000,0.0
324,18,26.429209,-19.364491,0.000000,0.000000,0.000000,0.0
324,19,26.429209,-19.867872,0.000000,0.000000,0.000000,0.0
324,20,26.429209,-20.600540,0.000000,0.000000,0.000000,0.0
324,21,26.401998,-19.807678,0.000000,0.000000,0.000000,0.0
324,22,26.401998,-17.354148,0.000000,0.000000,0.000000,0.0
324,23,22.732463,-12.084753,0.000000,0.000000,0.000000,0.0
324,24,15.731579,-10.742895,0.000000,0.000000,0.000000,0.0
325,1,0.000000,-7.128365,0.000000,0.000000,0.000000,0.0
325,2,0.000000,-6.817680,0.000000,0.000000,0.000000,0.0
325,3,0.000000,-3.533914,0.000000,0.000000,0.000000,0.0
325,4,0.000000,-6.504849,0.000000,0.000000,0.000000,0.0
325,5,0.000000,-5.243790,0.000000,0.000000,0.000000,0.0
325,6,15.731579,-8.415093,0.000000,0.000000,0.000000,0.0
325,7,0.000000,-7.696375,0.000000,0.000000,0.000000,0.0
325,8,0.000000,-12.141520,0.000000,0.000000,0.000000,0.0
325,9,0.000000,-14.973594,0.000000,0.000000,0.000000,0.0
325,10,0.000000,-14.766758,0.000000,0.000000,0.000000,0.0
325,11,0.000000,-13.961900,0.000000,0.000000,0.000000,0.0
325,12,0.000000,-13.706632,0.000000,0.000000,0.000000,0.0
325,13,0.000000,-13.046968,0.000000,0.000000,0.000000,0.0
325,14,15.731579,-14.389230,0.000000,0.000000,0.000000,0.0
325,15,25.908321,-17.436257,0.000000,0.000000,0.000000,0.0
325,16,26.429209,-21.540480,0.000000,0.000000,0.000000,0.0
325,17,26.429209,-21.197186,0.000000,0.000000,0.000000,0.0
325,18,26.429209,-20.775957,0.000000,0.000000,0.000000,0.0
325,19,26.429209,-18.542574,0.000000,0.000000,0.000000,0.0
325,20,26.429209,-19.143608,0.000000,0.000000,0.000000,0.0
325,21,26.401998,-18.329886,0.000000,0.000000,0.000000,0.0
325,22,26.401998,-14.515786,0.000000,0.000000,0.000000,0.0
325,23,22.732463,-7.854097,0.000000,0.000000,0.000000,0.0
325,24,15.731579,-3.787275,0.000000,0.000000,0.000000,0.0
