,hour,dispatch,dual,offer,lmp,capacity
320_RTPV_3-1,1,0.000000,26.429209,0.000000,26.429209,0.000000
324_PV_2-1,1,0.000000,26.429209,0.000000,26.429209,0.000000
312_PV_1-1,1,0.000000,26.429209,0.000000,26.429209,0.000000
313_RTPV_10-1,1,0.000000,26.429209,0.000000,26.429209,0.000000
313_RTPV_1-1,1,0.000000,26.429209,0.000000,26.429209,0.000000
320_RTPV_2-1,1,0.000000,26.429209,0.000000,26.429209,0.000000
313_RTPV_7-1,1,0.000000,26.429209,0.000000,26.429209,0.000000
324_PV_1-1,1,0.000000,26.429209,0.000000,26.429209,0.000000
309_WIND_1-1,1,1.758333,26.429209,0.000000,26.429209,1.758333
313_RTPV_4-1,1,0.000000,26.429209,0.000000,26.429209,0.000000
320_PV_1-1,1,0.000000,26.429209,0.000000,26.429209,0.000000
320_RTPV_4-1,1,0.000000,26.429209,0.000000,26.429209,0.000000
313_PV_1-1,1,0.000000,26.429209,0.000000,26.429209,0.000000
313_RTPV_2-1,1,0.000000,26.429209,0.000000,26.429209,0.000000
303_WIND_1-1,1,5.383333,26.429209,0.000000,26.429209,5.383333
310_PV_1-1,1,0.000000,26.429209,0.000000,26.429209,0.000000
313_RTPV_13-1,1,0.000000,26.429209,0.000000,26.429209,0.000000
310_PV_2-1,1,0.000000,26.429209,0.000000,26.429209,0.000000
320_RTPV_5-1,1,0.000000,26.429209,0.000000,26.429209,0.000000
313_RTPV_5-1,1,0.000000,26.429209,0.000000,26.429209,0.000000
324_PV_3-1,1,0.000000,26.429209,0.000000,26.429209,0.000000
314_PV_2-1,1,0.000000,26.429209,0.000000,26.429209,0.000000
314_PV_1-1,1,0.000000,26.429209,0.000000,26.429209,0.000000
317_WIND_1-1,1,4.883333,26.429209,0.000000,26.429209,4.883333
313_RTPV_12-1,1,0.000000,26.429209,0.000000,26.429209,0.000000
308_RTPV_1-1,1,0.000000,26.429209,0.000000,26.429209,0.000000
314_PV_3-1,1,0.000000,26.429209,0.000000,26.429209,0.000000
313_RTPV_11-1,1,0.000000,26.429209,0.000000,26.429209,0.000000
314_PV_4-1,1,0.000000,26.429209,0.000000,26.429209,0.000000
313_PV_2-1,1,0.000000,26.429209,0.000000,26.429209,0.000000
320_RTPV_6-1,1,0.000000,26.429209,0.000000,26.429209,0.000000
313_RTPV_6-1,1,0.000000,26.429209,0.000000,26.429209,0.000000
319_PV_1-1,1,0.000000,26.429209,0.000000,26.429209,0.000000
313_RTPV_3-1,1,0.000000,26.429209,0.000000,26.429209,0.000000
313_RTPV_9-1,1,0.000000,26.429209,0.000000,26.429209,0.000000
320_RTPV_1-1,1,0.000000,26.429209,0.000000,26.429209,0.000000
313_RTPV_8-1,1,0.000000,26.429209,0.000000,26.429209,0.000000
320_RTPV_3-2,2,0.000000,26.429209,0.000000,26.429209,0.000000
324_PV_2-2,2,0.000000,26.429209,0.000000,26.429209,0.000000
312_PV_1-2,2,0.000000,26.429209,0.000000,26.429209,0.000000
313_RTPV_10-2,2,0.000000,26.429209,0.000000,26.429209,0.000000
313_RTPV_1-2,2,0.000000,26.429209,0.000000,26.429209,0.000000
320_RTPV_2-2,2,0.000000,26.429209,0.000000,26.429209,0.000000
313_RTPV_7-2,2,0.000000,26.429209,0.000000,26.429209,0.000000
324_PV_1-2,2,0.000000,26.429209,0.000000,26.429209,0.000000
309_WIND_1-2,2,2.791667,26.429209,0.000000,26.429209,2.791667
313_RTPV_4-2,2,0.000000,26.429209,0.000000,26.429209,0.000000
320_PV_1-2,2,0.000000,26.429209,0.000000,26.429209,0.000000
320_RTPV_4-2,2,0.000000,26.429209,0.000000,26.429209,0.000000
313_PV_1-2,2,0.000000,26.429209,0.000000,26.429209,0.000000
313_RTPV_2-2,2,0.000000,26.429209,0.000000,26.429209,0.000000
303_WIND_1-2,2,6.308333,26.429209,0.000000,26.429209,6.308333
310_PV_1-2,2,0.000000,26.429209,0.000000,26.429209,0.000000
313_RTPV_13-2,2,0.000000,26.429209,0.000000,26.429209,0.000000
310_PV_2-2,2,0.000000,26.429209,0.000000,26.429209,0.000000
320_RTPV_5-2,2,0.000000,26.429209,0.000000,26.429209,0.000000
313_RTPV_5-2,2,0.000000,26.429209,0.000000,26.429209,0.000000
324_PV_3-2,2,0.000000,26.429209,0.000000,26.429209,0.000000
314_PV_2-2,2,0.000000,26.429209,0.000000,26.429209,0.000000
314_PV_1-2,2,0.000000,26.429209,0.000000,26.429209,0.000000
317_WIND_1-2,2,6.091667,26.429209,0.000000,26.429209,6.091667
313_RTPV_12-2,2,0.000000,26.429209,0.000000,26.429209,0.000000
308_RTPV_1-2,2,0.000000,26.429209,0.000000,26.429209,0.000000
314_PV_3-2,2,0.000000,26.429209,0.000000,26.429209,0.000000
313_RTPV_11-2,2,0.000000,26.429209,0.000000,26.429209,0.000000
314_PV_4-2,2,0.000000,26.429209,0.000000,26.429209,0.000000
313_PV_2-2,2,0.000000,26.429209,0.000000,26.429209,0.000000
320_RTPV_6-2,2,0.000000,26.429209,0.000000,26.429209,0.000000
313_RTPV_6-2,2,0.000000,26.429209,0.000000,26.429209,0.000000
319_PV_1-2,2,0.000000,26.429209,0.000000,26.429209,0.000000
313_RTPV_3-2,2,0.000000,26.429209,0.000000,26.429209,0.000000
313_RTPV_9-2,2,0.000000,26.429209,0.000000,26.429209,0.000000
320_RTPV_1-2,2,0.000000,26.429209,0.000000,26.429209,0.000000
313_RTPV_8-2,2,0.000000,26.429209,0.000000,26.429209,0.000000
320_RTPV_3-3,3,0.000000,26.429209,0.000000,26.429209,0.000000
324_PV_2-3,3,0.000000,26.429209,0.000000,26.429209,0.000000
312_PV_1-3,3,0.000000,26.429209,0.000000,26.429209,0.000000
313_RTPV_10-3,3,0.000000,26.429209,0.000000,26.429209,0.000000
313_RTPV_1-3,3,0.000000,26.429209,0.000000,26.429209,0.000000
320_RTPV_2-3,3,0.000000,26.429209,0.000000,26.429209,0.000000
313_RTPV_7-3,3,0.000000,26.429209,0.000000,26.429209,0.000000
324_PV_1-3,3,0.000000,26.429209,0.000000,26.429209,0.000000
309_WIND_1-3,3,4.608333,26.429209,0.000000,26.429209,4.608333
313_RTPV_4-3,3,0.000000,26.429209,0.000000,26.429209,0.000000
320_PV_1-3,3,0.000000,26.429209,0.000000,26.429209,0.000000
320_RTPV_4-3,3,0.000000,26.429209,0.000000,26.429209,0.000000
313_PV_1-3,3,0.000000,26.429209,0.000000,26.429209,0.000000
313_RTPV_2-3,3,0.000000,26.429209,0.000000,26.429209,0.000000
303_WIND_1-3,3,6.691667,26.429209,0.000000,26.429209,6.691667
310_PV_1-3,3,0.000000,26.429209,0.000000,26.429209,0.000000
313_RTPV_13-3,3,0.000000,26.429209,0.000000,26.429209,0.000000
310_PV_2-3,3,0.000000,26.429209,0.000000,26.429209,0.000000
320_RTPV_5-3,3,0.000000,26.429209,0.000000,26.429209,0.000000
313_RTPV_5-3,3,0.000000,26.429209,0.000000,26.429209,0.000000
324_PV_3-3,3,0.000000,26.429209,0.000000,26.429209,0.000000
314_PV_2-3,3,0.000000,26.429209,0.000000,26.429209,0.000000
314_PV_1-3,3,0.000000,26.429209,0.000000,26.429209,0.000000
317_WIND_1-3,3,17.841667,26.429209,0.000000,26.429209,17.841667
313_RTPV_12-3,3,0.000000,26.429209,0.000000,26.429209,0.000000
308_RTPV_1-3,3,0.000000,26.429209,0.000000,26.429209,0.000000
314_PV_3-3,3,0.000000,26.429209,0.000000,26.429209,0.000000
313_RTPV_11-3,3,0.000000,26.429209,0.000000,26.429209,0.000000
314_PV_4-3,3,0.000000,26.429209,0.000000,26.429209,0.000000
313_PV_2-3,3,0.000000,26.429209,0.000000,26.429209,0.000000
320_RTPV_6-3,3,0.000000,26.429209,0.000000,26.429209,0.000000
313_RTPV_6-3,3,0.000000,26.429209,0.000000,26.429209,0.000000
319_PV_1-3,3,0.000000,26.429209,0.000000,26.429209,0.000000
313_RTPV_3-3,3,0.000000,26.429209,0.000000,26.429209,0.000000
313_RTPV_9-3,3,0.000000,26.429209,0.000000,26.429209,0.000000
320_RTPV_1-3,3,0.000000,26.429209,0.000000,26.429209,0.000000
313_RTPV_8-3,3,0.000000,26.429209,0.000000,26.429209,0.000000
320_RTPV_3-4,4,0.966667,25.908321,0.000000,25.908321,0.966667
324_PV_2-4,4,8.241667,25.908321,0.000000,25.908321,8.241667
312_PV_1-4,4,12.016667,25.908321,0.000000,25.908321,12.016667
313_RTPV_10-4,4,1.883333,25.908321,0.000000,25.908321,1.883333
313_RTPV_1-4,4,2.750000,25.908321,0.000000,25.908321,2.750000
320_RTPV_2-4,4,1.066667,25.908321,0.000000,25.908321,1.066667
313_RTPV_7-4,4,1.858333,25.908321,0.000000,25.908321,1.858333
324_PV_1-4,4,9.791667,25.908321,0.000000,25.908321,9.791667
309_WIND_1-4,4,5.983333,25.908321,0.000000,25.908321,5.983333
313_RTPV_4-4,4,2.375000,25.908321,0.000000,25.908321,2.375000
320_PV_1-4,4,9.916667,25.908321,0.000000,25.908321,9.916667
320_RTPV_4-4,4,0.800000,25.908321,0.000000,25.908321,0.800000
313_PV_1-4,4,14.283333,25.908321,0.000000,25.908321,14.283333
313_RTPV_2-4,4,2.250000,25.908321,0.000000,25.908321,2.250000
303_WIND_1-4,4,6.491667,25.908321,0.000000,25.908321,6.491667
310_PV_1-4,4,7.216667,25.908321,0.000000,25.908321,7.216667
313_RTPV_13-4,4,0.916667,25.908321,0.000000,25.908321,0.916667
310_PV_2-4,4,7.708333,25.908321,0.000000,25.908321,7.708333
320_RTPV_5-4,4,0.975000,25.908321,0.000000,25.908321,0.975000
313_RTPV_5-4,4,1.516667,25.908321,0.000000,25.908321,1.516667
324_PV_3-4,4,9.075000,25.908321,0.000000,25.908321,9.075000
314_PV_2-4,4,8.483333,25.908321,0.000000,25.908321,8.483333
314_PV_1-4,4,9.750000,25.908321,0.000000,25.908321,9.750000
317_WIND_1-4,4,46.658333,25.908321,0.000000,25.908321,46.658333
313_RTPV_12-4,4,0.908333,25.908321,0.000000,25.908321,0.908333
308_RTPV_1-4,4,2.108333,25.908321,0.000000,25.908321,2.108333
314_PV_3-4,4,11.158333,25.908321,0.000000,25.908321,11.158333
313_RTPV_11-4,4,1.841667,25.908321,0.000000,25.908321,1.841667
314_PV_4-4,4,8.541667,25.908321,0.000000,25.908321,8.541667
313_PV_2-4,4,12.983333,25.908321,0.000000,25.908321,12.983333
320_RTPV_6-4,4,0.000000,25.908321,0.000000,25.908321,0.000000
313_RTPV_6-4,4,1.525000,25.908321,0.000000,25.908321,1.525000
319_PV_1-4,4,32.733333,25.908321,0.000000,25.908321,32.733333
313_RTPV_3-4,4,1.366667,25.908321,0.000000,25.908321,1.366667
313_RTPV_9-4,4,1.733333,25.908321,0.000000,25.908321,1.733333
320_RTPV_1-4,4,0.925000,25.908321,0.000000,25.908321,0.925000
313_RTPV_8-4,4,2.208333,25.908321,0.000000,25.908321,2.208333
320_RTPV_3-5,5,9.275000,15.731579,0.000000,15.731579,9.275000
324_PV_2-5,5,30.525000,15.731579,0.000000,15.731579,30.525000
312_PV_1-5,5,48.975000,15.731579,0.000000,15.731579,48.975000
313_RTPV_10-5,5,20.933333,15.731579,0.000000,15.731579,20.933333
313_RTPV_1-5,5,33.050000,15.731579,0.000000,15.731579,33.050000
320_RTPV_2-5,5,9.533333,15.731579,0.000000,15.731579,9.533333
313_RTPV_7-5,5,21.250000,15.731579,0.000000,15.731579,21.250000
324_PV_1-5,5,30.725000,15.731579,0.000000,15.731579,30.725000
309_WIND_1-5,5,6.916667,15.731579,0.000000,15.731579,6.916667
313_RTPV_4-5,5,20.591667,15.731579,0.000000,15.731579,20.591667
320_PV_1-5,5,31.108333,15.731579,0.000000,15.731579,31.108333
320_RTPV_4-5,5,9.008333,15.731579,0.000000,15.731579,9.008333
313_PV_1-5,5,50.325000,15.731579,0.000000,15.731579,50.325000
313_RTPV_2-5,5,21.383333,15.731579,0.000000,15.731579,21.383333
303_WIND_1-5,5,5.475000,15.731579,0.000000,15.731579,5.475000
310_PV_1-5,5,30.891667,15.731579,0.000000,15.731579,30.891667
313_RTPV_13-5,5,9.241667,15.731579,0.000000,15.731579,9.241667
310_PV_2-5,5,31.875000,15.731579,0.000000,15.731579,31.875000
320_RTPV_5-5,5,9.483333,15.731579,0.000000,15.731579,9.483333
313_RTPV_5-5,5,20.716667,15.731579,0.000000,15.731579,20.716667
324_PV_3-5,5,30.733333,15.731579,0.000000,15.731579,30.733333
314_PV_2-5,5,29.141667,15.731579,0.000000,15.731579,29.141667
314_PV_1-5,5,31.083333,15.731579,0.000000,15.731579,31.083333
317_WIND_1-5,5,99.450000,15.731579,0.000000,15.731579,99.450000
313_RTPV_12-5,5,9.175000,15.731579,0.000000,15.731579,9.175000
308_RTPV_1-5,5,30.616667,15.731579,0.000000,15.731579,30.616667
314_PV_3-5,5,46.558333,15.731579,0.000000,15.731579,46.558333
313_RTPV_11-5,5,21.241667,15.731579,0.000000,15.731579,21.241667
314_PV_4-5,5,30.766667,15.731579,0.000000,15.731579,30.766667
313_PV_2-5,5,48.633333,15.731579,0.000000,15.731579,48.633333
320_RTPV_6-5,5,0.000000,15.731579,0.000000,15.731579,0.000000
313_RTPV_6-5,5,20.958333,15.731579,0.000000,15.731579,20.958333
319_PV_1-5,5,113.283333,15.731579,0.000000,15.731579,113.283333
313_RTPV_3-5,5,17.908333,15.731579,0.000000,15.731579,17.908333
313_RTPV_9-5,5,21.400000,15.731579,0.000000,15.731579,21.400000
320_RTPV_1-5,5,8.933333,15.731579,0.000000,15.731579,8.933333
313_RTPV_8-5,5,21.050000,15.731579,0.000000,15.731579,21.050000
320_RTPV_3-6,6,15.125000,0.000000,0.000000,0.000000,15.125000
324_PV_2-6,6,35.633333,0.000000,0.000000,0.000000,35.633333
312_PV_1-6,6,64.350000,0.000000,0.000000,0.000000,64.350000
313_RTPV_10-6,6,35.000000,0.000000,0.000000,0.000000,35.000000
313_RTPV_1-6,6,0.000000,0.000000,0.000000,0.000000,55.050000
320_RTPV_2-6,6,15.658333,0.000000,0.000000,0.000000,15.658333
313_RTPV_7-6,6,36.641667,0.000000,0.000000,0.000000,36.641667
324_PV_1-6,6,35.016667,0.000000,0.000000,0.000000,35.016667
309_WIND_1-6,6,7.166667,0.000000,0.000000,0.000000,7.166667
313_RTPV_4-6,6,33.725000,0.000000,0.000000,0.000000,33.725000
320_PV_1-6,6,36.400000,0.000000,0.000000,0.000000,36.400000
320_RTPV_4-6,6,14.925000,0.000000,0.000000,0.000000,14.925000
313_PV_1-6,6,66.183333,0.000000,0.000000,0.000000,66.183333
313_RTPV_2-6,6,25.679529,0.000000,0.000000,0.000000,35.400000
303_WIND_1-6,6,5.908333,0.000000,0.000000,0.000000,5.908333
310_PV_1-6,6,37.141667,0.000000,0.000000,0.000000,37.141667
313_RTPV_13-6,6,16.008333,0.000000,0.000000,0.000000,16.008333
310_PV_2-6,6,36.191667,0.000000,0.000000,0.000000,36.191667
320_RTPV_5-6,6,0.000000,0.000000,0.000000,0.000000,15.916667
313_RTPV_5-6,6,35.841667,0.000000,0.000000,0.000000,35.841667
324_PV_3-6,6,37.091667,0.000000,0.000000,0.000000,37.091667
314_PV_2-6,6,32.283333,0.000000,0.000000,0.000000,32.283333
314_PV_1-6,6,36.666667,0.000000,0.000000,0.000000,36.666667
317_WIND_1-6,6,116.200000,0.000000,0.000000,0.000000,116.200000
313_RTPV_12-6,6,14.466667,0.000000,0.000000,0.000000,14.466667
308_RTPV_1-6,6,50.625000,0.000000,0.000000,0.000000,50.625000
314_PV_3-6,6,58.666667,0.000000,0.000000,0.000000,58.666667
313_RTPV_11-6,6,36.925000,0.000000,0.000000,0.000000,36.925000
314_PV_4-6,6,34.800000,0.000000,0.000000,0.000000,34.800000
313_PV_2-6,6,66.016667,0.000000,0.000000,0.000000,66.016667
320_RTPV_6-6,6,2.016667,0.000000,0.000000,0.000000,2.016667
313_RTPV_6-6,6,36.508333,0.000000,0.000000,0.000000,36.508333
319_PV_1-6,6,127.366667,0.000000,0.000000,0.000000,127.366667
313_RTPV_3-6,6,31.733333,0.000000,0.000000,0.000000,31.733333
313_RTPV_9-6,6,36.816667,0.000000,0.000000,0.000000,36.816667
320_RTPV_1-6,6,14.833333,0.000000,0.000000,0.000000,14.833333
313_RTPV_8-6,6,0.000000,0.000000,0.000000,0.000000,35.358333
320_RTPV_3-7,7,19.933333,0.000000,0.000000,0.000000,19.933333
324_PV_2-7,7,36.125000,0.000000,0.000000,0.000000,36.125000
312_PV_1-7,7,69.350000,0.000000,0.000000,0.000000,69.350000
313_RTPV_10-7,7,43.291667,0.000000,0.000000,0.000000,43.291667
313_RTPV_1-7,7,69.350000,0.000000,0.000000,0.000000,69.350000
320_RTPV_2-7,7,19.200000,0.000000,0.000000,0.000000,19.200000
313_RTPV_7-7,7,0.000000,0.000000,0.000000,0.000000,44.558333
324_PV_1-7,7,39.466667,0.000000,0.000000,0.000000,39.466667
309_WIND_1-7,7,4.108333,0.000000,0.000000,0.000000,4.108333
313_RTPV_4-7,7,0.000000,0.000000,0.000000,0.000000,41.225000
320_PV_1-7,7,37.141667,0.000000,0.000000,0.000000,37.141667
320_RTPV_4-7,7,17.958333,0.000000,0.000000,0.000000,17.958333
313_PV_1-7,7,45.019242,0.000000,0.000000,0.000000,73.850000
313_RTPV_2-7,7,44.166667,0.000000,0.000000,0.000000,44.166667
303_WIND_1-7,7,5.375000,0.000000,0.000000,0.000000,5.375000
310_PV_1-7,7,39.300000,0.000000,0.000000,0.000000,39.300000
313_RTPV_13-7,7,20.433333,0.000000,0.000000,0.000000,20.433333
310_PV_2-7,7,36.600000,0.000000,0.000000,0.000000,36.600000
320_RTPV_5-7,7,19.283333,0.000000,0.000000,0.000000,19.283333
313_RTPV_5-7,7,0.000000,0.000000,0.000000,0.000000,45.375000
324_PV_3-7,7,38.366667,0.000000,0.000000,0.000000,38.366667
314_PV_2-7,7,35.183333,0.000000,0.000000,0.000000,35.183333
314_PV_1-7,7,36.550000,0.000000,0.000000,0.000000,36.550000
317_WIND_1-7,7,57.733333,0.000000,0.000000,0.000000,57.733333
313_RTPV_12-7,7,17.991667,0.000000,0.000000,0.000000,17.991667
308_RTPV_1-7,7,58.183333,0.000000,0.000000,0.000000,58.183333
314_PV_3-7,7,67.691667,0.000000,0.000000,0.000000,67.691667
313_RTPV_11-7,7,44.625000,0.000000,0.000000,0.000000,44.625000
314_PV_4-7,7,37.800000,0.000000,0.000000,0.000000,37.800000
313_PV_2-7,7,71.041667,0.000000,0.000000,0.000000,71.041667
320_RTPV_6-7,7,6.241667,0.000000,0.000000,0.000000,6.241667
313_RTPV_6-7,7,0.000000,0.000000,0.000000,0.000000,44.441667
319_PV_1-7,7,135.666667,0.000000,0.000000,0.000000,135.666667
313_RTPV_3-7,7,40.091667,0.000000,0.000000,0.000000,40.091667
313_RTPV_9-7,7,0.000000,0.000000,0.000000,0.000000,46.108333
320_RTPV_1-7,7,18.558333,0.000000,0.000000,0.000000,18.558333
313_RTPV_8-7,7,44.366667,0.000000,0.000000,0.000000,44.366667
320_RTPV_3-8,8,21.633333,0.000000,0.000000,0.000000,21.633333
324_PV_2-8,8,35.450000,0.000000,0.000000,0.000000,35.450000
312_PV_1-8,8,74.325000,0.000000,0.000000,0.000000,74.325000
313_RTPV_10-8,8,0.000000,0.000000,0.000000,0.000000,46.733333
313_RTPV_1-8,8,27.901808,0.000000,0.000000,0.000000,74.566667
320_RTPV_2-8,8,0.000000,0.000000,0.000000,0.000000,20.858333
313_RTPV_7-8,8,48.325000,0.000000,0.000000,0.000000,48.325000
324_PV_1-8,8,40.891667,0.000000,0.000000,0.000000,40.891667
309_WIND_1-8,8,2.833333,0.000000,0.000000,0.000000,2.833333
313_RTPV_4-8,8,45.100000,0.000000,0.000000,0.000000,45.100000
320_PV_1-8,8,38.141667,0.000000,0.000000,0.000000,38.141667
320_RTPV_4-8,8,0.000000,0.000000,0.000000,0.000000,18.625000
313_PV_1-8,8,75.683333,0.000000,0.000000,0.000000,75.683333
313_RTPV_2-8,8,48.133333,0.000000,0.000000,0.000000,48.133333
303_WIND_1-8,8,5.466667,0.000000,0.000000,0.000000,5.466667
310_PV_1-8,8,39.966667,0.000000,0.000000,0.000000,39.966667
313_RTPV_13-8,8,22.500000,0.000000,0.000000,0.000000,22.500000
310_PV_2-8,8,37.116667,0.000000,0.000000,0.000000,37.116667
320_RTPV_5-8,8,21.158333,0.000000,0.000000,0.000000,21.158333
313_RTPV_5-8,8,50.658333,0.000000,0.000000,0.000000,50.658333
324_PV_3-8,8,39.658333,0.000000,0.000000,0.000000,39.658333
314_PV_2-8,8,36.358333,0.000000,0.000000,0.000000,36.358333
314_PV_1-8,8,37.325000,0.000000,0.000000,0.000000,37.325000
317_WIND_1-8,8,27.183333,0.000000,0.000000,0.000000,27.183333
313_RTPV_12-8,8,19.141667,0.000000,0.000000,0.000000,19.141667
308_RTPV_1-8,8,60.908333,0.000000,0.000000,0.000000,60.908333
314_PV_3-8,8,70.858333,0.000000,0.000000,0.000000,70.858333
313_RTPV_11-8,8,0.000000,0.000000,0.000000,0.000000,47.808333
314_PV_4-8,8,38.750000,0.000000,0.000000,0.000000,38.750000
313_PV_2-8,8,72.908333,0.000000,0.000000,0.000000,72.908333
320_RTPV_6-8,8,6.716667,0.000000,0.000000,0.000000,6.716667
313_RTPV_6-8,8,46.416667,0.000000,0.000000,0.000000,46.416667
319_PV_1-8,8,144.166667,0.000000,0.000000,0.000000,144.166667
313_RTPV_3-8,8,42.641667,0.000000,0.000000,0.000000,42.641667
313_RTPV_9-8,8,50.516667,0.000000,0.000000,0.000000,50.516667
320_RTPV_1-8,8,19.925000,0.000000,0.000000,0.000000,19.925000
313_RTPV_8-8,8,46.858333,0.000000,0.000000,0.000000,46.858333
320_RTPV_3-9,9,0.000000,0.000000,0.000000,0.000000,21.033333
324_PV_2-9,9,35.233333,0.000000,0.000000,0.000000,35.233333
312_PV_1-9,9,76.033333,0.000000,0.000000,0.000000,76.033333
313_RTPV_10-9,9,46.700000,0.000000,0.000000,0.000000,46.700000
313_RTPV_1-9,9,71.625000,0.000000,0.000000,0.000000,71.625000
320_RTPV_2-9,9,19.658333,0.000000,0.000000,0.000000,19.658333
313_RTPV_7-9,9,48.050000,0.000000,0.000000,0.000000,48.050000
324_PV_1-9,9,40.566667,0.000000,0.000000,0.000000,40.566667
309_WIND_1-9,9,1.566667,0.000000,0.000000,0.000000,1.566667
313_RTPV_4-9,9,43.425000,0.000000,0.000000,0.000000,43.425000
320_PV_1-9,9,38.000000,0.000000,0.000000,0.000000,38.000000
320_RTPV_4-9,9,17.833333,0.000000,0.000000,0.000000,17.833333
313_PV_1-9,9,77.025000,0.000000,0.000000,0.000000,77.025000
313_RTPV_2-9,9,49.791667,0.000000,0.000000,0.000000,49.791667
303_WIND_1-9,9,5.475000,0.000000,0.000000,0.000000,5.475000
310_PV_1-9,9,39.250000,0.000000,0.000000,0.000000,39.250000
313_RTPV_13-9,9,22.350000,0.000000,0.000000,0.000000,22.350000
310_PV_2-9,9,37.816667,0.000000,0.000000,0.000000,37.816667
320_RTPV_5-9,9,22.100000,0.000000,0.000000,0.000000,22.100000
313_RTPV_5-9,9,51.741667,0.000000,0.000000,0.000000,51.741667
324_PV_3-9,9,40.475000,0.000000,0.000000,0.000000,40.475000
314_PV_2-9,9,34.008333,0.000000,0.000000,0.000000,34.008333
314_PV_1-9,9,37.791667,0.000000,0.000000,0.000000,37.791667
317_WIND_1-9,9,9.258333,0.000000,0.000000,0.000000,9.258333
313_RTPV_12-9,9,18.908333,0.000000,0.000000,0.000000,18.908333
308_RTPV_1-9,9,58.858333,0.000000,0.000000,0.000000,58.858333
314_PV_3-9,9,71.575000,0.000000,0.000000,0.000000,71.575000
313_RTPV_11-9,9,46.650000,0.000000,0.000000,0.000000,46.650000
314_PV_4-9,9,38.658333,0.000000,0.000000,0.000000,38.658333
313_PV_2-9,9,74.375000,0.000000,0.000000,0.000000,74.375000
320_RTPV_6-9,9,0.000000,0.000000,0.000000,0.000000,6.650000
313_RTPV_6-9,9,0.000000,0.000000,0.000000,0.000000,47.083333
319_PV_1-9,9,143.208333,0.000000,0.000000,0.000000,143.208333
313_RTPV_3-9,9,42.675000,0.000000,0.000000,0.000000,42.675000
313_RTPV_9-9,9,50.683333,0.000000,0.000000,0.000000,50.683333
320_RTPV_1-9,9,0.000000,0.000000,0.000000,0.000000,20.625000
313_RTPV_8-9,9,48.450000,0.000000,0.000000,0.000000,48.450000
320_RTPV_3-10,10,18.758333,0.000000,0.000000,0.000000,18.758333
324_PV_2-10,10,33.816667,0.000000,0.000000,0.000000,33.816667
312_PV_1-10,10,73.183333,0.000000,0.000000,0.000000,73.183333
313_RTPV_10-10,10,43.800000,0.000000,0.000000,0.000000,43.800000
313_RTPV_1-10,10,68.900000,0.000000,0.000000,0.000000,68.900000
320_RTPV_2-10,10,14.166667,0.000000,0.000000,0.000000,14.166667
313_RTPV_7-10,10,43.683333,0.000000,0.000000,0.000000,43.683333
324_PV_1-10,10,40.658333,0.000000,0.000000,0.000000,40.658333
309_WIND_1-10,10,1.141667,0.000000,0.000000,0.000000,1.141667
313_RTPV_4-10,10,40.191667,0.000000,0.000000,0.000000,40.191667
320_PV_1-10,10,37.316667,0.000000,0.000000,0.000000,37.316667
320_RTPV_4-10,10,16.291667,0.000000,0.000000,0.000000,16.291667
313_PV_1-10,10,74.000000,0.000000,0.000000,0.000000,74.000000
313_RTPV_2-10,10,45.316667,0.000000,0.000000,0.000000,45.316667
303_WIND_1-10,10,5.233333,0.000000,0.000000,0.000000,5.233333
310_PV_1-10,10,38.291667,0.000000,0.000000,0.000000,38.291667
313_RTPV_13-10,10,20.450000,0.000000,0.000000,0.000000,20.450000
310_PV_2-10,10,37.258333,0.000000,0.000000,0.000000,37.258333
320_RTPV_5-10,10,19.916667,0.000000,0.000000,0.000000,19.916667
313_RTPV_5-10,10,47.925000,0.000000,0.000000,0.000000,47.925000
324_PV_3-10,10,41.025000,0.000000,0.000000,0.000000,41.025000
314_PV_2-10,10,33.400000,0.000000,0.000000,0.000000,33.400000
314_PV_1-10,10,36.191667,0.000000,0.000000,0.000000,36.191667
317_WIND_1-10,10,7.408333,0.000000,0.000000,0.000000,7.408333
313_RTPV_12-10,10,17.316667,0.000000,0.000000,0.000000,17.316667
308_RTPV_1-10,10,56.025000,0.000000,0.000000,0.000000,56.025000
314_PV_3-10,10,70.150000,0.000000,0.000000,0.000000,70.150000
313_RTPV_11-10,10,44.508333,0.000000,0.000000,0.000000,44.508333
314_PV_4-10,10,37.575000,0.000000,0.000000,0.000000,37.575000
313_PV_2-10,10,69.975000,0.000000,0.000000,0.000000,69.975000
320_RTPV_6-10,10,6.141667,0.000000,0.000000,0.000000,6.141667
313_RTPV_6-10,10,46.033333,0.000000,0.000000,0.000000,46.033333
319_PV_1-10,10,141.000000,0.000000,0.000000,0.000000,141.000000
313_RTPV_3-10,10,40.066667,0.000000,0.000000,0.000000,40.066667
313_RTPV_9-10,10,48.266667,0.000000,0.000000,0.000000,48.266667
320_RTPV_1-10,10,18.275000,0.000000,0.000000,0.000000,18.275000
313_RTPV_8-10,10,45.491667,0.000000,0.000000,0.000000,45.491667
320_RTPV_3-11,11,14.908333,15.731579,0.000000,15.731579,14.908333
324_PV_2-11,11,33.366667,15.731579,0.000000,15.731579,33.366667
312_PV_1-11,11,67.816667,15.731579,0.000000,15.731579,67.816667
313_RTPV_10-11,11,36.341667,15.731579,0.000000,15.731579,36.341667
313_RTPV_1-11,11,59.033333,15.731579,0.000000,15.731579,59.033333
320_RTPV_2-11,11,13.958333,15.731579,0.000000,15.731579,13.958333
313_RTPV_7-11,11,35.283333,15.731579,0.000000,15.731579,35.283333
324_PV_1-11,11,40.058333,15.731579,0.000000,15.731579,40.058333
309_WIND_1-11,11,0.908333,15.731579,0.000000,15.731579,0.908333
313_RTPV_4-11,11,35.191667,15.731579,0.000000,15.731579,35.191667
320_PV_1-11,11,35.416667,15.731579,0.000000,15.731579,35.416667
320_RTPV_4-11,11,13.750000,15.731579,0.000000,15.731579,13.750000
313_PV_1-11,11,68.266667,15.731579,0.000000,15.731579,68.266667
313_RTPV_2-11,11,36.591667,15.731579,0.000000,15.731579,36.591667
303_WIND_1-11,11,5.908333,15.731579,0.000000,15.731579,5.908333
310_PV_1-11,11,37.025000,15.731579,0.000000,15.731579,37.025000
313_RTPV_13-11,11,17.266667,15.731579,0.000000,15.731579,17.266667
310_PV_2-11,11,37.941667,15.731579,0.000000,15.731579,37.941667
320_RTPV_5-11,11,16.133333,15.731579,0.000000,15.731579,16.133333
313_RTPV_5-11,11,38.183333,15.731579,0.000000,15.731579,38.183333
324_PV_3-11,11,41.458333,15.731579,0.000000,15.731579,41.458333
314_PV_2-11,11,33.808333,15.731579,0.000000,15.731579,33.808333
314_PV_1-11,11,35.883333,15.731579,0.000000,15.731579,35.883333
317_WIND_1-11,11,23.316667,15.731579,0.000000,15.731579,23.316667
313_RTPV_12-11,11,13.633333,15.731579,0.000000,15.731579,13.633333
308_RTPV_1-11,11,48.000000,15.731579,0.000000,15.731579,48.000000
314_PV_3-11,11,62.008333,15.731579,0.000000,15.731579,62.008333
313_RTPV_11-11,11,35.683333,15.731579,0.000000,15.731579,35.683333
314_PV_4-11,11,35.200000,15.731579,0.000000,15.731579,35.200000
313_PV_2-11,11,63.891667,15.731579,0.000000,15.731579,63.891667
320_RTPV_6-11,11,5.316667,15.731579,0.000000,15.731579,5.316667
313_RTPV_6-11,11,38.141667,15.731579,0.000000,15.731579,38.141667
319_PV_1-11,11,128.683333,15.731579,0.000000,15.731579,128.683333
313_RTPV_3-11,11,33.000000,15.731579,0.000000,15.731579,33.000000
313_RTPV_9-11,11,40.075000,15.731579,0.000000,15.731579,40.075000
320_RTPV_1-11,11,14.883333,15.731579,0.000000,15.731579,14.883333
313_RTPV_8-11,11,37.550000,15.731579,0.000000,15.731579,37.550000
320_RTPV_3-12,12,8.991667,22.732463,0.000000,22.732463,8.991667
324_PV_2-12,12,29.141667,22.732463,0.000000,22.732463,29.141667
312_PV_1-12,12,52.000000,22.732463,0.000000,22.732463,52.000000
313_RTPV_10-12,12,22.433333,22.732463,0.000000,22.732463,22.433333
313_RTPV_1-12,12,36.258333,22.732463,0.000000,22.732463,36.258333
320_RTPV_2-12,12,9.941667,22.732463,0.000000,22.732463,9.941667
313_RTPV_7-12,12,20.683333,22.732463,0.000000,22.732463,20.683333
324_PV_1-12,12,33.750000,22.732463,0.000000,22.732463,33.750000
309_WIND_1-12,12,1.191667,22.732463,0.000000,22.732463,1.191667
313_RTPV_4-12,12,22.858333,22.732463,0.000000,22.732463,22.858333
320_PV_1-12,12,29.983333,22.732463,0.000000,22.732463,29.983333
320_RTPV_4-12,12,9.116667,22.732463,0.000000,22.732463,9.116667
313_PV_1-12,12,52.650000,22.732463,0.000000,22.732463,52.650000
313_RTPV_2-12,12,23.450000,22.732463,0.000000,22.732463,23.450000
303_WIND_1-12,12,5.733333,22.732463,0.000000,22.732463,5.733333
310_PV_1-12,12,32.500000,22.732463,0.000000,22.732463,32.500000
313_RTPV_13-12,12,10.750000,22.732463,0.000000,22.732463,10.750000
310_PV_2-12,12,33.100000,22.732463,0.000000,22.732463,33.100000
320_RTPV_5-12,12,10.108333,22.732463,0.000000,22.732463,10.108333
313_RTPV_5-12,12,23.708333,22.732463,0.000000,22.732463,23.708333
324_PV_3-12,12,35.925000,22.732463,0.000000,22.732463,35.925000
314_PV_2-12,12,29.983333,22.732463,0.000000,22.732463,29.983333
314_PV_1-12,12,30.691667,22.732463,0.000000,22.732463,30.691667
317_WIND_1-12,12,91.458333,22.732463,0.000000,22.732463,91.458333
313_RTPV_12-12,12,7.791667,22.732463,0.000000,22.732463,7.791667
308_RTPV_1-12,12,27.000000,22.732463,0.000000,22.732463,27.000000
314_PV_3-12,12,46.900000,22.732463,0.000000,22.732463,46.900000
313_RTPV_11-12,12,23.325000,22.732463,0.000000,22.732463,23.325000
314_PV_4-12,12,29.466667,22.732463,0.000000,22.732463,29.466667
313_PV_2-12,12,50.775000,22.732463,0.000000,22.732463,50.775000
320_RTPV_6-12,12,3.450000,22.732463,0.000000,22.732463,3.450000
313_RTPV_6-12,12,23.733333,22.732463,0.000000,22.732463,23.733333
319_PV_1-12,12,110.416667,22.732463,0.000000,22.732463,110.416667
313_RTPV_3-12,12,20.200000,22.732463,0.000000,22.732463,20.200000
313_RTPV_9-12,12,26.041667,22.732463,0.000000,22.732463,26.041667
320_RTPV_1-12,12,9.216667,22.732463,0.000000,22.732463,9.216667
313_RTPV_8-12,12,24.000000,22.732463,0.000000,22.732463,24.000000
320_RTPV_3-13,13,2.491667,26.429209,0.000000,26.429209,2.491667
324_PV_2-13,13,12.508333,26.429209,0.000000,26.429209,12.508333
312_PV_1-13,13,22.908333,26.429209,0.000000,26.429209,22.908333
313_RTPV_10-13,13,5.816667,26.429209,0.000000,26.429209,5.816667
313_RTPV_1-13,13,8.283333,26.429209,0.000000,26.429209,8.283333
320_RTPV_2-13,13,2.308333,26.429209,0.000000,26.429209,2.308333
313_RTPV_7-13,13,4.383333,26.429209,0.000000,26.429209,4.383333
324_PV_1-13,13,17.625000,26.429209,0.000000,26.429209,17.625000
309_WIND_1-13,13,1.791667,26.429209,0.000000,26.429209,1.791667
313_RTPV_4-13,13,5.591667,26.429209,0.000000,26.429209,5.591667
320_PV_1-13,13,14.841667,26.429209,0.000000,26.429209,14.841667
320_RTPV_4-13,13,2.475000,26.429209,0.000000,26.429209,2.475000
313_PV_1-13,13,22.916667,26.429209,0.000000,26.429209,22.916667
313_RTPV_2-13,13,6.200000,26.429209,0.000000,26.429209,6.200000
303_WIND_1-13,13,6.175000,26.429209,0.000000,26.429209,6.175000
310_PV_1-13,13,14.691667,26.429209,0.000000,26.429209,14.691667
313_RTPV_13-13,13,2.283333,26.429209,0.000000,26.429209,2.283333
310_PV_2-13,13,13.950000,26.429209,0.000000,26.429209,13.950000
320_RTPV_5-13,13,2.466667,26.429209,0.000000,26.429209,2.466667
313_RTPV_5-13,13,5.891667,26.429209,0.000000,26.429209,5.891667
324_PV_3-13,13,18.208333,26.429209,0.000000,26.429209,18.208333
314_PV_2-13,13,15.300000,26.429209,0.000000,26.429209,15.300000
314_PV_1-13,13,16.683333,26.429209,0.000000,26.429209,16.683333
317_WIND_1-13,13,227.141667,26.429209,0.000000,26.429209,227.141667
313_RTPV_12-13,13,2.433333,26.429209,0.000000,26.429209,2.433333
308_RTPV_1-13,13,8.266667,26.429209,0.000000,26.429209,8.266667
314_PV_3-13,13,16.858333,26.429209,0.000000,26.429209,16.858333
313_RTPV_11-13,13,5.625000,26.429209,0.000000,26.429209,5.625000
314_PV_4-13,13,13.241667,26.429209,0.000000,26.429209,13.241667
313_PV_2-13,13,20.350000,26.429209,0.000000,26.429209,20.350000
320_RTPV_6-13,13,0.991667,26.429209,0.000000,26.429209,0.991667
313_RTPV_6-13,13,5.983333,26.429209,0.000000,26.429209,5.983333
319_PV_1-13,13,38.791667,26.429209,0.000000,26.429209,38.791667
313_RTPV_3-13,13,5.841667,26.429209,0.000000,26.429209,5.841667
313_RTPV_9-13,13,6.758333,26.429209,0.000000,26.429209,6.758333
320_RTPV_1-13,13,2.033333,26.429209,0.000000,26.429209,2.033333
313_RTPV_8-13,13,5.841667,26.429209,0.000000,26.429209,5.841667
320_RTPV_3-14,14,0.000000,26.845141,0.000000,26.845141,0.000000
324_PV_2-14,14,0.000000,26.845141,0.000000,26.845141,0.000000
312_PV_1-14,14,0.000000,26.845141,0.000000,26.845141,0.000000
313_RTPV_10-14,14,0.000000,26.845141,0.000000,26.845141,0.000000
313_RTPV_1-14,14,0.000000,26.845141,0.000000,26.845141,0.000000
320_RTPV_2-14,14,0.000000,26.845141,0.000000,26.845141,0.000000
313_RTPV_7-14,14,0.000000,26.845141,0.000000,26.845141,0.000000
324_PV_1-14,14,0.000000,26.845141,0.000000,26.845141,0.000000
309_WIND_1-14,14,2.816667,26.845141,0.000000,26.845141,2.816667
313_RTPV_4-14,14,0.000000,26.845141,0.000000,26.845141,0.000000
320_PV_1-14,14,0.000000,26.845141,0.000000,26.845141,0.000000
320_RTPV_4-14,14,0.000000,26.845141,0.000000,26.845141,0.000000
313_PV_1-14,14,0.000000,26.845141,0.000000,26.845141,0.000000
313_RTPV_2-14,14,0.000000,26.845141,0.000000,26.845141,0.000000
303_WIND_1-14,14,7.475000,26.845141,0.000000,26.845141,7.475000
310_PV_1-14,14,0.000000,26.845141,0.000000,26.845141,0.000000
313_RTPV_13-14,14,0.000000,26.845141,0.000000,26.845141,0.000000
310_PV_2-14,14,0.000000,26.845141,0.000000,26.845141,0.000000
320_RTPV_5-14,14,0.000000,26.845141,0.000000,26.845141,0.000000
313_RTPV_5-14,14,0.000000,26.845141,0.000000,26.845141,0.000000
324_PV_3-14,14,0.000000,26.845141,0.000000,26.845141,0.000000
314_PV_2-14,14,0.000000,26.845141,0.000000,26.845141,0.000000
314_PV_1-14,14,0.000000,26.845141,0.000000,26.845141,0.000000
317_WIND_1-14,14,308.100000,26.845141,0.000000,26.845141,308.100000
313_RTPV_12-14,14,0.000000,26.845141,0.000000,26.845141,0.000000
308_RTPV_1-14,14,0.000000,26.845141,0.000000,26.845141,0.000000
314_PV_3-14,14,0.000000,26.845141,0.000000,26.845141,0.000000
313_RTPV_11-14,14,0.000000,26.845141,0.000000,26.845141,0.000000
314_PV_4-14,14,0.000000,26.845141,0.000000,26.845141,0.000000
313_PV_2-14,14,0.000000,26.845141,0.000000,26.845141,0.000000
320_RTPV_6-14,14,0.000000,26.845141,0.000000,26.845141,0.000000
313_RTPV_6-14,14,0.000000,26.845141,0.000000,26.845141,0.000000
319_PV_1-14,14,0.000000,26.845141,0.000000,26.845141,0.000000
313_RTPV_3-14,14,0.000000,26.845141,0.000000,26.845141,0.000000
313_RTPV_9-14,14,0.000000,26.845141,0.000000,26.845141,0.000000
320_RTPV_1-14,14,0.000000,26.845141,0.000000,26.845141,0.000000
313_RTPV_8-14,14,0.000000,26.845141,0.000000,26.845141,0.000000
320_RTPV_3-15,15,0.000000,26.845141,0.000000,26.845141,0.000000
324_PV_2-15,15,0.000000,26.845141,0.000000,26.845141,0.000000
312_PV_1-15,15,0.000000,26.845141,0.000000,26.845141,0.000000
313_RTPV_10-15,15,0.000000,26.845141,0.000000,26.845141,0.000000
313_RTPV_1-15,15,0.000000,26.845141,0.000000,26.845141,0.000000
320_RTPV_2-15,15,0.000000,26.845141,0.000000,26.845141,0.000000
313_RTPV_7-15,15,0.000000,26.845141,0.000000,26.845141,0.000000
324_PV_1-15,15,0.000000,26.845141,0.000000,26.845141,0.000000
309_WIND_1-15,15,3.075000,26.845141,0.000000,26.845141,3.075000
313_RTPV_4-15,15,0.000000,26.845141,0.000000,26.845141,0.000000
320_PV_1-15,15,0.000000,26.845141,0.000000,26.845141,0.000000
320_RTPV_4-15,15,0.000000,26.845141,0.000000,26.845141,0.000000
313_PV_1-15,15,0.000000,26.845141,0.000000,26.845141,0.000000
313_RTPV_2-15,15,0.000000,26.845141,0.000000,26.845141,0.000000
303_WIND_1-15,15,9.450000,26.845141,0.000000,26.845141,9.450000
310_PV_1-15,15,0.000000,26.845141,0.000000,26.845141,0.000000
313_RTPV_13-15,15,0.000000,26.845141,0.000000,26.845141,0.000000
310_PV_2-15,15,0.000000,26.845141,0.000000,26.845141,0.000000
320_RTPV_5-15,15,0.000000,26.845141,0.000000,26.845141,0.000000
313_RTPV_5-15,15,0.000000,26.845141,0.000000,26.845141,0.000000
324_PV_3-15,15,0.000000,26.845141,0.000000,26.845141,0.000000
314_PV_2-15,15,0.000000,26.845141,0.000000,26.845141,0.000000
314_PV_1-15,15,0.000000,26.845141,0.000000,26.845141,0.000000
317_WIND_1-15,15,343.208333,26.845141,0.000000,26.845141,343.208333
313_RTPV_12-15,15,0.000000,26.845141,0.000000,26.845141,0.000000
308_RTPV_1-15,15,0.000000,26.845141,0.000000,26.845141,0.000000
314_PV_3-15,15,0.000000,26.845141,0.000000,26.845141,0.000000
313_RTPV_11-15,15,0.000000,26.845141,0.000000,26.845141,0.000000
314_PV_4-15,15,0.000000,26.845141,0.000000,26.845141,0.000000
313_PV_2-15,15,0.000000,26.845141,0.000000,26.845141,0.000000
320_RTPV_6-15,15,0.000000,26.845141,0.000000,26.845141,0.000000
313_RTPV_6-15,15,0.000000,26.845141,0.000000,26.845141,0.000000
319_PV_1-15,15,0.000000,26.845141,0.000000,26.845141,0.000000
313_RTPV_3-15,15,0.000000,26.845141,0.000000,26.845141,0.000000
313_RTPV_9-15,15,0.000000,26.845141,0.000000,26.845141,0.000000
320_RTPV_1-15,15,0.000000,26.845141,0.000000,26.845141,0.000000
313_RTPV_8-15,15,0.000000,26.845141,0.000000,26.845141,0.000000
320_RTPV_3-16,16,0.000000,26.845141,0.000000,26.845141,0.000000
324_PV_2-16,16,0.000000,26.845141,0.000000,26.845141,0.000000
312_PV_1-16,16,0.000000,26.845141,0.000000,26.845141,0.000000
313_RTPV_10-16,16,0.000000,26.845141,0.000000,26.845141,0.000000
313_RTPV_1-16,16,0.000000,26.845141,0.000000,26.845141,0.000000
320_RTPV_2-16,16,0.000000,26.845141,0.000000,26.845141,0.000000
313_RTPV_7-16,16,0.000000,26.845141,0.000000,26.845141,0.000000
324_PV_1-16,16,0.000000,26.845141,0.000000,26.845141,0.000000
309_WIND_1-16,16,2.891667,26.845141,0.000000,26.845141,2.891667
313_RTPV_4-16,16,0.000000,26.845141,0.000000,26.845141,0.000000
320_PV_1-16,16,0.000000,26.845141,0.000000,26.845141,0.000000
320_RTPV_4-16,16,0.000000,26.845141,0.000000,26.845141,0.000000
313_PV_1-16,16,0.000000,26.845141,0.000000,26.845141,0.000000
313_RTPV_2-16,16,0.000000,26.845141,0.000000,26.845141,0.000000
303_WIND_1-16,16,11.266667,26.845141,0.000000,26.845141,11.266667
310_PV_1-16,16,0.000000,26.845141,0.000000,26.845141,0.000000
313_RTPV_13-16,16,0.000000,26.845141,0.000000,26.845141,0.000000
310_PV_2-16,16,0.000000,26.845141,0.000000,26.845141,0.000000
320_RTPV_5-16,16,0.000000,26.845141,0.000000,26.845141,0.000000
313_RTPV_5-16,16,0.000000,26.845141,0.000000,26.845141,0.000000
324_PV_3-16,16,0.000000,26.845141,0.000000,26.845141,0.000000
314_PV_2-16,16,0.000000,26.845141,0.000000,26.845141,0.000000
314_PV_1-16,16,0.000000,26.845141,0.000000,26.845141,0.000000
317_WIND_1-16,16,337.158333,26.845141,0.000000,26.845141,337.158333
313_RTPV_12-16,16,0.000000,26.845141,0.000000,26.845141,0.000000
308_RTPV_1-16,16,0.000000,26.845141,0.000000,26.845141,0.000000
314_PV_3-16,16,0.000000,26.845141,0.000000,26.845141,0.000000
313_RTPV_11-16,16,0.000000,26.845141,0.000000,26.845141,0.000000
314_PV_4-16,16,0.000000,26.845141,0.000000,26.845141,0.000000
313_PV_2-16,16,0.000000,26.845141,0.000000,26.845141,0.000000
320_RTPV_6-16,16,0.000000,26.845141,0.000000,26.845141,0.000000
313_RTPV_6-16,16,0.000000,26.845141,0.000000,26.845141,0.000000
319_PV_1-16,16,0.000000,26.845141,0.000000,26.845141,0.000000
313_RTPV_3-16,16,0.000000,26.845141,0.000000,26.845141,0.000000
313_RTPV_9-16,16,0.000000,26.845141,0.000000,26.845141,0.000000
320_RTPV_1-16,16,0.000000,26.845141,0.000000,26.845141,0.000000
313_RTPV_8-16,16,0.000000,26.845141,0.000000,26.845141,0.000000
320_RTPV_3-17,17,0.000000,26.845141,0.000000,26.845141,0.000000
324_PV_2-17,17,0.000000,26.845141,0.000000,26.845141,0.000000
312_PV_1-17,17,0.000000,26.845141,0.000000,26.845141,0.000000
313_RTPV_10-17,17,0.000000,26.845141,0.000000,26.845141,0.000000
313_RTPV_1-17,17,0.000000,26.845141,0.000000,26.845141,0.000000
320_RTPV_2-17,17,0.000000,26.845141,0.000000,26.845141,0.000000
313_RTPV_7-17,17,0.000000,26.845141,0.000000,26.845141,0.000000
324_PV_1-17,17,0.000000,26.845141,0.000000,26.845141,0.000000
309_WIND_1-17,17,2.025000,26.845141,0.000000,26.845141,2.025000
313_RTPV_4-17,17,0.000000,26.845141,0.000000,26.845141,0.000000
320_PV_1-17,17,0.000000,26.845141,0.000000,26.845141,0.000000
320_RTPV_4-17,17,0.000000,26.845141,0.000000,26.845141,0.000000
313_PV_1-17,17,0.000000,26.845141,0.000000,26.845141,0.000000
313_RTPV_2-17,17,0.000000,26.845141,0.000000,26.845141,0.000000
303_WIND_1-17,17,12.050000,26.845141,0.000000,26.845141,12.050000
310_PV_1-17,17,0.000000,26.845141,0.000000,26.845141,0.000000
313_RTPV_13-17,17,0.000000,26.845141,0.000000,26.845141,0.000000
310_PV_2-17,17,0.000000,26.845141,0.000000,26.845141,0.000000
320_RTPV_5-17,17,0.000000,26.845141,0.000000,26.845141,0.000000
313_RTPV_5-17,17,0.000000,26.845141,0.000000,26.845141,0.000000
324_PV_3-17,17,0.000000,26.845141,0.000000,26.845141,0.000000
314_PV_2-17,17,0.000000,26.845141,0.000000,26.845141,0.000000
314_PV_1-17,17,0.000000,26.845141,0.000000,26.845141,0.000000
317_WIND_1-17,17,356.300000,26.845141,0.000000,26.845141,356.300000
313_RTPV_12-17,17,0.000000,26.845141,0.000000,26.845141,0.000000
308_RTPV_1-17,17,0.000000,26.845141,0.000000,26.845141,0.000000
314_PV_3-17,17,0.000000,26.845141,0.000000,26.845141,0.000000
313_RTPV_11-17,17,0.000000,26.845141,0.000000,26.845141,0.000000
314_PV_4-17,17,0.000000,26.845141,0.000000,26.845141,0.000000
313_PV_2-17,17,0.000000,26.845141,0.000000,26.845141,0.000000
320_RTPV_6-17,17,0.000000,26.845141,0.000000,26.845141,0.000000
313_RTPV_6-17,17,0.000000,26.845141,0.000000,26.845141,0.000000
319_PV_1-17,17,0.000000,26.845141,0.000000,26.845141,0.000000
313_RTPV_3-17,17,0.000000,26.845141,0.000000,26.845141,0.000000
313_RTPV_9-17,17,0.000000,26.845141,0.000000,26.845141,0.000000
320_RTPV_1-17,17,0.000000,26.845141,0.000000,26.845141,0.000000
313_RTPV_8-17,17,0.000000,26.845141,0.000000,26.845141,0.000000
320_RTPV_3-18,18,0.000000,26.845141,0.000000,26.845141,0.000000
324_PV_2-18,18,0.000000,26.845141,0.000000,26.845141,0.000000
312_PV_1-18,18,0.000000,26.845141,0.000000,26.845141,0.000000
313_RTPV_10-18,18,0.000000,26.845141,0.000000,26.845141,0.000000
313_RTPV_1-18,18,0.000000,26.845141,0.000000,26.845141,0.000000
320_RTPV_2-18,18,0.000000,26.845141,0.000000,26.845141,0.000000
313_RTPV_7-18,18,0.000000,26.845141,0.000000,26.845141,0.000000
324_PV_1-18,18,0.000000,26.845141,0.000000,26.845141,0.000000
309_WIND_1-18,18,1.683333,26.845141,0.000000,26.845141,1.683333
313_RTPV_4-18,18,0.000000,26.845141,0.000000,26.845141,0.000000
320_PV_1-18,18,0.000000,26.845141,0.000000,26.845141,0.000000
320_RTPV_4-18,18,0.000000,26.845141,0.000000,26.845141,0.000000
313_PV_1-18,18,0.000000,26.845141,0.000000,26.845141,0.000000
313_RTPV_2-18,18,0.000000,26.845141,0.000000,26.845141,0.000000
303_WIND_1-18,18,13.650000,26.845141,0.000000,26.845141,13.650000
310_PV_1-18,18,0.000000,26.845141,0.000000,26.845141,0.000000
313_RTPV_13-18,18,0.000000,26.845141,0.000000,26.845141,0.000000
310_PV_2-18,18,0.000000,26.845141,0.000000,26.845141,0.000000
320_RTPV_5-18,18,0.000000,26.845141,0.000000,26.845141,0.000000
313_RTPV_5-18,18,0.000000,26.845141,0.000000,26.845141,0.000000
324_PV_3-18,18,0.000000,26.845141,0.000000,26.845141,0.000000
314_PV_2-18,18,0.000000,26.845141,0.000000,26.845141,0.000000
314_PV_1-18,18,0.000000,26.845141,0.000000,26.845141,0.000000
317_WIND_1-18,18,364.625000,26.845141,0.000000,26.845141,364.625000
313_RTPV_12-18,18,0.000000,26.845141,0.000000,26.845141,0.000000
308_RTPV_1-18,18,0.000000,26.845141,0.000000,26.845141,0.000000
314_PV_3-18,18,0.000000,26.845141,0.000000,26.845141,0.000000
313_RTPV_11-18,18,0.000000,26.845141,0.000000,26.845141,0.000000
314_PV_4-18,18,0.000000,26.845141,0.000000,26.845141,0.000000
313_PV_2-18,18,0.000000,26.845141,0.000000,26.845141,0.000000
320_RTPV_6-18,18,0.000000,26.845141,0.000000,26.845141,0.000000
313_RTPV_6-18,18,0.000000,26.845141,0.000000,26.845141,0.000000
319_PV_1-18,18,0.000000,26.845141,0.000000,26.845141,0.000000
313_RTPV_3-18,18,0.000000,26.845141,0.000000,26.845141,0.000000
313_RTPV_9-18,18,0.000000,26.845141,0.000000,26.845141,0.000000
320_RTPV_1-18,18,0.000000,26.845141,0.000000,26.845141,0.000000
313_RTPV_8-18,18,0.000000,26.845141,0.000000,26.845141,0.000000
320_RTPV_3-19,19,0.000000,26.845141,0.000000,26.845141,0.000000
324_PV_2-19,19,0.000000,26.845141,0.000000,26.845141,0.000000
312_PV_1-19,19,0.000000,26.845141,0.000000,26.845141,0.000000
313_RTPV_10-19,19,0.000000,26.845141,0.000000,26.845141,0.000000
313_RTPV_1-19,19,0.000000,26.845141,0.000000,26.845141,0.000000
320_RTPV_2-19,19,0.000000,26.845141,0.000000,26.845141,0.000000
313_RTPV_7-19,19,0.000000,26.845141,0.000000,26.845141,0.000000
324_PV_1-19,19,0.000000,26.845141,0.000000,26.845141,0.000000
309_WIND_1-19,19,1.083333,26.845141,0.000000,26.845141,1.083333
313_RTPV_4-19,19,0.000000,26.845141,0.000000,26.845141,0.000000
320_PV_1-19,19,0.000000,26.845141,0.000000,26.845141,0.000000
320_RTPV_4-19,19,0.000000,26.845141,0.000000,26.845141,0.000000
313_PV_1-19,19,0.000000,26.845141,0.000000,26.845141,0.000000
313_RTPV_2-19,19,0.000000,26.845141,0.000000,26.845141,0.000000
303_WIND_1-19,19,11.458333,26.845141,0.000000,26.845141,11.458333
310_PV_1-19,19,0.000000,26.845141,0.000000,26.845141,0.000000
313_RTPV_13-19,19,0.000000,26.845141,0.000000,26.845141,0.000000
310_PV_2-19,19,0.000000,26.845141,0.000000,26.845141,0.000000
320_RTPV_5-19,19,0.000000,26.845141,0.000000,26.845141,0.000000
313_RTPV_5-19,19,0.000000,26.845141,0.000000,26.845141,0.000000
324_PV_3-19,19,0.000000,26.845141,0.000000,26.845141,0.000000
314_PV_2-19,19,0.000000,26.845141,0.000000,26.845141,0.000000
314_PV_1-19,19,0.000000,26.845141,0.000000,26.845141,0.000000
317_WIND_1-19,19,311.583333,26.845141,0.000000,26.845141,311.583333
313_RTPV_12-19,19,0.000000,26.845141,0.000000,26.845141,0.000000
308_RTPV_1-19,19,0.000000,26.845141,0.000000,26.845141,0.000000
314_PV_3-19,19,0.000000,26.845141,0.000000,26.845141,0.000000
313_RTPV_11-19,19,0.000000,26.845141,0.000000,26.845141,0.000000
314_PV_4-19,19,0.000000,26.845141,0.000000,26.845141,0.000000
313_PV_2-19,19,0.000000,26.845141,0.000000,26.845141,0.000000
320_RTPV_6-19,19,0.000000,26.845141,0.000000,26.845141,0.000000
313_RTPV_6-19,19,0.000000,26.845141,0.000000,26.845141,0.000000
319_PV_1-19,19,0.000000,26.845141,0.000000,26.845141,0.000000
313_RTPV_3-19,19,0.000000,26.845141,0.000000,26.845141,0.000000
313_RTPV_9-19,19,0.000000,26.845141,0.000000,26.845141,0.000000
320_RTPV_1-19,19,0.000000,26.845141,0.000000,26.845141,0.000000
313_RTPV_8-19,19,0.000000,26.845141,0.000000,26.845141,0.000000
320_RTPV_3-20,20,0.000000,26.845141,0.000000,26.845141,0.000000
324_PV_2-20,20,0.000000,26.845141,0.000000,26.845141,0.000000
312_PV_1-20,20,0.000000,26.845141,0.000000,26.845141,0.000000
313_RTPV_10-20,20,0.000000,26.845141,0.000000,26.845141,0.000000
313_RTPV_1-20,20,0.000000,26.845141,0.000000,26.845141,0.000000
320_RTPV_2-20,20,0.000000,26.845141,0.000000,26.845141,0.000000
313_RTPV_7-20,20,0.000000,26.845141,0.000000,26.845141,0.000000
324_PV_1-20,20,0.000000,26.845141,0.000000,26.845141,0.000000
309_WIND_1-20,20,0.950000,26.845141,0.000000,26.845141,0.950000
313_RTPV_4-20,20,0.000000,26.845141,0.000000,26.845141,0.000000
320_PV_1-20,20,0.000000,26.845141,0.000000,26.845141,0.000000
320_RTPV_4-20,20,0.000000,26.845141,0.000000,26.845141,0.000000
313_PV_1-20,20,0.000000,26.845141,0.000000,26.845141,0.000000
313_RTPV_2-20,20,0.000000,26.845141,0.000000,26.845141,0.000000
303_WIND_1-20,20,16.600000,26.845141,0.000000,26.845141,16.600000
310_PV_1-20,20,0.000000,26.845141,0.000000,26.845141,0.000000
313_RTPV_13-20,20,0.000000,26.845141,0.000000,26.845141,0.000000
310_PV_2-20,20,0.000000,26.845141,0.000000,26.845141,0.000000
320_RTPV_5-20,20,0.000000,26.845141,0.000000,26.845141,0.000000
313_RTPV_5-20,20,0.000000,26.845141,0.000000,26.845141,0.000000
324_PV_3-20,20,0.000000,26.845141,0.000000,26.845141,0.000000
314_PV_2-20,20,0.000000,26.845141,0.000000,26.845141,0.000000
314_PV_1-20,20,0.000000,26.845141,0.000000,26.845141,0.000000
317_WIND_1-20,20,201.250000,26.845141,0.000000,26.845141,201.250000
313_RTPV_12-20,20,0.000000,26.845141,0.000000,26.845141,0.000000
308_RTPV_1-20,20,0.000000,26.845141,0.000000,26.845141,0.000000
314_PV_3-20,20,0.000000,26.845141,0.000000,26.845141,0.000000
313_RTPV_11-20,20,0.000000,26.845141,0.000000,26.845141,0.000000
314_PV_4-20,20,0.000000,26.845141,0.000000,26.845141,0.000000
313_PV_2-20,20,0.000000,26.845141,0.000000,26.845141,0.000000
320_RTPV_6-20,20,0.000000,26.845141,0.000000,26.845141,0.000000
313_RTPV_6-20,20,0.000000,26.845141,0.000000,26.845141,0.000000
319_PV_1-20,20,0.000000,26.845141,0.000000,26.845141,0.000000
313_RTPV_3-20,20,0.000000,26.845141,0.000000,26.845141,0.000000
313_RTPV_9-20,20,0.000000,26.845141,0.000000,26.845141,0.000000
320_RTPV_1-20,20,0.000000,26.845141,0.000000,26.845141,0.000000
313_RTPV_8-20,20,0.000000,26.845141,0.000000,26.845141,0.000000
320_RTPV_3-21,21,0.000000,26.845141,0.000000,26.845141,0.000000
324_PV_2-21,21,0.000000,26.845141,0.000000,26.845141,0.000000
312_PV_1-21,21,0.000000,26.845141,0.000000,26.845141,0.000000
313_RTPV_10-21,21,0.000000,26.845141,0.000000,26.845141,0.000000
313_RTPV_1-21,21,0.000000,26.845141,0.000000,26.845141,0.000000
320_RTPV_2-21,21,0.000000,26.845141,0.000000,26.845141,0.000000
313_RTPV_7-21,21,0.000000,26.845141,0.000000,26.845141,0.000000
324_PV_1-21,21,0.000000,26.845141,0.000000,26.845141,0.000000
309_WIND_1-21,21,1.075000,26.845141,0.000000,26.845141,1.075000
313_RTPV_4-21,21,0.000000,26.845141,0.000000,26.845141,0.000000
320_PV_1-21,21,0.000000,26.845141,0.000000,26.845141,0.000000
320_RTPV_4-21,21,0.000000,26.845141,0.000000,26.845141,0.000000
313_PV_1-21,21,0.000000,26.845141,0.000000,26.845141,0.000000
313_RTPV_2-21,21,0.000000,26.845141,0.000000,26.845141,0.000000
303_WIND_1-21,21,36.591667,26.845141,0.000000,26.845141,36.591667
310_PV_1-21,21,0.000000,26.845141,0.000000,26.845141,0.000000
313_RTPV_13-21,21,0.000000,26.845141,0.000000,26.845141,0.000000
310_PV_2-21,21,0.000000,26.845141,0.000000,26.845141,0.000000
320_RTPV_5-21,21,0.000000,26.845141,0.000000,26.845141,0.000000
313_RTPV_5-21,21,0.000000,26.845141,0.000000,26.845141,0.000000
324_PV_3-21,21,0.000000,26.845141,0.000000,26.845141,0.000000
314_PV_2-21,21,0.000000,26.845141,0.000000,26.845141,0.000000
314_PV_1-21,21,0.000000,26.845141,0.000000,26.845141,0.000000
317_WIND_1-21,21,136.183333,26.845141,0.000000,26.845141,136.183333
313_RTPV_12-21,21,0.000000,26.845141,0.000000,26.845141,0.000000
308_RTPV_1-21,21,0.000000,26.845141,0.000000,26.845141,0.000000
314_PV_3-21,21,0.000000,26.845141,0.000000,26.845141,0.000000
313_RTPV_11-21,21,0.000000,26.845141,0.000000,26.845141,0.000000
314_PV_4-21,21,0.000000,26.845141,0.000000,26.845141,0.000000
313_PV_2-21,21,0.000000,26.845141,0.000000,26.845141,0.000000
320_RTPV_6-21,21,0.000000,26.845141,0.000000,26.845141,0.000000
313_RTPV_6-21,21,0.000000,26.845141,0.000000,26.845141,0.000000
319_PV_1-21,21,0.000000,26.845141,0.000000,26.845141,0.000000
313_RTPV_3-21,21,0.000000,26.845141,0.000000,26.845141,0.000000
313_RTPV_9-21,21,0.000000,26.845141,0.000000,26.845141,0.000000
320_RTPV_1-21,21,0.000000,26.845141,0.000000,26.845141,0.000000
313_RTPV_8-21,21,0.000000,26.845141,0.000000,26.845141,0.000000
320_RTPV_3-22,22,0.000000,26.845141,0.000000,26.845141,0.000000
324_PV_2-22,22,0.000000,26.845141,0.000000,26.845141,0.000000
312_PV_1-22,22,0.000000,26.845141,0.000000,26.845141,0.000000
313_RTPV_10-22,22,0.000000,26.845141,0.000000,26.845141,0.000000
313_RTPV_1-22,22,0.000000,26.845141,0.000000,26.845141,0.000000
320_RTPV_2-22,22,0.000000,26.845141,0.000000,26.845141,0.000000
313_RTPV_7-22,22,0.000000,26.845141,0.000000,26.845141,0.000000
324_PV_1-22,22,0.000000,26.845141,0.000000,26.845141,0.000000
309_WIND_1-22,22,1.216667,26.845141,0.000000,26.845141,1.216667
313_RTPV_4-22,22,0.000000,26.845141,0.000000,26.845141,0.000000
320_PV_1-22,22,0.000000,26.845141,0.000000,26.845141,0.000000
320_RTPV_4-22,22,0.000000,26.845141,0.000000,26.845141,0.000000
313_PV_1-22,22,0.000000,26.845141,0.000000,26.845141,0.000000
313_RTPV_2-22,22,0.000000,26.845141,0.000000,26.845141,0.000000
303_WIND_1-22,22,70.641667,26.845141,0.000000,26.845141,70.641667
310_PV_1-22,22,0.000000,26.845141,0.000000,26.845141,0.000000
313_RTPV_13-22,22,0.000000,26.845141,0.000000,26.845141,0.000000
310_PV_2-22,22,0.000000,26.845141,0.000000,26.845141,0.000000
320_RTPV_5-22,22,0.000000,26.845141,0.000000,26.845141,0.000000
313_RTPV_5-22,22,0.000000,26.845141,0.000000,26.845141,0.000000
324_PV_3-22,22,0.000000,26.845141,0.000000,26.845141,0.000000
314_PV_2-22,22,0.000000,26.845141,0.000000,26.845141,0.000000
314_PV_1-22,22,0.000000,26.845141,0.000000,26.845141,0.000000
317_WIND_1-22,22,100.733333,26.845141,0.000000,26.845141,100.733333
313_RTPV_12-22,22,0.000000,26.845141,0.000000,26.845141,0.000000
308_RTPV_1-22,22,0.000000,26.845141,0.000000,26.845141,0.000000
314_PV_3-22,22,0.000000,26.845141,0.000000,26.845141,0.000000
313_RTPV_11-22,22,0.000000,26.845141,0.000000,26.845141,0.000000
314_PV_4-22,22,0.000000,26.845141,0.000000,26.845141,0.000000
313_PV_2-22,22,0.000000,26.845141,0.000000,26.845141,0.000000
320_RTPV_6-22,22,0.000000,26.845141,0.000000,26.845141,0.000000
313_RTPV_6-22,22,0.000000,26.845141,0.000000,26.845141,0.000000
319_PV_1-22,22,0.000000,26.845141,0.000000,26.845141,0.000000
313_RTPV_3-22,22,0.000000,26.845141,0.000000,26.845141,0.000000
313_RTPV_9-22,22,0.000000,26.845141,0.000000,26.845141,0.000000
320_RTPV_1-22,22,0.000000,26.845141,0.000000,26.845141,0.000000
313_RTPV_8-22,22,0.000000,26.845141,0.000000,26.845141,0.000000
320_RTPV_3-23,23,0.000000,26.499179,0.000000,26.499179,0.000000
324_PV_2-23,23,0.000000,26.499179,0.000000,26.499179,0.000000
312_PV_1-23,23,0.000000,26.499179,0.000000,26.499179,0.000000
313_RTPV_10-23,23,0.000000,26.499179,0.000000,26.499179,0.000000
313_RTPV_1-23,23,0.000000,26.499179,0.000000,26.499179,0.000000
320_RTPV_2-23,23,0.000000,26.499179,0.000000,26.499179,0.000000
313_RTPV_7-23,23,0.000000,26.499179,0.000000,26.499179,0.000000
324_PV_1-23,23,0.000000,26.499179,0.000000,26.499179,0.000000
309_WIND_1-23,23,0.908333,26.499179,0.000000,26.499179,0.908333
313_RTPV_4-23,23,0.000000,26.499179,0.000000,26.499179,0.000000
320_PV_1-23,23,0.000000,26.499179,0.000000,26.499179,0.000000
320_RTPV_4-23,23,0.000000,26.499179,0.000000,26.499179,0.000000
313_PV_1-23,23,0.000000,26.499179,0.000000,26.499179,0.000000
313_RTPV_2-23,23,0.000000,26.499179,0.000000,26.499179,0.000000
303_WIND_1-23,23,73.083333,26.499179,0.000000,26.499179,73.083333
310_PV_1-23,23,0.000000,26.499179,0.000000,26.499179,0.000000
313_RTPV_13-23,23,0.000000,26.499179,0.000000,26.499179,0.000000
310_PV_2-23,23,0.000000,26.499179,0.000000,26.499179,0.000000
320_RTPV_5-23,23,0.000000,26.499179,0.000000,26.499179,0.000000
313_RTPV_5-23,23,0.000000,26.499179,0.000000,26.499179,0.000000
324_PV_3-23,23,0.000000,26.499179,0.000000,26.499179,0.000000
314_PV_2-23,23,0.000000,26.499179,0.000000,26.499179,0.000000
314_PV_1-23,23,0.000000,26.499179,0.000000,26.499179,0.000000
317_WIND_1-23,23,62.333333,26.499179,0.000000,26.499179,62.333333
313_RTPV_12-23,23,0.000000,26.499179,0.000000,26.499179,0.000000
308_RTPV_1-23,23,0.000000,26.499179,0.000000,26.499179,0.000000
314_PV_3-23,23,0.000000,26.499179,0.000000,26.499179,0.000000
313_RTPV_11-23,23,0.000000,26.499179,0.000000,26.499179,0.000000
314_PV_4-23,23,0.000000,26.499179,0.000000,26.499179,0.000000
313_PV_2-23,23,0.000000,26.499179,0.000000,26.499179,0.000000
320_RTPV_6-23,23,0.000000,26.499179,0.000000,26.499179,0.000000
313_RTPV_6-23,23,0.000000,26.499179,0.000000,26.499179,0.000000
319_PV_1-23,23,0.000000,26.499179,0.000000,26.499179,0.000000
313_RTPV_3-23,23,0.000000,26.499179,0.000000,26.499179,0.000000
313_RTPV_9-23,23,0.000000,26.499179,0.000000,26.499179,0.000000
320_RTPV_1-23,23,0.000000,26.499179,0.000000,26.499179,0.000000
313_RTPV_8-23,23,0.000000,26.499179,0.000000,26.499179,0.000000
320_RTPV_3-24,24,0.000000,26.429209,0.000000,26.429209,0.000000
324_PV_2-24,24,0.000000,26.429209,0.000000,26.429209,0.000000
312_PV_1-24,24,0.000000,26.429209,0.000000,26.429209,0.000000
313_RTPV_10-24,24,0.000000,26.429209,0.000000,26.429209,0.000000
313_RTPV_1-24,24,0.000000,26.429209,0.000000,26.429209,0.000000
320_RTPV_2-24,24,0.000000,26.429209,0.000000,26.429209,0.000000
313_RTPV_7-24,24,0.000000,26.429209,0.000000,26.429209,0.000000
324_PV_1-24,24,0.000000,26.429209,0.000000,26.429209,0.000000
309_WIND_1-24,24,1.158333,26.429209,0.000000,26.429209,1.158333
313_RTPV_4-24,24,0.000000,26.429209,0.000000,26.429209,0.000000
320_PV_1-24,24,0.000000,26.429209,0.000000,26.429209,0.000000
320_RTPV_4-24,24,0.000000,26.429209,0.000000,26.429209,0.000000
313_PV_1-24,24,0.000000,26.429209,0.000000,26.429209,0.000000
313_RTPV_2-24,24,0.000000,26.429209,0.000000,26.429209,0.000000
303_WIND_1-24,24,38.275000,26.429209,0.000000,26.429209,38.275000
310_PV_1-24,24,0.000000,26.429209,0.000000,26.429209,0.000000
313_RTPV_13-24,24,0.000000,26.429209,0.000000,26.429209,0.000000
310_PV_2-24,24,0.000000,26.429209,0.000000,26.429209,0.000000
320_RTPV_5-24,24,0.000000,26.429209,0.000000,26.429209,0.000000
313_RTPV_5-24,24,0.000000,26.429209,0.000000,26.429209,0.000000
324_PV_3-24,24,0.000000,26.429209,0.000000,26.429209,0.000000
314_PV_2-24,24,0.000000,26.429209,0.000000,26.429209,0.000000
314_PV_1-24,24,0.000000,26.429209,0.000000,26.429209,0.000000
317_WIND_1-24,24,45.325000,26.429209,0.000000,26.429209,45.325000
313_RTPV_12-24,24,0.000000,26.429209,0.000000,26.429209,0.000000
308_RTPV_1-24,24,0.000000,26.429209,0.000000,26.429209,0.000000
314_PV_3-24,24,0.000000,26.429209,0.000000,26.429209,0.000000
313_RTPV_11-24,24,0.000000,26.429209,0.000000,26.429209,0.000000
314_PV_4-24,24,0.000000,26.429209,0.000000,26.429209,0.000000
313_PV_2-24,24,0.000000,26.429209,0.000000,26.429209,0.000000
320_RTPV_6-24,24,0.000000,26.429209,0.000000,26.429209,0.000000
313_RTPV_6-24,24,0.000000,26.429209,0.000000,26.429209,0.000000
319_PV_1-24,24,0.000000,26.429209,0.000000,26.429209,0.000000
313_RTPV_3-24,24,0.000000,26.429209,0.000000,26.429209,0.000000
313_RTPV_9-24,24,0.000000,26.429209,0.000000,26.429209,0.000000
320_RTPV_1-24,24,0.000000,26.429209,0.000000,26.429209,0.000000
313_RTPV_8-24,24,0.000000,26.429209,0.000000,26.429209,0.000000
