,time,charge,discharge,totaldischarge,soc,discharge_offer,maxdischargeoffer,charge_offer,maxchargeoffer,tightdual,socmaxdual,socmindual,chargemindual,dischargemindual,finalsocdual,finalsocMAXdual,finalsocMINdual,cycledual,bindonecyclemaxdual,bindonecyclemindual,node,lmp,profit
313_STORAGE_1,1,292.344814,0.000000,0.000000,248.493092,5000.000000,5000.000000,5000.000000,5000.000000,0.000000,0.000000,0.000000,0.000000,26.429209,0.000000,0.000000,0.000000,0.000000,0.000000,0.000000,303,0.000000,0.0
313_STORAGE_1,2,300.000000,0.000000,0.000000,503.493092,5000.000000,5000.000000,5000.000000,5000.000000,0.000000,0.000000,0.000000,0.000000,26.429209,0.000000,0.000000,0.000000,0.000000,0.000000,0.000000,303,0.000000,0.0
313_STORAGE_1,3,300.000000,-0.000000,-0.000000,758.493092,5000.000000,5000.000000,5000.000000,5000.000000,0.000000,0.000000,0.000000,0.000000,26.429209,0.000000,0.000000,0.000000,0.000000,0.000000,0.000000,303,0.000000,-0.0
313_STORAGE_1,4,65.983382,0.000000,0.000000,814.578966,5000.000000,5000.000000,5000.000000,5000.000000,0.000000,0.000000,0.000000,0.000000,26.429209,0.000000,0.000000,0.000000,0.000000,0.000000,0.000000,303,0.000000,0.0
313_STORAGE_1,5,100.495334,0.000000,0.000000,900.000000,5000.000000,5000.000000,5000.000000,5000.000000,0.022444,0.000000,0.000000,0.000000,17.430878,0.000000,0.000000,0.000000,0.000000,0.000000,0.000000,303,15.731579,-1580.950285952386
313_STORAGE_1,6,-0.000000,0.000000,0.000000,900.000000,5000.000000,5000.000000,5000.000000,5000.000000,0.000000,0.000000,0.000000,-1.348181,5.312563,0.000000,0.000000,0.000000,0.000000,0.000000,0.000000,303,21.116646,0.0
313_STORAGE_1,7,0.000000,0.000000,0.000000,900.000000,5000.000000,5000.000000,5000.000000,5000.000000,0.000000,0.000000,0.000000,1.659278,0.000000,0.000000,0.000000,0.000000,0.000000,0.000000,0.000000,303,26.429209,0.0
313_STORAGE_1,8,-0.000000,0.000000,0.000000,900.000000,5000.000000,5000.000000,5000.000000,5000.000000,0.000000,0.000000,0.000000,1.665910,0.027211,0.000000,0.000000,0.000000,0.000000,0.000000,0.000000,303,26.401998,0.0
313_STORAGE_1,9,0.000000,4.897368,4.897368,895.102632,5000.000000,5000.000000,5000.000000,5000.000000,0.000000,0.000000,0.000000,1.645833,-0.000000,0.000000,0.000000,0.000000,0.000000,0.000000,0.000000,303,26.429209,129.433562421912
313_STORAGE_1,10,0.000000,45.294189,45.294189,849.808442,5000.000000,5000.000000,5000.000000,5000.000000,0.000000,0.000000,0.000000,3.964381,0.000000,0.000000,0.000000,0.000000,0.000000,0.000000,0.000000,303,26.429209,1197.089587566501
313_STORAGE_1,11,0.000000,73.890015,73.890015,775.918428,5000.000000,5000.000000,5000.000000,5000.000000,0.000000,0.000000,0.000000,3.964381,0.000000,0.000000,0.000000,0.000000,0.000000,0.000000,0.000000,303,26.429209,1952.8546494481352
313_STORAGE_1,12,0.000000,98.464389,98.464389,677.454038,5000.000000,5000.000000,5000.000000,5000.000000,-0.003655,0.000000,0.000000,1.771308,0.000000,0.000000,0.000000,0.000000,0.000000,0.000000,0.000000,303,25.332672,2494.366070217408
313_STORAGE_1,13,0.000000,48.290563,48.290563,629.163476,5000.000000,5000.000000,5000.000000,5000.000000,0.000000,0.000000,0.000000,1.373685,0.000000,0.000000,0.000000,0.000000,0.000000,0.000000,0.000000,303,26.429209,1276.281382254667
313_STORAGE_1,14,0.000000,0.000000,0.000000,629.163476,5000.000000,5000.000000,5000.000000,5000.000000,0.000000,0.000000,0.000000,3.964381,0.000000,0.000000,0.000000,0.000000,0.000000,0.000000,0.000000,303,26.429209,0.0
313_STORAGE_1,15,0.000000,0.000000,0.000000,629.163476,5000.000000,5000.000000,5000.000000,5000.000000,0.000000,0.000000,0.000000,1.562423,0.000000,0.000000,0.000000,0.000000,0.000000,0.000000,0.000000,303,26.429209,0.0
313_STORAGE_1,16,0.000000,218.803643,218.803643,410.359833,5000.000000,5000.000000,5000.000000,5000.000000,0.000000,0.000000,0.000000,2.422073,0.000000,0.000000,0.000000,0.000000,0.000000,0.000000,0.000000,303,26.755735,5854.252289142605
313_STORAGE_1,17,0.000000,45.150949,45.150949,365.208884,5000.000000,5000.000000,5000.000000,5000.000000,0.000000,0.000000,-0.533151,1.934314,0.000000,0.000000,0.000000,0.000000,0.000000,0.000000,0.000000,303,26.429209,1193.303867669341
313_STORAGE_1,18,0.000000,217.895663,217.895663,147.313221,5000.000000,5000.000000,5000.000000,5000.000000,0.000000,0.000000,2.921466,1.807662,2.594939,0.000000,0.000000,0.000000,0.000000,0.000000,0.000000,303,26.755735,5829.958616877306
313_STORAGE_1,19,0.000000,0.000000,0.000000,147.313221,5000.000000,5000.000000,5000.000000,5000.000000,0.000000,0.000000,0.000000,1.775465,0.000000,0.000000,0.000000,0.000000,0.000000,0.000000,0.000000,303,26.429209,0.0
313_STORAGE_1,20,0.000000,107.804214,107.804214,39.509007,5000.000000,5000.000000,5000.000000,5000.000000,0.000000,0.000000,0.000000,3.964381,0.000000,0.000000,0.000000,0.000000,0.000000,0.000000,0.000000,303,26.429209,2849.180102886726
313_STORAGE_1,21,0.000000,39.509007,39.509007,0.000000,5000.000000,5000.000000,5000.000000,5000.000000,0.000000,0.000000,0.000000,0.000000,0.000000,0.000000,0.000000,0.000000,0.000000,0.000000,0.000000,303,26.429209,1044.191803385463
313_STORAGE_1,22,0.000000,0.000000,0.000000,0.000000,5000.000000,5000.000000,5000.000000,5000.000000,0.000000,0.000000,25.908321,3.886248,0.000000,0.000000,0.000000,0.000000,0.000000,0.000000,0.000000,303,25.908321,0.0
313_STORAGE_1,23,0.000000,0.000000,0.000000,0.000000,5000.000000,5000.000000,5000.000000,5000.000000,0.000000,0.000000,0.000000,0.000000,0.000000,0.000000,0.000000,0.000000,0.000000,0.000000,0.000000,303,0.000000,0.0
313_STORAGE_1,24,0.000000,-0.000000,-0.000000,0.000000,5000.000000,5000.000000,5000.000000,5000.000000,0.000000,0.000000,0.000000,0.000000,0.000000,0.000000,0.000000,0.000000,0.000000,0.000000,0.000000,303,0.000000,-0.0
