,flow (MWh),congestion price from ($/MWh),congestion price to ($/MWh)
C1-1,38.717266,0.000000,0.000000
C1-2,35.725749,0.000000,0.000000
C1-3,26.579862,0.000000,0.000000
C1-4,20.136466,0.000000,0.000000
C1-5,17.526429,0.000000,0.000000
C1-6,17.124270,0.000000,0.000000
C1-7,17.809804,0.000000,0.000000
C1-8,17.470654,0.000000,0.000000
C1-9,21.217456,0.000000,0.000000
C1-10,23.905599,0.000000,0.000000
C1-11,26.494072,0.000000,0.000000
C1-12,25.092312,0.000000,0.000000
C1-13,24.445462,0.000000,0.000000
C1-14,20.397391,0.000000,0.000000
C1-15,21.500787,0.000000,0.000000
C1-16,5.369282,0.000000,0.000000
C1-17,14.567607,0.000000,0.000000
C1-18,-5.781199,0.000000,0.000000
C1-19,12.908180,0.000000,0.000000
C1-20,25.372229,0.000000,0.000000
C1-21,73.709685,0.000000,0.000000
C1-22,72.969871,0.000000,0.000000
C1-23,72.119482,0.000000,0.000000
C1-24,50.453962,0.000000,0.000000
C2-1,-98.459596,0.000000,0.000000
C2-2,-90.767693,0.000000,0.000000
C2-3,-71.267703,0.000000,0.000000
C2-4,-57.518289,0.000000,0.000000
C2-5,-52.096351,0.000000,0.000000
C2-6,-52.745704,0.000000,0.000000
C2-7,-55.064672,0.000000,0.000000
C2-8,-55.389886,0.000000,0.000000
C2-9,-64.479198,0.000000,0.000000
C2-10,-70.323505,0.000000,0.000000
C2-11,-76.427813,0.000000,0.000000
C2-12,-72.174431,0.000000,0.000000
C2-13,-69.063141,0.000000,0.000000
C2-14,-62.422553,0.000000,0.000000
C2-15,-64.250316,0.000000,0.000000
C2-16,-60.777429,0.000000,0.000000
C2-17,-49.746238,0.000000,0.000000
C2-18,-64.532513,0.000000,0.000000
C2-19,-104.906670,0.000000,0.000000
C2-20,-130.564328,0.000000,0.000000
C2-21,-116.190052,0.000000,0.000000
C2-22,-115.050713,0.000000,0.000000
C2-23,-112.154118,0.000000,0.000000
C2-24,-124.396399,0.000000,0.000000
C3-1,13.600602,0.000000,0.000000
C3-2,10.847702,0.000000,0.000000
C3-3,1.433174,0.000000,0.000000
C3-4,-5.104100,0.000000,0.000000
C3-5,-7.916001,0.000000,0.000000
C3-6,-7.616149,0.000000,0.000000
C3-7,-7.468954,0.000000,0.000000
C3-8,-8.034581,0.000000,0.000000
C3-9,-6.672456,0.000000,0.000000
C3-10,-7.770009,0.000000,0.000000
C3-11,-7.226651,0.000000,0.000000
C3-12,-10.044107,0.000000,0.000000
C3-13,-11.568970,0.000000,0.000000
C3-14,-12.692333,0.000000,0.000000
C3-15,-10.652559,0.000000,0.000000
C3-16,-23.576203,0.000000,0.000000
C3-17,-18.155123,0.000000,0.000000
C3-18,-39.443327,0.000000,0.000000
C3-19,-19.962282,0.000000,0.000000
C3-20,-5.111603,0.000000,0.000000
C3-21,33.936235,0.000000,0.000000
C3-22,36.201690,0.000000,0.000000
C3-23,37.828372,0.000000,0.000000
C3-24,25.067398,0.000000,0.000000
C4-1,-13.340834,0.000000,0.000000
C4-2,-12.720374,0.000000,0.000000
C4-3,-15.020452,0.000000,0.000000
C4-4,-16.602183,0.000000,0.000000
C4-5,-17.433886,0.000000,0.000000
C4-6,-18.794778,0.000000,0.000000
C4-7,-19.618220,0.000000,0.000000
C4-8,-20.786269,0.000000,0.000000
C4-9,-21.636864,0.000000,0.000000
C4-10,-22.188764,0.000000,0.000000
C4-11,-22.721119,0.000000,0.000000
C4-12,-22.240639,0.000000,0.000000
C4-13,-20.966288,0.000000,0.000000
C4-14,-23.040578,0.000000,0.000000
C4-15,-21.990888,0.000000,0.000000
C4-16,-29.313497,0.000000,0.000000
C4-17,-24.111016,0.000000,0.000000
C4-18,-37.279587,0.000000,0.000000
C4-19,-33.021497,0.000000,0.000000
C4-20,-28.410055,0.000000,0.000000
C4-21,-2.386256,0.000000,0.000000
C4-22,-2.122821,0.000000,0.000000
C4-23,-0.558493,0.000000,0.000000
C4-24,-11.455396,0.000000,0.000000
C5-1,10.615993,0.000000,0.000000
C5-2,8.753145,0.000000,0.000000
C5-3,2.751216,0.000000,0.000000
C5-4,-1.420003,0.000000,0.000000
C5-5,-3.198337,0.000000,0.000000
C5-6,-2.914707,0.000000,0.000000
C5-7,-2.740593,0.000000,0.000000
C5-8,-3.016408,0.000000,0.000000
C5-9,-1.993988,0.000000,0.000000
C5-10,-2.574413,0.000000,0.000000
C5-11,-2.123309,0.000000,0.000000
C5-12,-3.974863,0.000000,0.000000
C5-13,-5.052186,0.000000,0.000000
C5-14,-5.706448,0.000000,0.000000
C5-15,-4.471312,0.000000,0.000000
C5-16,-12.482358,0.000000,0.000000
C5-17,-9.222991,0.000000,0.000000
C5-18,-22.172285,0.000000,0.000000
C5-19,-9.720275,0.000000,0.000000
C5-20,-0.379374,0.000000,0.000000
C5-21,23.514637,0.000000,0.000000
C5-22,24.904935,0.000000,0.000000
C5-23,25.789016,0.000000,0.000000
C5-24,18.012332,0.000000,0.000000
C6-1,125.607214,0.000000,0.000000
C6-2,113.987298,0.000000,0.000000
C6-3,74.433474,0.000000,0.000000
C6-4,46.686133,0.000000,0.000000
C6-5,35.150899,0.000000,0.000000
C6-6,33.163122,0.000000,0.000000
C6-7,34.867124,0.000000,0.000000
C6-8,32.399935,0.000000,0.000000
C6-9,44.922400,0.000000,0.000000
C6-10,51.982712,0.000000,0.000000
C6-11,60.297479,0.000000,0.000000
C6-12,53.544010,0.000000,0.000000
C6-13,50.987628,0.000000,0.000000
C6-14,35.590089,0.000000,0.000000
C6-15,41.786046,0.000000,0.000000
C6-16,20.047881,0.000000,0.000000
C6-17,11.178440,0.000000,0.000000
C6-18,5.593248,0.000000,0.000000
C6-19,86.325860,0.000000,0.000000
C6-20,143.229954,0.000000,0.000000
C6-21,175.000000,0.000000,57.218865
C6-22,175.000000,0.000000,57.218865
C6-23,175.000000,0.000000,36.682861
C6-24,175.000000,0.000000,36.682861
C7-1,-5.769689,0.000000,0.000000
C7-2,-15.903729,0.000000,0.000000
C7-3,-81.225621,0.000000,0.000000
C7-4,-120.680959,0.000000,0.000000
C7-5,-143.357120,0.000000,0.000000
C7-6,-150.254798,0.000000,0.000000
C7-7,-150.771499,0.000000,0.000000
C7-8,-145.887841,0.000000,0.000000
C7-9,-165.075261,0.000000,0.000000
C7-10,-190.511076,0.000000,0.000000
C7-11,-203.192613,0.000000,0.000000
C7-12,-177.462151,0.000000,0.000000
C7-13,-168.203519,0.000000,0.000000
C7-14,-189.208466,0.000000,0.000000
C7-15,-195.039842,0.000000,0.000000
C7-16,-168.348246,0.000000,0.000000
C7-17,-149.814270,0.000000,0.000000
C7-18,-169.720826,0.000000,0.000000
C7-19,-130.742150,0.000000,0.000000
C7-20,-59.342117,0.000000,0.000000
C7-21,46.511443,0.000000,0.000000
C7-22,31.924243,0.000000,0.000000
C7-23,5.648659,0.000000,0.000000
C7-24,4.127533,0.000000,0.000000
C8-1,-44.956462,0.000000,0.000000
C8-2,-43.001614,0.000000,0.000000
C8-3,-44.657909,0.000000,0.000000
C8-4,-45.712907,0.000000,0.000000
C8-5,-46.544611,0.000000,0.000000
C8-6,-48.420529,0.000000,0.000000
C8-7,-50.262320,0.000000,0.000000
C8-8,-52.273140,0.000000,0.000000
C8-9,-55.851036,0.000000,0.000000
C8-10,-59.317521,0.000000,0.000000
C8-11,-61.886573,0.000000,0.000000
C8-12,-61.382682,0.000000,0.000000
C8-13,-59.464548,0.000000,0.000000
C8-14,-60.532194,0.000000,0.000000
C8-15,-58.581207,0.000000,0.000000
C8-16,-65.295149,0.000000,0.000000
C8-17,-60.654514,0.000000,0.000000
C8-18,-78.224225,0.000000,0.000000
C8-19,-75.476100,0.000000,0.000000
C8-20,-69.729258,0.000000,0.000000
C8-21,-42.499827,0.000000,0.000000
C8-22,-40.410389,0.000000,0.000000
C8-23,-36.329452,0.000000,0.000000
C8-24,-44.943849,0.000000,0.000000
C9-1,-16.733311,0.000000,0.000000
C9-2,-18.205920,0.000000,0.000000
C9-3,-27.002764,0.000000,0.000000
C9-4,-33.034660,0.000000,0.000000
C9-5,-35.846561,0.000000,0.000000
C9-6,-36.040856,0.000000,0.000000
C9-7,-36.870726,0.000000,0.000000
C9-8,-38.244957,0.000000,0.000000
C9-9,-39.499568,0.000000,0.000000
C9-10,-43.393546,0.000000,0.000000
C9-11,-44.804317,0.000000,0.000000
C9-12,-47.599311,0.000000,0.000000
C9-13,-48.506490,0.000000,0.000000
C9-14,-48.664019,0.000000,0.000000
C9-15,-45.759487,0.000000,0.000000
C9-16,-58.099139,0.000000,0.000000
C9-17,-53.217129,0.000000,0.000000
C9-18,-78.728047,0.000000,0.000000
C9-19,-60.695753,0.000000,0.000000
C9-20,-44.755703,0.000000,0.000000
C9-21,-4.551111,0.000000,0.000000
C9-22,-0.533678,0.000000,0.000000
C9-23,3.507587,0.000000,0.000000
C9-24,-7.063415,0.000000,0.000000
C10-1,-47.488404,0.000000,0.000000
C10-2,-46.898863,0.000000,0.000000
C10-3,-51.717623,0.000000,0.000000
C10-4,-54.920794,0.000000,0.000000
C10-5,-56.699128,0.000000,0.000000
C10-6,-57.362034,0.000000,0.000000
C10-7,-59.059480,0.000000,0.000000
C10-8,-60.884171,0.000000,0.000000
C10-9,-64.874089,0.000000,0.000000
C10-10,-70.811047,0.000000,0.000000
C10-11,-74.103063,0.000000,0.000000
C10-12,-75.911592,0.000000,0.000000
C10-13,-75.805745,0.000000,0.000000
C10-14,-74.609959,0.000000,0.000000
C10-15,-71.718385,0.000000,0.000000
C10-16,-78.610798,0.000000,0.000000
C10-17,-76.384016,0.000000,0.000000
C10-18,-97.421890,0.000000,0.000000
C10-19,-87.744951,0.000000,0.000000
C10-20,-76.317368,0.000000,0.000000
C10-21,-50.207602,0.000000,0.000000
C10-22,-45.461405,0.000000,0.000000
C10-23,-39.952205,0.000000,0.000000
C10-24,-43.534014,0.000000,0.000000
C11-1,-53.404777,0.000000,0.000000
C11-2,-51.150743,0.000000,0.000000
C11-3,-50.063271,0.000000,0.000000
C11-4,-49.173521,0.000000,0.000000
C11-5,-49.173521,0.000000,0.000000
C11-6,-50.043499,0.000000,0.000000
C11-7,-51.763682,0.000000,0.000000
C11-8,-53.187283,0.000000,0.000000
C11-9,-57.794211,0.000000,0.000000
C11-10,-62.717494,0.000000,0.000000
C11-11,-66.157861,0.000000,0.000000
C11-12,-66.118317,0.000000,0.000000
C11-13,-65.030845,0.000000,0.000000
C11-14,-63.330433,0.000000,0.000000
C11-15,-61.807972,0.000000,0.000000
C11-16,-60.779817,0.000000,0.000000
C11-17,-61.728883,0.000000,0.000000
C11-18,-69.163239,0.000000,0.000000
C11-19,-71.713856,0.000000,0.000000
C11-20,-69.795951,0.000000,0.000000
C11-21,-55.069875,0.000000,0.000000
C11-22,-49.659750,0.000000,0.000000
C11-23,-60.423916,0.000000,0.000000
C11-24,-56.568333,0.000000,0.000000
C12-1-1,-79.931971,0.000000,0.000000
C12-1-2,-75.433476,0.000000,0.000000
C12-1-3,-71.170303,0.000000,0.000000
C12-1-4,-68.039057,0.000000,0.000000
C12-1-5,-67.257860,0.000000,0.000000
C12-1-6,-69.445333,0.000000,0.000000
C12-1-7,-72.166906,0.000000,0.000000
C12-1-8,-74.437918,0.000000,0.000000
C12-1-9,-81.204783,0.000000,0.000000
C12-1-10,-86.903677,0.000000,0.000000
C12-1-11,-91.645524,0.000000,0.000000
C12-1-12,-88.493418,0.000000,0.000000
C12-1-13,-76.387009,0.000000,0.000000
C12-1-14,-85.815524,0.000000,0.000000
C12-1-15,-84.247230,0.000000,0.000000
C12-1-16,-82.028873,0.000000,0.000000
C12-1-17,-81.995874,0.000000,0.000000
C12-1-18,-58.076057,0.000000,0.000000
C12-1-19,-99.528932,0.000000,0.000000
C12-1-20,-86.540210,0.000000,0.000000
C12-1-21,-91.120051,0.000000,0.000000
C12-1-22,-88.706569,0.000000,0.000000
C12-1-23,-90.825548,0.000000,0.000000
C12-1-24,-87.982326,0.000000,0.000000
C13-2-1,-46.530541,0.000000,0.000000
C13-2-2,-45.691485,0.000000,0.000000
C13-2-3,-47.379523,0.000000,0.000000
C13-2-4,-48.403841,0.000000,0.000000
C13-2-5,-49.185038,0.000000,0.000000
C13-2-6,-49.057672,0.000000,0.000000
C13-2-7,-50.409494,0.000000,0.000000
C13-2-8,-51.509567,0.000000,0.000000
C13-2-9,-55.651908,0.000000,0.000000
C13-2-10,-61.611350,0.000000,0.000000
C13-2-11,-65.016292,0.000000,0.000000
C13-2-12,-65.374756,0.000000,0.000000
C13-2-13,-56.672698,0.000000,0.000000
C13-2-14,-64.150942,0.000000,0.000000
C13-2-15,-62.114048,0.000000,0.000000
C13-2-16,-61.897732,0.000000,0.000000
C13-2-17,-64.178122,0.000000,0.000000
C13-2-18,-41.894161,0.000000,0.000000
C13-2-19,-70.289479,0.000000,0.000000
C13-2-20,-49.378267,0.000000,0.000000
C13-2-21,-53.694699,0.000000,0.000000
C13-2-22,-49.428505,0.000000,0.000000
C13-2-23,-52.258287,0.000000,0.000000
C13-2-24,-45.971486,0.000000,0.000000
C14-1,-34.743306,0.000000,0.000000
C14-2,-40.083931,0.000000,0.000000
C14-3,-59.458578,0.000000,0.000000
C14-4,-72.634989,0.000000,0.000000
C14-5,-78.722741,0.000000,0.000000
C14-6,-75.254036,0.000000,0.000000
C14-7,-75.180112,0.000000,0.000000
C14-8,-73.982809,0.000000,0.000000
C14-9,-81.528007,0.000000,0.000000
C14-10,-95.180385,0.000000,0.000000
C14-11,-99.895311,0.000000,0.000000
C14-12,-99.822662,0.000000,0.000000
C14-13,-91.532888,0.000000,0.000000
C14-14,-102.448299,0.000000,0.000000
C14-15,-92.410417,0.000000,0.000000
C14-16,-112.379272,0.000000,0.000000
C14-17,-103.719939,0.000000,0.000000
C14-18,-112.432788,0.000000,0.000000
C14-19,-98.303500,0.000000,0.000000
C14-20,-54.495766,0.000000,0.000000
C14-21,-27.406541,0.000000,0.000000
C14-22,-24.765269,0.000000,0.000000
C14-23,-22.557442,0.000000,0.000000
C14-24,-17.619889,0.000000,0.000000
C15-1,-29.096267,0.000000,0.000000
C15-2,-34.291568,0.000000,0.000000
C15-3,-51.024739,0.000000,0.000000
C15-4,-62.440438,0.000000,0.000000
C15-5,-67.605094,0.000000,0.000000
C15-6,-64.301270,0.000000,0.000000
C15-7,-65.617812,0.000000,0.000000
C15-8,-68.773843,0.000000,0.000000
C15-9,-67.550640,0.000000,0.000000
C15-10,-78.020926,0.000000,0.000000
C15-11,-81.485312,0.000000,0.000000
C15-12,-85.791738,0.000000,0.000000
C15-13,-83.374224,0.000000,0.000000
C15-14,-96.971937,0.000000,0.000000
C15-15,-95.163135,0.000000,0.000000
C15-16,-99.988612,0.000000,0.000000
C15-17,-114.172446,0.000000,0.000000
C15-18,-115.102781,0.000000,0.000000
C15-19,-90.775072,0.000000,0.000000
C15-20,-54.449747,0.000000,0.000000
C15-21,-24.676514,0.000000,0.000000
C15-22,-18.879945,0.000000,0.000000
C15-23,-10.641040,0.000000,0.000000
C15-24,-4.268619,0.000000,0.000000
C16-1,-99.897101,0.000000,0.000000
C16-2,-98.234696,0.000000,0.000000
C16-3,-106.378544,0.000000,0.000000
C16-4,-111.707598,0.000000,0.000000
C16-5,-114.861684,0.000000,0.000000
C16-6,-115.821525,0.000000,0.000000
C16-7,-118.397329,0.000000,0.000000
C16-8,-119.448401,0.000000,0.000000
C16-9,-132.184231,0.000000,0.000000
C16-10,-145.534141,0.000000,0.000000
C16-11,-152.906002,0.000000,0.000000
C16-12,-146.038422,0.000000,0.000000
C16-13,-131.037847,0.000000,0.000000
C16-14,-145.888845,0.000000,0.000000
C16-15,-136.609479,0.000000,0.000000
C16-16,-152.998978,0.000000,0.000000
C16-17,-139.734673,0.000000,0.000000
C16-18,-145.410483,0.000000,0.000000
C16-19,-156.342113,0.000000,0.000000
C16-20,-127.219027,0.000000,0.000000
C16-21,-100.239233,0.000000,0.000000
C16-22,-101.144400,0.000000,0.000000
C16-23,-97.528360,0.000000,0.000000
C16-24,-99.182047,0.000000,0.000000
C17-1,-94.166607,0.000000,0.000000
C17-2,-92.356732,0.000000,0.000000
C17-3,-97.820068,0.000000,0.000000
C17-4,-101.362389,0.000000,0.000000
C17-5,-103.579736,0.000000,0.000000
C17-6,-104.706896,0.000000,0.000000
C17-7,-108.693715,0.000000,0.000000
C17-8,-114.162455,0.000000,0.000000
C17-9,-118.000302,0.000000,0.000000
C17-10,-128.121094,0.000000,0.000000
C17-11,-134.223933,0.000000,0.000000
C17-12,-131.800145,0.000000,0.000000
C17-13,-122.758612,0.000000,0.000000
C17-14,-140.331551,0.000000,0.000000
C17-15,-139.402878,0.000000,0.000000
C17-16,-140.425205,0.000000,0.000000
C17-17,-150.341651,0.000000,0.000000
C17-18,-148.119934,0.000000,0.000000
C17-19,-148.702427,0.000000,0.000000
C17-20,-127.172328,0.000000,0.000000
C17-21,-97.468861,0.000000,0.000000
C17-22,-95.172101,0.000000,0.000000
C17-23,-85.435854,0.000000,0.000000
C17-24,-85.633468,0.000000,0.000000
C18-1,-62.382579,0.000000,0.000000
C18-2,-64.524739,0.000000,0.000000
C18-3,-68.440169,0.000000,0.000000
C18-4,-71.194836,0.000000,0.000000
C18-5,-72.229425,0.000000,0.000000
C18-6,-71.280694,0.000000,0.000000
C18-7,-73.721511,0.000000,0.000000
C18-8,-81.227815,0.000000,0.000000
C18-9,-67.864645,0.000000,0.000000
C18-10,-67.107895,0.000000,0.000000
C18-11,-66.388549,0.000000,0.000000
C18-12,-81.619510,0.000000,0.000000
C18-13,-50.344559,0.000000,0.000000
C18-14,-65.849508,0.000000,0.000000
C18-15,-57.574574,0.000000,0.000000
C18-16,-128.206685,0.000000,0.000000
C18-17,-134.252237,0.000000,0.000000
C18-18,-121.979310,0.000000,0.000000
C18-19,-80.175995,0.000000,0.000000
C18-20,-53.806467,0.000000,0.000000
C18-21,-64.847455,0.000000,0.000000
C18-22,-52.753219,0.000000,0.000000
C18-23,-7.828296,0.000000,0.000000
C18-24,4.065087,0.000000,0.000000
C19-1,-72.257829,0.000000,0.000000
C19-2,-73.793888,0.000000,0.000000
C19-3,-97.396953,0.000000,0.000000
C19-4,-113.147751,0.000000,0.000000
C19-5,-121.355000,0.000000,0.000000
C19-6,-119.794866,0.000000,0.000000
C19-7,-119.855930,0.000000,0.000000
C19-8,-112.203395,0.000000,0.000000
C19-9,-145.847594,0.000000,0.000000
C19-10,-173.606631,0.000000,0.000000
C19-11,-186.412764,0.000000,0.000000
C19-12,-164.241574,0.000000,0.000000
C19-13,-172.226176,0.000000,0.000000
C19-14,-182.487637,0.000000,0.000000
C19-15,-171.445322,0.000000,0.000000
C19-16,-137.171566,0.000000,0.000000
C19-17,-109.202375,0.000000,0.000000
C19-18,-135.863961,0.000000,0.000000
C19-19,-174.469618,0.000000,0.000000
C19-20,-127.908325,0.000000,0.000000
C19-21,-62.798318,0.000000,0.000000
C19-22,-73.156450,0.000000,0.000000
C19-23,-112.257506,0.000000,0.000000
C19-24,-120.867023,0.000000,0.000000
C20-1,-72.561368,0.000000,0.000000
C20-2,-74.965473,0.000000,0.000000
C20-3,-83.642163,0.000000,0.000000
C20-4,-89.570514,0.000000,0.000000
C20-5,-92.268984,0.000000,0.000000
C20-6,-91.023055,0.000000,0.000000
C20-7,-90.957556,0.000000,0.000000
C20-8,-90.616977,0.000000,0.000000
C20-9,-93.058850,0.000000,0.000000
C20-10,-98.037820,0.000000,0.000000
C20-11,-99.572573,0.000000,0.000000
C20-12,-106.910250,0.000000,0.000000
C20-13,-65.050551,0.000000,0.000000
C20-14,-75.720651,0.000000,0.000000
C20-15,-52.612800,0.000000,0.000000
C20-16,-150.540850,0.000000,0.000000
C20-17,-115.411592,0.000000,0.000000
C20-18,-117.166648,0.000000,0.000000
C20-19,-93.745986,0.000000,0.000000
C20-20,-53.889416,0.000000,0.000000
C20-21,-69.768328,0.000000,0.000000
C20-22,-63.361516,0.000000,0.000000
C20-23,-29.307611,0.000000,0.000000
C20-24,-20.000577,0.000000,0.000000
C21-1,-50.701506,0.000000,0.000000
C21-2,-51.682827,0.000000,0.000000
C21-3,-65.202644,0.000000,0.000000
C21-4,-74.232313,0.000000,0.000000
C21-5,-78.915845,0.000000,0.000000
C21-6,-77.985111,0.000000,0.000000
C21-7,-83.353970,0.000000,0.000000
C21-8,-92.319321,0.000000,0.000000
C21-9,-92.492093,0.000000,0.000000
C21-10,-108.104199,0.000000,0.000000
C21-11,-116.136672,0.000000,0.000000
C21-12,-100.881634,0.000000,0.000000
C21-13,-94.915618,0.000000,0.000000
C21-14,-97.582837,0.000000,0.000000
C21-15,-111.169880,0.000000,0.000000
C21-16,-89.872967,0.000000,0.000000
C21-17,-77.519173,0.000000,0.000000
C21-18,-77.106068,0.000000,0.000000
C21-19,-83.773179,0.000000,0.000000
C21-20,-82.490992,0.000000,0.000000
C21-21,-40.077048,0.000000,0.000000
C21-22,-50.690530,0.000000,0.000000
C21-23,-66.769283,0.000000,0.000000
C21-24,-69.901510,0.000000,0.000000
C22-1,-16.495407,0.000000,0.000000
C22-2,-16.263121,0.000000,0.000000
C22-3,-26.549800,0.000000,0.000000
C22-4,-33.346548,0.000000,0.000000
C22-5,-37.079607,0.000000,0.000000
C22-6,-36.729300,0.000000,0.000000
C22-7,-42.751407,0.000000,0.000000
C22-8,-52.935164,0.000000,0.000000
C22-9,-51.780555,0.000000,0.000000
C22-10,-66.440137,0.000000,0.000000
C22-11,-74.549122,0.000000,0.000000
C22-12,-53.492259,0.000000,0.000000
C22-13,-69.935500,0.000000,0.000000
C22-14,-67.022344,0.000000,0.000000
C22-15,-94.920275,0.000000,0.000000
C22-16,-17.146173,0.000000,0.000000
C22-17,-22.754061,0.000000,0.000000
C22-18,-21.325166,0.000000,0.000000
C22-19,-41.680357,0.000000,0.000000
C22-20,-62.240623,0.000000,0.000000
C22-21,-6.190735,0.000000,0.000000
C22-22,-21.558951,0.000000,0.000000
C22-23,-58.274197,0.000000,0.000000
C22-24,-66.901365,0.000000,0.000000
C23-1,-155.142043,0.000000,0.000000
C23-2,-153.179842,0.000000,0.000000
C23-3,-175.095150,0.000000,0.000000
C23-4,-189.465055,0.000000,0.000000
C23-5,-197.672305,0.000000,0.000000
C23-6,-197.462377,0.000000,0.000000
C23-7,-200.193165,0.000000,0.000000
C23-8,-194.750058,0.000000,0.000000
C23-9,-235.544209,0.000000,0.000000
C23-10,-270.944182,0.000000,0.000000
C23-11,-289.089765,0.000000,0.000000
C23-12,-236.840535,0.000000,0.000000
C23-13,-171.779047,0.000000,0.000000
C23-14,-160.396754,0.000000,0.000000
C23-15,-203.496295,0.000000,0.000000
C23-16,-130.018508,0.000000,0.000000
C23-17,-105.505602,0.000000,0.000000
C23-18,-82.638642,0.000000,0.000000
C23-19,-135.536190,0.000000,0.000000
C23-20,-182.048308,0.000000,0.000000
C23-21,-129.985925,0.000000,0.000000
C23-22,-173.531964,0.000000,0.000000
C23-23,-206.035425,0.000000,0.000000
C23-24,-208.661076,0.000000,0.000000
C24-1,32.059166,0.000000,0.000000
C24-2,8.377567,0.000000,0.000000
C24-3,25.939419,0.000000,0.000000
C24-4,-5.570865,0.000000,0.000000
C24-5,17.028685,0.000000,0.000000
C24-6,81.043608,0.000000,0.000000
C24-7,87.891453,0.000000,0.000000
C24-8,75.080516,0.000000,0.000000
C24-9,54.557969,0.000000,0.000000
C24-10,48.429465,0.000000,0.000000
C24-11,90.414327,0.000000,0.000000
C24-12,9.699862,0.000000,0.000000
C24-13,-30.653674,0.000000,0.000000
C24-14,-53.880874,0.000000,0.000000
C24-15,-31.732902,0.000000,0.000000
C24-16,-64.592611,0.000000,0.000000
C24-17,-88.708135,0.000000,0.000000
C24-18,-91.935728,0.000000,0.000000
C24-19,-27.882340,0.000000,0.000000
C24-20,20.454313,0.000000,0.000000
C24-21,43.034890,0.000000,0.000000
C24-22,58.201805,0.000000,0.000000
C24-23,72.181756,0.000000,0.000000
C24-24,79.209621,0.000000,0.000000
C25-1-1,-86.631685,0.000000,0.000000
C25-1-2,-76.999791,0.000000,0.000000
C25-1-3,-117.062748,0.000000,0.000000
C25-1-4,-119.907072,0.000000,0.000000
C25-1-5,-142.544927,0.000000,0.000000
C25-1-6,-135.950139,0.000000,0.000000
C25-1-7,-135.467825,0.000000,0.000000
C25-1-8,-128.425653,0.000000,0.000000
C25-1-9,-171.749839,0.000000,0.000000
C25-1-10,-193.287450,0.000000,0.000000
C25-1-11,-181.191638,0.000000,0.000000
C25-1-12,-167.256533,0.000000,0.000000
C25-1-13,-109.038200,0.000000,0.000000
C25-1-14,-98.637619,0.000000,0.000000
C25-1-15,-111.171812,0.000000,0.000000
C25-1-16,-95.909125,0.000000,0.000000
C25-1-17,-74.050292,0.000000,0.000000
C25-1-18,-76.449870,0.000000,0.000000
C25-1-19,-95.604742,0.000000,0.000000
C25-1-20,-89.803647,0.000000,0.000000
C25-1-21,-74.263991,0.000000,0.000000
C25-1-22,-95.146611,0.000000,0.000000
C25-1-23,-109.884075,0.000000,0.000000
C25-1-24,-109.269690,0.000000,0.000000
C25-2-1,-86.631685,0.000000,0.000000
C25-2-2,-76.999791,0.000000,0.000000
C25-2-3,-117.062748,0.000000,0.000000
C25-2-4,-119.907072,0.000000,0.000000
C25-2-5,-142.544927,0.000000,0.000000
C25-2-6,-135.950139,0.000000,0.000000
C25-2-7,-135.467825,0.000000,0.000000
C25-2-8,-128.425653,0.000000,0.000000
C25-2-9,-171.749839,0.000000,0.000000
C25-2-10,-193.287450,0.000000,0.000000
C25-2-11,-181.191638,0.000000,0.000000
C25-2-12,-167.256533,0.000000,0.000000
C25-2-13,-109.038200,0.000000,0.000000
C25-2-14,-98.637619,0.000000,0.000000
C25-2-15,-111.171812,0.000000,0.000000
C25-2-16,-95.909125,0.000000,0.000000
C25-2-17,-74.050292,0.000000,0.000000
C25-2-18,-76.449870,0.000000,0.000000
C25-2-19,-95.604742,0.000000,0.000000
C25-2-20,-89.803647,0.000000,0.000000
C25-2-21,-74.263991,0.000000,0.000000
C25-2-22,-95.146611,0.000000,0.000000
C25-2-23,-109.884075,0.000000,0.000000
C25-2-24,-109.269690,0.000000,0.000000
C26-1,5.769689,0.000000,0.000000
C26-2,15.903729,0.000000,0.000000
C26-3,81.225621,0.000000,0.000000
C26-4,120.680959,0.000000,0.000000
C26-5,143.357120,0.000000,0.000000
C26-6,150.254798,0.000000,0.000000
C26-7,150.771499,0.000000,0.000000
C26-8,145.887841,0.000000,0.000000
C26-9,165.075261,0.000000,0.000000
C26-10,190.511076,0.000000,0.000000
C26-11,203.192613,0.000000,0.000000
C26-12,157.137151,0.000000,0.000000
C26-13,83.811852,0.000000,0.000000
C26-14,90.550132,0.000000,0.000000
C26-15,97.331509,0.000000,0.000000
C26-16,102.273246,0.000000,0.000000
C26-17,80.264270,0.000000,0.000000
C26-18,69.437493,0.000000,0.000000
C26-19,37.225483,0.000000,0.000000
C26-20,-17.849550,0.000000,0.000000
C26-21,-66.344777,0.000000,0.000000
C26-22,-31.924243,0.000000,0.000000
C26-23,-5.648659,0.000000,0.000000
C26-24,-4.127533,0.000000,0.000000
C27-1,-241.020220,0.000000,0.000000
C27-2,-256.113455,0.000000,0.000000
C27-3,-280.715198,0.000000,0.000000
C27-4,-339.510543,0.000000,0.000000
C27-5,-333.534832,0.000000,0.000000
C27-6,-270.875508,0.000000,0.000000
C27-7,-261.082567,0.000000,0.000000
C27-8,-236.091107,0.000000,0.000000
C27-9,-390.361545,0.000000,0.000000
C27-10,-478.270695,0.000000,0.000000
C27-11,-478.122180,0.000000,0.000000
C27-12,-432.962032,0.000000,0.000000
C27-13,-408.514763,0.000000,0.000000
C27-14,-392.133321,0.000000,0.000000
C27-15,-400.996703,0.000000,0.000000
C27-16,-327.610153,0.000000,0.000000
C27-17,-251.797210,0.000000,0.000000
C27-18,-254.832724,0.000000,0.000000
C27-19,-357.019803,0.000000,0.000000
C27-20,-365.789627,0.000000,0.000000
C27-21,-319.169280,0.000000,0.000000
C27-22,-399.196059,0.000000,0.000000
C27-23,-456.604204,0.000000,0.000000
C27-24,-451.345915,0.000000,0.000000
C28-1,199.213522,0.000000,0.000000
C28-2,194.390585,0.000000,0.000000
C28-3,215.508850,0.000000,0.000000
C28-4,229.135806,0.000000,0.000000
C28-5,237.552396,0.000000,0.000000
C28-6,238.421940,0.000000,0.000000
C28-7,231.369909,0.000000,0.000000
C28-8,197.871739,0.000000,0.000000
C28-9,287.139936,0.000000,0.000000
C28-10,329.581983,0.000000,0.000000
C28-11,350.520453,0.000000,0.000000
C28-12,276.926705,0.000000,0.000000
C28-13,154.057366,0.000000,0.000000
C28-14,127.191346,0.000000,0.000000
C28-15,116.321129,0.000000,0.000000
C28-16,84.375181,0.000000,0.000000
C28-17,8.200367,0.000000,0.000000
C28-18,24.927762,0.000000,0.000000
C28-19,136.230189,0.000000,0.000000
C28-20,148.358872,0.000000,0.000000
C28-21,178.010715,0.000000,0.000000
C28-22,232.125944,0.000000,0.000000
C28-23,274.411402,0.000000,0.000000
C28-24,276.639794,0.000000,0.000000
C29-1,123.188206,0.000000,0.000000
C29-2,167.221999,0.000000,0.000000
C29-3,105.753393,0.000000,0.000000
C29-4,175.907767,0.000000,0.000000
C29-5,114.840517,0.000000,0.000000
C29-6,27.280426,0.000000,0.000000
C29-7,16.620313,0.000000,0.000000
C29-8,15.226852,0.000000,0.000000
C29-9,103.988951,0.000000,0.000000
C29-10,159.729052,0.000000,0.000000
C29-11,159.515626,0.000000,0.000000
C29-12,192.087208,0.000000,0.000000
C29-13,298.213804,0.000000,0.000000
C29-14,313.757683,0.000000,0.000000
C29-15,283.647722,0.000000,0.000000
C29-16,260.048809,0.000000,0.000000
C29-17,243.114672,0.000000,0.000000
C29-18,253.250959,0.000000,0.000000
C29-19,279.832466,0.000000,0.000000
C29-20,265.911173,0.000000,0.000000
C29-21,232.389501,0.000000,0.000000
C29-22,258.048356,0.000000,0.000000
C29-23,272.329661,0.000000,0.000000
C29-24,259.010739,0.000000,0.000000
C30-1,-53.883426,0.000000,0.000000
C30-2,-45.393787,0.000000,0.000000
C30-3,-55.385258,0.000000,0.000000
C30-4,-20.451644,0.000000,0.000000
C30-5,-31.750349,0.000000,0.000000
C30-6,-64.280934,0.000000,0.000000
C30-7,-76.836212,0.000000,0.000000
C30-8,-71.901293,0.000000,0.000000
C30-9,-57.175496,0.000000,0.000000
C30-10,-44.758080,0.000000,0.000000
C30-11,-36.354473,0.000000,0.000000
C30-12,-28.690907,0.000000,0.000000
C30-13,-5.061901,0.000000,0.000000
C30-14,25.967329,0.000000,0.000000
C30-15,-14.380993,0.000000,0.000000
C30-16,-13.850629,0.000000,0.000000
C30-17,-2.810011,0.000000,0.000000
C30-18,-12.025349,0.000000,0.000000
C30-19,-18.027270,0.000000,0.000000
C30-20,-19.167466,0.000000,0.000000
C30-21,-25.183781,0.000000,0.000000
C30-22,-22.677748,0.000000,0.000000
C30-23,-20.108865,0.000000,0.000000
C30-24,-23.439988,0.000000,0.000000
C31-1-1,-9.541060,0.000000,0.000000
C31-1-2,15.478209,0.000000,0.000000
C31-1-3,-13.807581,0.000000,0.000000
C31-1-4,22.454753,0.000000,0.000000
C31-1-5,-8.078872,0.000000,0.000000
C31-1-6,-53.017727,0.000000,0.000000
C31-1-7,-60.639069,0.000000,0.000000
C31-1-8,-63.232034,0.000000,0.000000
C31-1-9,-24.987413,0.000000,0.000000
C31-1-10,-3.675177,0.000000,0.000000
C31-1-11,-8.364458,0.000000,0.000000
C31-1-12,7.974006,0.000000,0.000000
C31-1-13,62.485817,0.000000,0.000000
C31-1-14,72.522704,0.000000,0.000000
C31-1-15,59.495642,0.000000,0.000000
C31-1-16,49.065689,0.000000,0.000000
C31-1-17,39.334464,0.000000,0.000000
C31-1-18,34.500044,0.000000,0.000000
C31-1-19,44.393377,0.000000,0.000000
C31-1-20,39.987380,0.000000,0.000000
C31-1-21,25.939214,0.000000,0.000000
C31-1-22,42.877152,0.000000,0.000000
C31-1-23,55.680174,0.000000,0.000000
C31-1-24,54.156350,0.000000,0.000000
C31-2-1,-9.541060,0.000000,0.000000
C31-2-2,15.478209,0.000000,0.000000
C31-2-3,-13.807581,0.000000,0.000000
C31-2-4,22.454753,0.000000,0.000000
C31-2-5,-8.078872,0.000000,0.000000
C31-2-6,-53.017727,0.000000,0.000000
C31-2-7,-60.639069,0.000000,0.000000
C31-2-8,-63.232034,0.000000,0.000000
C31-2-9,-24.987413,0.000000,0.000000
C31-2-10,-3.675177,0.000000,0.000000
C31-2-11,-8.364458,0.000000,0.000000
C31-2-12,7.974006,0.000000,0.000000
C31-2-13,62.485817,0.000000,0.000000
C31-2-14,72.522704,0.000000,0.000000
C31-2-15,59.495642,0.000000,0.000000
C31-2-16,49.065689,0.000000,0.000000
C31-2-17,39.334464,0.000000,0.000000
C31-2-18,34.500044,0.000000,0.000000
C31-2-19,44.393377,0.000000,0.000000
C31-2-20,39.987380,0.000000,0.000000
C31-2-21,25.939214,0.000000,0.000000
C31-2-22,42.877152,0.000000,0.000000
C31-2-23,55.680174,0.000000,0.000000
C31-2-24,54.156350,0.000000,0.000000
C32-1-1,60.941702,0.000000,0.000000
C32-1-2,60.162154,0.000000,0.000000
C32-1-3,71.508617,0.000000,0.000000
C32-1-4,78.966274,0.000000,0.000000
C32-1-5,83.174569,0.000000,0.000000
C32-1-6,82.979477,0.000000,0.000000
C32-1-7,78.208049,0.000000,0.000000
C32-1-8,60.428277,0.000000,0.000000
C32-1-9,101.726960,0.000000,0.000000
C32-1-10,119.383525,0.000000,0.000000
C32-1-11,127.361935,0.000000,0.000000
C32-1-12,105.818691,0.000000,0.000000
C32-1-13,87.771352,0.000000,0.000000
C32-1-14,85.002773,0.000000,0.000000
C32-1-15,81.074093,0.000000,0.000000
C32-1-16,66.720503,0.000000,0.000000
C32-1-17,27.400139,0.000000,0.000000
C32-1-18,30.389695,0.000000,0.000000
C32-1-19,83.410929,0.000000,0.000000
C32-1-20,77.776334,0.000000,0.000000
C32-1-21,51.305877,0.000000,0.000000
C32-1-22,69.238312,0.000000,0.000000
C32-1-23,93.458785,0.000000,0.000000
C32-1-24,97.364424,0.000000,0.000000
C32-2-1,60.941702,0.000000,0.000000
C32-2-2,60.162154,0.000000,0.000000
C32-2-3,71.508617,0.000000,0.000000
C32-2-4,78.966274,0.000000,0.000000
C32-2-5,83.174569,0.000000,0.000000
C32-2-6,82.979477,0.000000,0.000000
C32-2-7,78.208049,0.000000,0.000000
C32-2-8,60.428277,0.000000,0.000000
C32-2-9,101.726960,0.000000,0.000000
C32-2-10,119.383525,0.000000,0.000000
C32-2-11,127.361935,0.000000,0.000000
C32-2-12,105.818691,0.000000,0.000000
C32-2-13,87.771352,0.000000,0.000000
C32-2-14,85.002773,0.000000,0.000000
C32-2-15,81.074093,0.000000,0.000000
C32-2-16,66.720503,0.000000,0.000000
C32-2-17,27.400139,0.000000,0.000000
C32-2-18,30.389695,0.000000,0.000000
C32-2-19,83.410929,0.000000,0.000000
C32-2-20,77.776334,0.000000,0.000000
C32-2-21,51.305877,0.000000,0.000000
C32-2-22,69.238312,0.000000,0.000000
C32-2-23,93.458785,0.000000,0.000000
C32-2-24,97.364424,0.000000,0.000000
C33-1-1,33.598456,0.000000,0.000000
C33-1-2,33.972974,0.000000,0.000000
C33-1-3,45.876222,0.000000,0.000000
C33-1-4,53.789431,0.000000,0.000000
C33-1-5,57.997726,0.000000,0.000000
C33-1-6,57.357205,0.000000,0.000000
C33-1-7,51.705043,0.000000,0.000000
C33-1-8,33.196389,0.000000,0.000000
C33-1-9,72.136324,0.000000,0.000000
C33-1-10,87.272168,0.000000,0.000000
C33-1-11,93.489110,0.000000,0.000000
C33-1-12,77.186946,0.000000,0.000000
C33-1-13,82.425559,0.000000,0.000000
C33-1-14,82.302591,0.000000,0.000000
C33-1-15,103.045078,0.000000,0.000000
C33-1-16,53.509570,0.000000,0.000000
C33-1-17,50.136617,0.000000,0.000000
C33-1-18,49.215617,0.000000,0.000000
C33-1-19,62.726768,0.000000,0.000000
C33-1-20,72.365807,0.000000,0.000000
C33-1-21,23.133892,0.000000,0.000000
C33-1-22,36.124741,0.000000,0.000000
C33-1-23,62.521740,0.000000,0.000000
C33-1-24,68.401438,0.000000,0.000000
C33-2-1,33.598456,0.000000,0.000000
C33-2-2,33.972974,0.000000,0.000000
C33-2-3,45.876222,0.000000,0.000000
C33-2-4,53.789431,0.000000,0.000000
C33-2-5,57.997726,0.000000,0.000000
C33-2-6,57.357205,0.000000,0.000000
C33-2-7,51.705043,0.000000,0.000000
C33-2-8,33.196389,0.000000,0.000000
C33-2-9,72.136324,0.000000,0.000000
C33-2-10,87.272168,0.000000,0.000000
C33-2-11,93.489110,0.000000,0.000000
C33-2-12,77.186946,0.000000,0.000000
C33-2-13,82.425559,0.000000,0.000000
C33-2-14,82.302591,0.000000,0.000000
C33-2-15,103.045078,0.000000,0.000000
C33-2-16,53.509570,0.000000,0.000000
C33-2-17,50.136617,0.000000,0.000000
C33-2-18,49.215617,0.000000,0.000000
C33-2-19,62.726768,0.000000,0.000000
C33-2-20,72.365807,0.000000,0.000000
C33-2-21,23.133892,0.000000,0.000000
C33-2-22,36.124741,0.000000,0.000000
C33-2-23,62.521740,0.000000,0.000000
C33-2-24,68.401438,0.000000,0.000000
C34-1,-104.916574,0.000000,0.000000
C34-2,-110.439546,0.000000,0.000000
C34-3,-102.014742,0.000000,0.000000
C34-4,-76.381690,0.000000,0.000000
C34-5,-69.580930,0.000000,0.000000
C34-6,-84.602399,0.000000,0.000000
C34-7,-98.880454,0.000000,0.000000
C34-8,-89.982041,0.000000,0.000000
C34-9,-100.141171,0.000000,0.000000
C34-10,-100.591920,0.000000,0.000000
C34-11,-85.778860,0.000000,0.000000
C34-12,-86.898387,0.000000,0.000000
C34-13,-93.104766,0.000000,0.000000
C34-14,-52.229829,0.000000,0.000000
C34-15,-103.352340,0.000000,0.000000
C34-16,-93.686871,0.000000,0.000000
C34-17,-69.431656,0.000000,0.000000
C34-18,-83.899651,0.000000,0.000000
C34-19,-102.422730,0.000000,0.000000
C34-20,-99.632534,0.000000,0.000000
C34-21,-96.649553,0.000000,0.000000
C34-22,-104.538919,0.000000,0.000000
C34-23,-108.407802,0.000000,0.000000
C34-24,-110.226679,0.000000,0.000000
C35-1,0.000000,0.000000,0.000000
C35-2,0.000000,0.000000,0.000000
C35-3,0.000000,0.000000,0.000000
C35-4,0.000000,0.000000,0.000000
C35-5,0.000000,0.000000,0.000000
C35-6,0.000000,0.000000,0.000000
C35-7,0.000000,0.000000,0.000000
C35-8,0.000000,0.000000,0.000000
C35-9,0.000000,0.000000,0.000000
C35-10,0.000000,0.000000,0.000000
C35-11,0.000000,0.000000,0.000000
C35-12,0.000000,0.000000,0.000000
C35-13,0.000000,0.000000,0.000000
C35-14,0.000000,0.000000,0.000000
C35-15,0.000000,0.000000,0.000000
C35-16,0.000000,0.000000,0.000000
C35-17,0.000000,0.000000,0.000000
C35-18,0.000000,0.000000,0.000000
C35-19,0.000000,0.000000,0.000000
C35-20,0.000000,0.000000,0.000000
C35-21,0.000000,0.000000,0.000000
C35-22,0.000000,0.000000,0.000000
C35-23,0.000000,0.000000,0.000000
C35-24,0.000000,0.000000,0.000000
