,hour,SegmentOffer,SegmentDispatch,SegmentEmissions,Commitment,Startup,Shutdown,MaxDual,MinDual,DMaxDual,DMinDual,RampMaxDual,RampMinDual,StartShutDual,Zone,LMP,MarginalCost,Profit,PreviousOffer,AvailableSegmentCapacity
322_HYDRO_1-0,1,0.000000,21.287500,0.000000,1.000000,0.000000,0.000000,0.000000,0.000000,0.000000,0.000000,0.000000,0.000000,0.000000,322,0.000000,0.000000,0.0,0.000000,21.287500
322_HYDRO_1-1,1,0.000000,0.000000,0.000000,1.000000,0.000000,0.000000,0.000000,0.000000,0.000000,0.000000,0.000000,0.000000,0.000000,322,0.000000,0.000000,0.0,0.000000,0.000000
322_HYDRO_1-2,1,0.000000,0.000000,0.000000,1.000000,0.000000,0.000000,0.000000,0.000000,0.000000,0.000000,0.000000,0.000000,0.000000,322,0.000000,0.000000,0.0,0.000000,0.000000
322_HYDRO_1-3,1,0.000000,0.000000,0.000000,1.000000,0.000000,0.000000,0.000000,0.000000,0.000000,0.000000,0.000000,0.000000,0.000000,322,0.000000,0.000000,0.0,0.000000,0.000000
322_HYDRO_4-0,1,0.000000,21.287500,0.000000,1.000000,0.000000,0.000000,0.000000,0.000000,0.000000,0.000000,0.000000,0.000000,0.000000,322,0.000000,0.000000,0.0,0.000000,21.287500
322_HYDRO_4-1,1,0.000000,0.000000,0.000000,1.000000,0.000000,0.000000,0.000000,0.000000,0.000000,0.000000,0.000000,0.000000,0.000000,322,0.000000,0.000000,0.0,0.000000,0.000000
322_HYDRO_4-2,1,0.000000,0.000000,0.000000,1.000000,0.000000,0.000000,0.000000,0.000000,0.000000,0.000000,0.000000,0.000000,0.000000,322,0.000000,0.000000,0.0,0.000000,0.000000
322_HYDRO_4-3,1,0.000000,0.000000,0.000000,1.000000,0.000000,0.000000,0.000000,0.000000,0.000000,0.000000,0.000000,0.000000,0.000000,322,0.000000,0.000000,0.0,0.000000,0.000000
315_CT_6-0,1,26.401998,0.000000,0.000000,1.000000,0.000000,0.000000,0.000000,0.000000,0.000000,26.401998,0.000000,0.000000,0.000000,315,0.000000,26.401998,-0.0,26.401998,22.000000
315_CT_6-1,1,26.401998,0.000000,0.000000,1.000000,0.000000,0.000000,0.000000,0.000000,0.000000,26.401998,0.000000,0.000000,0.000000,315,0.000000,26.401998,-0.0,26.401998,11.000000
315_CT_6-2,1,26.895675,0.000000,0.000000,1.000000,0.000000,0.000000,0.000000,0.493677,0.000000,26.401998,0.000000,0.000000,0.000000,315,0.000000,26.895675,-0.0,26.895675,11.000000
315_CT_6-3,1,31.855768,0.000000,0.000000,1.000000,0.000000,0.000000,0.000000,5.453770,0.000000,26.401998,0.000000,0.000000,0.000000,315,0.000000,31.855768,-0.0,31.855768,11.000000
322_HYDRO_3-0,1,0.000000,21.287500,0.000000,1.000000,0.000000,0.000000,0.000000,0.000000,0.000000,0.000000,0.000000,0.000000,0.000000,322,0.000000,0.000000,0.0,0.000000,21.287500
322_HYDRO_3-1,1,0.000000,0.000000,0.000000,1.000000,0.000000,0.000000,0.000000,0.000000,0.000000,0.000000,0.000000,0.000000,0.000000,322,0.000000,0.000000,0.0,0.000000,0.000000
322_HYDRO_3-2,1,0.000000,0.000000,0.000000,1.000000,0.000000,0.000000,0.000000,0.000000,0.000000,0.000000,0.000000,0.000000,0.000000,322,0.000000,0.000000,0.0,0.000000,0.000000
322_HYDRO_3-3,1,0.000000,0.000000,0.000000,1.000000,0.000000,0.000000,0.000000,0.000000,0.000000,0.000000,0.000000,0.000000,0.000000,322,0.000000,0.000000,0.0,0.000000,0.000000
301_CT_4-0,1,28.469999,0.000000,0.000000,1.000000,0.000000,0.000000,0.000000,0.000000,0.000000,28.469999,0.000000,0.000000,0.000000,301,0.000000,28.469999,-0.0,28.469999,22.000000
301_CT_4-1,1,28.469999,0.000000,0.000000,1.000000,0.000000,0.000000,0.000000,0.000000,0.000000,28.469999,0.000000,0.000000,0.000000,301,0.000000,28.469999,-0.0,28.469999,11.000000
301_CT_4-2,1,29.286315,0.000000,0.000000,1.000000,0.000000,0.000000,0.000000,0.816316,0.000000,28.469999,0.000000,0.000000,0.000000,301,0.000000,29.286315,-0.0,29.286315,11.000000
301_CT_4-3,1,43.742887,0.000000,0.000000,1.000000,0.000000,0.000000,0.000000,15.272887,0.000000,28.469999,0.000000,0.000000,0.000000,301,0.000000,43.742887,-0.0,43.742887,11.000000
316_STEAM_1-0,1,21.116646,0.000000,0.000000,1.000000,0.000000,0.000000,0.000000,0.000000,0.000000,21.116646,0.000000,0.000000,0.000000,316,0.000000,21.116646,-0.0,21.116646,62.000000
316_STEAM_1-1,1,21.116646,0.000000,0.000000,1.000000,0.000000,0.000000,0.000000,0.000000,0.000000,21.116646,0.000000,0.000000,0.000000,316,0.000000,21.116646,-0.0,21.116646,31.000000
316_STEAM_1-2,1,21.287879,0.000000,0.000000,1.000000,0.000000,0.000000,0.000000,0.171233,0.000000,21.116646,0.000000,0.000000,0.000000,316,0.000000,21.287879,-0.0,21.287879,31.000000
316_STEAM_1-3,1,27.274699,0.000000,0.000000,1.000000,0.000000,0.000000,0.000000,6.158053,0.000000,21.116646,0.000000,0.000000,0.000000,316,0.000000,27.274699,-0.0,27.274699,31.000000
302_CT_2-0,1,87.255791,0.000000,0.000000,1.000000,0.000000,0.000000,0.000000,0.000000,0.000000,87.255791,0.000000,0.000000,0.000000,302,0.000000,87.255791,-0.0,87.255791,8.000000
302_CT_2-1,1,87.255791,0.000000,0.000000,1.000000,0.000000,0.000000,0.000000,0.000000,0.000000,87.255791,0.000000,0.000000,0.000000,302,0.000000,87.255791,-0.0,87.255791,4.000000
302_CT_2-2,1,99.695770,0.000000,0.000000,1.000000,0.000000,0.000000,0.000000,12.439979,0.000000,87.255791,0.000000,0.000000,0.000000,302,0.000000,99.695770,-0.0,99.695770,4.000000
302_CT_2-3,1,105.367241,0.000000,0.000000,1.000000,0.000000,0.000000,0.000000,18.111450,0.000000,87.255791,0.000000,0.000000,0.000000,302,0.000000,105.367241,-0.0,105.367241,4.000000
323_CC_2-0,1,26.429209,0.000000,0.000000,1.000000,0.000000,0.000000,0.000000,0.000000,0.000000,26.429209,0.000000,0.000000,0.000000,323,0.000000,26.429209,-0.0,26.429209,170.000000
323_CC_2-1,1,26.429209,0.000000,0.000000,1.000000,0.000000,0.000000,0.000000,0.000000,0.000000,26.429209,0.000000,0.000000,0.000000,323,0.000000,26.429209,-0.0,26.429209,61.666667
323_CC_2-2,1,30.277557,0.000000,0.000000,1.000000,0.000000,0.000000,0.000000,3.848348,0.000000,26.429209,0.000000,0.000000,0.000000,323,0.000000,30.277557,-0.0,30.277557,61.666667
323_CC_2-3,1,31.727490,0.000000,0.000000,1.000000,0.000000,0.000000,0.000000,5.298281,0.000000,26.429209,0.000000,0.000000,0.000000,323,0.000000,31.727490,-0.0,31.727490,61.666667
315_STEAM_1-0,1,75.436777,0.000000,0.000000,1.000000,0.000000,0.000000,0.000000,0.000000,0.000000,75.436777,0.000000,0.000000,0.000000,315,0.000000,75.436777,-0.0,75.436777,5.000000
315_STEAM_1-1,1,75.436777,0.000000,0.000000,1.000000,0.000000,0.000000,0.000000,0.000000,0.000000,75.436777,0.000000,0.000000,0.000000,315,0.000000,75.436777,-0.0,75.436777,2.333333
315_STEAM_1-2,1,100.399529,0.000000,0.000000,1.000000,0.000000,0.000000,0.000000,24.962753,0.000000,75.436777,0.000000,0.000000,0.000000,315,0.000000,100.399529,-0.0,100.399529,2.333333
315_STEAM_1-3,1,124.099655,0.000000,0.000000,1.000000,0.000000,0.000000,0.000000,48.662879,0.000000,75.436777,0.000000,0.000000,0.000000,315,0.000000,124.099655,-0.0,124.099655,2.333333
313_CC_1-0,1,15.731579,0.000000,0.000000,1.000000,0.000000,0.000000,0.000000,0.000000,0.000000,15.731579,0.000000,0.000000,0.000000,313,0.000000,15.731579,-0.0,15.731579,170.000000
313_CC_1-1,1,15.731579,0.000000,0.000000,1.000000,0.000000,0.000000,0.000000,0.000000,0.000000,15.731579,0.000000,0.000000,0.000000,313,0.000000,15.731579,-0.0,15.731579,61.666667
313_CC_1-2,1,26.755735,0.000000,0.000000,1.000000,0.000000,0.000000,0.000000,11.024156,0.000000,15.731579,0.000000,0.000000,0.000000,313,0.000000,26.755735,-0.0,26.755735,61.666667
313_CC_1-3,1,33.752731,0.000000,0.000000,1.000000,0.000000,0.000000,0.000000,18.021152,0.000000,15.731579,0.000000,0.000000,0.000000,313,0.000000,33.752731,-0.0,33.752731,61.666667
323_CC_1-0,1,26.429209,0.000000,0.000000,1.000000,0.000000,0.000000,0.000000,0.000000,0.000000,26.429209,0.000000,0.000000,0.000000,323,0.000000,26.429209,-0.0,26.429209,170.000000
323_CC_1-1,1,26.429209,0.000000,0.000000,1.000000,0.000000,0.000000,0.000000,0.000000,0.000000,26.429209,0.000000,0.000000,0.000000,323,0.000000,26.429209,-0.0,26.429209,61.666667
323_CC_1-2,1,30.277557,0.000000,0.000000,1.000000,0.000000,0.000000,0.000000,3.848348,0.000000,26.429209,0.000000,0.000000,0.000000,323,0.000000,30.277557,-0.0,30.277557,61.666667
323_CC_1-3,1,31.727490,0.000000,0.000000,1.000000,0.000000,0.000000,0.000000,5.298281,0.000000,26.429209,0.000000,0.000000,0.000000,323,0.000000,31.727490,-0.0,31.727490,61.666667
301_CT_1-0,1,87.255791,0.000000,0.000000,1.000000,0.000000,0.000000,0.000000,0.000000,0.000000,87.255791,0.000000,0.000000,0.000000,301,0.000000,87.255791,-0.0,87.255791,8.000000
301_CT_1-1,1,87.255791,0.000000,0.000000,1.000000,0.000000,0.000000,0.000000,0.000000,0.000000,87.255791,0.000000,0.000000,0.000000,301,0.000000,87.255791,-0.0,87.255791,4.000000
301_CT_1-2,1,99.695770,0.000000,0.000000,1.000000,0.000000,0.000000,0.000000,12.439979,0.000000,87.255791,0.000000,0.000000,0.000000,301,0.000000,99.695770,-0.0,99.695770,4.000000
301_CT_1-3,1,105.367241,0.000000,0.000000,1.000000,0.000000,0.000000,0.000000,18.111450,0.000000,87.255791,0.000000,0.000000,0.000000,301,0.000000,105.367241,-0.0,105.367241,4.000000
307_CT_1-0,1,27.894691,0.000000,0.000000,1.000000,0.000000,0.000000,0.000000,0.000000,0.000000,27.894691,0.000000,0.000000,0.000000,307,0.000000,27.894691,-0.0,27.894691,22.000000
307_CT_1-1,1,27.894691,0.000000,0.000000,1.000000,0.000000,0.000000,0.000000,0.000000,0.000000,27.894691,0.000000,0.000000,0.000000,307,0.000000,27.894691,-0.0,27.894691,11.000000
307_CT_1-2,1,29.220233,0.000000,0.000000,1.000000,0.000000,0.000000,0.000000,1.325542,0.000000,27.894691,0.000000,0.000000,0.000000,307,0.000000,29.220233,-0.0,29.220233,11.000000
307_CT_1-3,1,35.474770,0.000000,0.000000,1.000000,0.000000,0.000000,0.000000,7.580079,0.000000,27.894691,0.000000,0.000000,0.000000,307,0.000000,35.474770,-0.0,35.474770,11.000000
315_STEAM_4-0,1,75.436777,0.000000,0.000000,1.000000,0.000000,0.000000,0.000000,0.000000,0.000000,75.436777,0.000000,0.000000,0.000000,315,0.000000,75.436777,-0.0,75.436777,5.000000
315_STEAM_4-1,1,75.436777,0.000000,0.000000,1.000000,0.000000,0.000000,0.000000,0.000000,0.000000,75.436777,0.000000,0.000000,0.000000,315,0.000000,75.436777,-0.0,75.436777,2.333333
315_STEAM_4-2,1,100.399529,0.000000,0.000000,1.000000,0.000000,0.000000,0.000000,24.962753,0.000000,75.436777,0.000000,0.000000,0.000000,315,0.000000,100.399529,-0.0,100.399529,2.333333
315_STEAM_4-3,1,124.099655,0.000000,0.000000,1.000000,0.000000,0.000000,0.000000,48.662879,0.000000,75.436777,0.000000,0.000000,0.000000,315,0.000000,124.099655,-0.0,124.099655,2.333333
315_CT_8-0,1,26.401998,0.000000,0.000000,1.000000,0.000000,0.000000,0.000000,0.000000,0.000000,26.401998,0.000000,0.000000,0.000000,315,0.000000,26.401998,-0.0,26.401998,22.000000
315_CT_8-1,1,26.401998,0.000000,0.000000,1.000000,0.000000,0.000000,0.000000,0.000000,0.000000,26.401998,0.000000,0.000000,0.000000,315,0.000000,26.401998,-0.0,26.401998,11.000000
315_CT_8-2,1,26.895675,0.000000,0.000000,1.000000,0.000000,0.000000,0.000000,0.493677,0.000000,26.401998,0.000000,0.000000,0.000000,315,0.000000,26.895675,-0.0,26.895675,11.000000
315_CT_8-3,1,31.855768,0.000000,0.000000,1.000000,0.000000,0.000000,0.000000,5.453770,0.000000,26.401998,0.000000,0.000000,0.000000,315,0.000000,31.855768,-0.0,31.855768,11.000000
322_CT_6-0,1,23.334982,0.000000,0.000000,1.000000,0.000000,0.000000,0.000000,0.000000,0.000000,23.334982,0.000000,0.000000,0.000000,322,0.000000,23.334982,-0.0,23.334982,22.000000
322_CT_6-1,1,23.334982,0.000000,0.000000,1.000000,0.000000,0.000000,0.000000,0.000000,0.000000,23.334982,0.000000,0.000000,0.000000,322,0.000000,23.334982,-0.0,23.334982,11.000000
322_CT_6-2,1,26.499179,0.000000,0.000000,1.000000,0.000000,0.000000,0.000000,3.164197,0.000000,23.334982,0.000000,0.000000,0.000000,322,0.000000,26.499179,-0.0,26.499179,11.000000
322_CT_6-3,1,27.894691,0.000000,0.000000,1.000000,0.000000,0.000000,0.000000,4.559709,0.000000,23.334982,0.000000,0.000000,0.000000,322,0.000000,27.894691,-0.0,27.894691,11.000000
321_CC_1-0,1,22.732463,0.000000,0.000000,1.000000,0.000000,0.000000,0.000000,0.000000,0.000000,22.732463,0.000000,0.000000,0.000000,321,0.000000,22.732463,-0.0,22.732463,170.000000
321_CC_1-1,1,22.732463,0.000000,0.000000,1.000000,0.000000,0.000000,0.000000,0.000000,0.000000,22.732463,0.000000,0.000000,0.000000,321,0.000000,22.732463,-0.0,22.732463,61.666667
321_CC_1-2,1,25.908321,0.000000,0.000000,1.000000,0.000000,0.000000,0.000000,3.175859,0.000000,22.732463,0.000000,0.000000,0.000000,321,0.000000,25.908321,-0.0,25.908321,61.666667
321_CC_1-3,1,33.947092,0.000000,0.000000,1.000000,0.000000,0.000000,0.000000,11.214630,0.000000,22.732463,0.000000,0.000000,0.000000,321,0.000000,33.947092,-0.0,33.947092,61.666667
318_CC_1-0,1,26.845141,0.000000,0.000000,1.000000,0.000000,0.000000,0.000000,0.000000,0.000000,26.845141,0.000000,0.000000,0.000000,318,0.000000,26.845141,-0.0,26.845141,170.000000
318_CC_1-1,1,26.845141,0.000000,0.000000,1.000000,0.000000,0.000000,0.000000,0.000000,0.000000,26.845141,0.000000,0.000000,0.000000,318,0.000000,26.845141,-0.0,26.845141,61.666667
318_CC_1-2,1,27.276623,0.000000,0.000000,1.000000,0.000000,0.000000,0.000000,0.431481,0.000000,26.845141,0.000000,0.000000,0.000000,318,0.000000,27.276623,-0.0,27.276623,61.666667
318_CC_1-3,1,31.529241,0.000000,0.000000,1.000000,0.000000,0.000000,0.000000,4.684100,0.000000,26.845141,0.000000,0.000000,0.000000,318,0.000000,31.529241,-0.0,31.529241,61.666667
301_CT_2-0,1,87.255791,0.000000,0.000000,1.000000,0.000000,0.000000,0.000000,0.000000,0.000000,87.255791,0.000000,0.000000,0.000000,301,0.000000,87.255791,-0.0,87.255791,8.000000
301_CT_2-1,1,87.255791,0.000000,0.000000,1.000000,0.000000,0.000000,0.000000,0.000000,0.000000,87.255791,0.000000,0.000000,0.000000,301,0.000000,87.255791,-0.0,87.255791,4.000000
301_CT_2-2,1,99.695770,0.000000,0.000000,1.000000,0.000000,0.000000,0.000000,12.439979,0.000000,87.255791,0.000000,0.000000,0.000000,301,0.000000,99.695770,-0.0,99.695770,4.000000
301_CT_2-3,1,105.367241,0.000000,0.000000,1.000000,0.000000,0.000000,0.000000,18.111450,0.000000,87.255791,0.000000,0.000000,0.000000,301,0.000000,105.367241,-0.0,105.367241,4.000000
315_CT_7-0,1,26.401998,0.000000,0.000000,1.000000,0.000000,0.000000,0.000000,0.000000,0.000000,26.401998,0.000000,0.000000,0.000000,315,0.000000,26.401998,-0.0,26.401998,22.000000
315_CT_7-1,1,26.401998,0.000000,0.000000,1.000000,0.000000,0.000000,0.000000,0.000000,0.000000,26.401998,0.000000,0.000000,0.000000,315,0.000000,26.401998,-0.0,26.401998,11.000000
315_CT_7-2,1,26.895675,0.000000,0.000000,1.000000,0.000000,0.000000,0.000000,0.493677,0.000000,26.401998,0.000000,0.000000,0.000000,315,0.000000,26.895675,-0.0,26.895675,11.000000
315_CT_7-3,1,31.855768,0.000000,0.000000,1.000000,0.000000,0.000000,0.000000,5.453770,0.000000,26.401998,0.000000,0.000000,0.000000,315,0.000000,31.855768,-0.0,31.855768,11.000000
322_HYDRO_2-0,1,0.000000,21.287500,0.000000,1.000000,0.000000,0.000000,0.000000,0.000000,0.000000,0.000000,0.000000,0.000000,0.000000,322,0.000000,0.000000,0.0,0.000000,21.287500
322_HYDRO_2-1,1,0.000000,0.000000,0.000000,1.000000,0.000000,0.000000,0.000000,0.000000,0.000000,0.000000,0.000000,0.000000,0.000000,322,0.000000,0.000000,0.0,0.000000,0.000000
322_HYDRO_2-2,1,0.000000,0.000000,0.000000,1.000000,0.000000,0.000000,0.000000,0.000000,0.000000,0.000000,0.000000,0.000000,0.000000,322,0.000000,0.000000,0.0,0.000000,0.000000
322_HYDRO_2-3,1,0.000000,0.000000,0.000000,1.000000,0.000000,0.000000,0.000000,0.000000,0.000000,0.000000,0.000000,0.000000,0.000000,322,0.000000,0.000000,0.0,0.000000,0.000000
301_CT_3-0,1,28.469999,0.000000,0.000000,1.000000,0.000000,0.000000,0.000000,0.000000,0.000000,28.469999,0.000000,0.000000,0.000000,301,0.000000,28.469999,-0.0,28.469999,22.000000
301_CT_3-1,1,28.469999,0.000000,0.000000,1.000000,0.000000,0.000000,0.000000,0.000000,0.000000,28.469999,0.000000,0.000000,0.000000,301,0.000000,28.469999,-0.0,28.469999,11.000000
301_CT_3-2,1,29.286315,0.000000,0.000000,1.000000,0.000000,0.000000,0.000000,0.816316,0.000000,28.469999,0.000000,0.000000,0.000000,301,0.000000,29.286315,-0.0,29.286315,11.000000
301_CT_3-3,1,43.742887,0.000000,0.000000,1.000000,0.000000,0.000000,0.000000,15.272887,0.000000,28.469999,0.000000,0.000000,0.000000,301,0.000000,43.742887,-0.0,43.742887,11.000000
302_CT_3-0,1,33.791603,0.000000,0.000000,1.000000,0.000000,0.000000,0.000000,0.000000,0.000000,33.791603,0.000000,0.000000,0.000000,302,0.000000,33.791603,-0.0,33.791603,22.000000
302_CT_3-1,1,33.791603,0.000000,0.000000,1.000000,0.000000,0.000000,0.000000,0.000000,0.000000,33.791603,0.000000,0.000000,0.000000,302,0.000000,33.791603,-0.0,33.791603,11.000000
302_CT_3-2,1,38.382410,0.000000,0.000000,1.000000,0.000000,0.000000,0.000000,4.590807,0.000000,33.791603,0.000000,0.000000,0.000000,302,0.000000,38.382410,-0.0,38.382410,11.000000
302_CT_3-3,1,38.635080,0.000000,0.000000,1.000000,0.000000,0.000000,0.000000,4.843476,0.000000,33.791603,0.000000,0.000000,0.000000,302,0.000000,38.635080,-0.0,38.635080,11.000000
315_STEAM_2-0,1,75.436777,0.000000,0.000000,1.000000,0.000000,0.000000,0.000000,0.000000,0.000000,75.436777,0.000000,0.000000,0.000000,315,0.000000,75.436777,-0.0,75.436777,5.000000
315_STEAM_2-1,1,75.436777,0.000000,0.000000,1.000000,0.000000,0.000000,0.000000,0.000000,0.000000,75.436777,0.000000,0.000000,0.000000,315,0.000000,75.436777,-0.0,75.436777,2.333333
315_STEAM_2-2,1,100.399529,0.000000,0.000000,1.000000,0.000000,0.000000,0.000000,24.962753,0.000000,75.436777,0.000000,0.000000,0.000000,315,0.000000,100.399529,-0.0,100.399529,2.333333
315_STEAM_2-3,1,124.099655,0.000000,0.000000,1.000000,0.000000,0.000000,0.000000,48.662879,0.000000,75.436777,0.000000,0.000000,0.000000,315,0.000000,124.099655,-0.0,124.099655,2.333333
302_CT_4-0,1,33.791603,0.000000,0.000000,1.000000,0.000000,0.000000,0.000000,0.000000,0.000000,33.791603,0.000000,0.000000,0.000000,302,0.000000,33.791603,-0.0,33.791603,22.000000
302_CT_4-1,1,33.791603,0.000000,0.000000,1.000000,0.000000,0.000000,0.000000,0.000000,0.000000,33.791603,0.000000,0.000000,0.000000,302,0.000000,33.791603,-0.0,33.791603,11.000000
302_CT_4-2,1,38.382410,0.000000,0.000000,1.000000,0.000000,0.000000,0.000000,4.590807,0.000000,33.791603,0.000000,0.000000,0.000000,302,0.000000,38.382410,-0.0,38.382410,11.000000
302_CT_4-3,1,38.635080,0.000000,0.000000,1.000000,0.000000,0.000000,0.000000,4.843476,0.000000,33.791603,0.000000,0.000000,0.000000,302,0.000000,38.635080,-0.0,38.635080,11.000000
315_STEAM_5-0,1,75.436777,0.000000,0.000000,1.000000,0.000000,0.000000,0.000000,0.000000,0.000000,75.436777,0.000000,0.000000,0.000000,315,0.000000,75.436777,-0.0,75.436777,5.000000
315_STEAM_5-1,1,75.436777,0.000000,0.000000,1.000000,0.000000,0.000000,0.000000,0.000000,0.000000,75.436777,0.000000,0.000000,0.000000,315,0.000000,75.436777,-0.0,75.436777,2.333333
315_STEAM_5-2,1,100.399529,0.000000,0.000000,1.000000,0.000000,0.000000,0.000000,24.962753,0.000000,75.436777,0.000000,0.000000,0.000000,315,0.000000,100.399529,-0.0,100.399529,2.333333
315_STEAM_5-3,1,124.099655,0.000000,0.000000,1.000000,0.000000,0.000000,0.000000,48.662879,0.000000,75.436777,0.000000,0.000000,0.000000,315,0.000000,124.099655,-0.0,124.099655,2.333333
315_STEAM_3-0,1,75.436777,0.000000,0.000000,1.000000,0.000000,0.000000,0.000000,0.000000,0.000000,75.436777,0.000000,0.000000,0.000000,315,0.000000,75.436777,-0.0,75.436777,5.000000
315_STEAM_3-1,1,75.436777,0.000000,0.000000,1.000000,0.000000,0.000000,0.000000,0.000000,0.000000,75.436777,0.000000,0.000000,0.000000,315,0.000000,75.436777,-0.0,75.436777,2.333333
315_STEAM_3-2,1,100.399529,0.000000,0.000000,1.000000,0.000000,0.000000,0.000000,24.962753,0.000000,75.436777,0.000000,0.000000,0.000000,315,0.000000,100.399529,-0.0,100.399529,2.333333
315_STEAM_3-3,1,124.099655,0.000000,0.000000,1.000000,0.000000,0.000000,0.000000,48.662879,0.000000,75.436777,0.000000,0.000000,0.000000,315,0.000000,124.099655,-0.0,124.099655,2.333333
302_CT_1-0,1,87.255791,0.000000,0.000000,1.000000,0.000000,0.000000,0.000000,0.000000,0.000000,87.255791,0.000000,0.000000,0.000000,302,0.000000,87.255791,-0.0,87.255791,8.000000
302_CT_1-1,1,87.255791,0.000000,0.000000,1.000000,0.000000,0.000000,0.000000,0.000000,0.000000,87.255791,0.000000,0.000000,0.000000,302,0.000000,87.255791,-0.0,87.255791,4.000000
302_CT_1-2,1,99.695770,0.000000,0.000000,1.000000,0.000000,0.000000,0.000000,12.439979,0.000000,87.255791,0.000000,0.000000,0.000000,302,0.000000,99.695770,-0.0,99.695770,4.000000
302_CT_1-3,1,105.367241,0.000000,0.000000,1.000000,0.000000,0.000000,0.000000,18.111450,0.000000,87.255791,0.000000,0.000000,0.000000,302,0.000000,105.367241,-0.0,105.367241,4.000000
322_CT_5-0,1,23.334982,0.000000,0.000000,1.000000,0.000000,0.000000,0.000000,0.000000,0.000000,23.334982,0.000000,0.000000,0.000000,322,0.000000,23.334982,-0.0,23.334982,22.000000
322_CT_5-1,1,23.334982,0.000000,0.000000,1.000000,0.000000,0.000000,0.000000,0.000000,0.000000,23.334982,0.000000,0.000000,0.000000,322,0.000000,23.334982,-0.0,23.334982,11.000000
322_CT_5-2,1,26.499179,0.000000,0.000000,1.000000,0.000000,0.000000,0.000000,3.164197,0.000000,23.334982,0.000000,0.000000,0.000000,322,0.000000,26.499179,-0.0,26.499179,11.000000
322_CT_5-3,1,27.894691,0.000000,0.000000,1.000000,0.000000,0.000000,0.000000,4.559709,0.000000,23.334982,0.000000,0.000000,0.000000,322,0.000000,27.894691,-0.0,27.894691,11.000000
307_CT_2-0,1,27.894691,0.000000,0.000000,1.000000,0.000000,0.000000,0.000000,0.000000,0.000000,27.894691,0.000000,0.000000,0.000000,307,0.000000,27.894691,-0.0,27.894691,22.000000
307_CT_2-1,1,27.894691,0.000000,0.000000,1.000000,0.000000,0.000000,0.000000,0.000000,0.000000,27.894691,0.000000,0.000000,0.000000,307,0.000000,27.894691,-0.0,27.894691,11.000000
307_CT_2-2,1,29.220233,0.000000,0.000000,1.000000,0.000000,0.000000,0.000000,1.325542,0.000000,27.894691,0.000000,0.000000,0.000000,307,0.000000,29.220233,-0.0,29.220233,11.000000
307_CT_2-3,1,35.474770,0.000000,0.000000,1.000000,0.000000,0.000000,0.000000,7.580079,0.000000,27.894691,0.000000,0.000000,0.000000,307,0.000000,35.474770,-0.0,35.474770,11.000000
322_HYDRO_1-0,2,0.000000,20.366667,0.000000,1.000000,0.000000,0.000000,0.000000,0.000000,0.000000,0.000000,0.000000,0.000000,0.000000,322,0.000000,0.000000,0.0,0.000000,20.366667
322_HYDRO_1-1,2,0.000000,0.000000,0.000000,1.000000,0.000000,0.000000,0.000000,0.000000,0.000000,0.000000,0.000000,0.000000,0.000000,322,0.000000,0.000000,0.0,0.000000,0.000000
322_HYDRO_1-2,2,0.000000,0.000000,0.000000,1.000000,0.000000,0.000000,0.000000,0.000000,0.000000,0.000000,0.000000,0.000000,0.000000,322,0.000000,0.000000,0.0,0.000000,0.000000
322_HYDRO_1-3,2,0.000000,0.000000,0.000000,1.000000,0.000000,0.000000,0.000000,0.000000,0.000000,0.000000,0.000000,0.000000,0.000000,322,0.000000,0.000000,0.0,0.000000,0.000000
322_HYDRO_4-0,2,0.000000,20.366667,0.000000,1.000000,0.000000,0.000000,0.000000,0.000000,0.000000,0.000000,0.000000,0.000000,0.000000,322,0.000000,0.000000,0.0,0.000000,20.366667
322_HYDRO_4-1,2,0.000000,0.000000,0.000000,1.000000,0.000000,0.000000,0.000000,0.000000,0.000000,0.000000,0.000000,0.000000,0.000000,322,0.000000,0.000000,0.0,0.000000,0.000000
322_HYDRO_4-2,2,0.000000,0.000000,0.000000,1.000000,0.000000,0.000000,0.000000,0.000000,0.000000,0.000000,0.000000,0.000000,0.000000,322,0.000000,0.000000,0.0,0.000000,0.000000
322_HYDRO_4-3,2,0.000000,0.000000,0.000000,1.000000,0.000000,0.000000,0.000000,0.000000,0.000000,0.000000,0.000000,0.000000,0.000000,322,0.000000,0.000000,0.0,0.000000,0.000000
315_CT_6-0,2,26.401998,0.000000,0.000000,1.000000,0.000000,0.000000,0.000000,0.000000,0.000000,26.401998,0.000000,0.000000,0.000000,315,0.000000,26.401998,-0.0,26.401998,22.000000
315_CT_6-1,2,26.401998,0.000000,0.000000,1.000000,0.000000,0.000000,0.000000,0.000000,0.000000,26.401998,0.000000,0.000000,0.000000,315,0.000000,26.401998,-0.0,26.401998,11.000000
315_CT_6-2,2,26.895675,0.000000,0.000000,1.000000,0.000000,0.000000,0.000000,0.493677,0.000000,26.401998,0.000000,0.000000,0.000000,315,0.000000,26.895675,-0.0,26.895675,11.000000
315_CT_6-3,2,31.855768,0.000000,0.000000,1.000000,0.000000,0.000000,0.000000,5.453770,0.000000,26.401998,0.000000,0.000000,0.000000,315,0.000000,31.855768,-0.0,31.855768,11.000000
322_HYDRO_3-0,2,0.000000,20.366667,0.000000,1.000000,0.000000,0.000000,0.000000,0.000000,0.000000,0.000000,0.000000,0.000000,0.000000,322,0.000000,0.000000,0.0,0.000000,20.366667
322_HYDRO_3-1,2,0.000000,0.000000,0.000000,1.000000,0.000000,0.000000,0.000000,0.000000,0.000000,0.000000,0.000000,0.000000,0.000000,322,0.000000,0.000000,0.0,0.000000,0.000000
322_HYDRO_3-2,2,0.000000,0.000000,0.000000,1.000000,0.000000,0.000000,0.000000,0.000000,0.000000,0.000000,0.000000,0.000000,0.000000,322,0.000000,0.000000,0.0,0.000000,0.000000
322_HYDRO_3-3,2,0.000000,0.000000,0.000000,1.000000,0.000000,0.000000,0.000000,0.000000,0.000000,0.000000,0.000000,0.000000,0.000000,322,0.000000,0.000000,0.0,0.000000,0.000000
301_CT_4-0,2,28.469999,0.000000,0.000000,1.000000,0.000000,0.000000,0.000000,0.000000,0.000000,28.469999,0.000000,0.000000,0.000000,301,0.000000,28.469999,-0.0,28.469999,22.000000
301_CT_4-1,2,28.469999,0.000000,0.000000,1.000000,0.000000,0.000000,0.000000,0.000000,0.000000,28.469999,0.000000,0.000000,0.000000,301,0.000000,28.469999,-0.0,28.469999,11.000000
301_CT_4-2,2,29.286315,0.000000,0.000000,1.000000,0.000000,0.000000,0.000000,0.816316,0.000000,28.469999,0.000000,0.000000,0.000000,301,0.000000,29.286315,-0.0,29.286315,11.000000
301_CT_4-3,2,43.742887,0.000000,0.000000,1.000000,0.000000,0.000000,0.000000,15.272887,0.000000,28.469999,0.000000,0.000000,0.000000,301,0.000000,43.742887,-0.0,43.742887,11.000000
316_STEAM_1-0,2,21.116646,0.000000,0.000000,1.000000,0.000000,0.000000,0.000000,0.000000,0.000000,21.116646,0.000000,0.000000,0.000000,316,0.000000,21.116646,-0.0,21.116646,62.000000
316_STEAM_1-1,2,21.116646,0.000000,0.000000,1.000000,0.000000,0.000000,0.000000,0.000000,0.000000,21.116646,0.000000,0.000000,0.000000,316,0.000000,21.116646,-0.0,21.116646,31.000000
316_STEAM_1-2,2,21.287879,0.000000,0.000000,1.000000,0.000000,0.000000,0.000000,0.171233,0.000000,21.116646,0.000000,0.000000,0.000000,316,0.000000,21.287879,-0.0,21.287879,31.000000
316_STEAM_1-3,2,27.274699,0.000000,0.000000,1.000000,0.000000,0.000000,0.000000,6.158053,0.000000,21.116646,0.000000,0.000000,0.000000,316,0.000000,27.274699,-0.0,27.274699,31.000000
302_CT_2-0,2,87.255791,0.000000,0.000000,1.000000,0.000000,0.000000,0.000000,0.000000,0.000000,87.255791,0.000000,0.000000,0.000000,302,0.000000,87.255791,-0.0,87.255791,8.000000
302_CT_2-1,2,87.255791,0.000000,0.000000,1.000000,0.000000,0.000000,0.000000,0.000000,0.000000,87.255791,0.000000,0.000000,0.000000,302,0.000000,87.255791,-0.0,87.255791,4.000000
302_CT_2-2,2,99.695770,0.000000,0.000000,1.000000,0.000000,0.000000,0.000000,12.439979,0.000000,87.255791,0.000000,0.000000,0.000000,302,0.000000,99.695770,-0.0,99.695770,4.000000
302_CT_2-3,2,105.367241,0.000000,0.000000,1.000000,0.000000,0.000000,0.000000,18.111450,0.000000,87.255791,0.000000,0.000000,0.000000,302,0.000000,105.367241,-0.0,105.367241,4.000000
323_CC_2-0,2,26.429209,0.000000,0.000000,1.000000,0.000000,0.000000,0.000000,0.000000,0.000000,26.429209,0.000000,0.000000,0.000000,323,0.000000,26.429209,-0.0,26.429209,170.000000
323_CC_2-1,2,26.429209,0.000000,0.000000,1.000000,0.000000,0.000000,0.000000,0.000000,0.000000,26.429209,0.000000,0.000000,0.000000,323,0.000000,26.429209,-0.0,26.429209,61.666667
323_CC_2-2,2,30.277557,0.000000,0.000000,1.000000,0.000000,0.000000,0.000000,3.848348,0.000000,26.429209,0.000000,0.000000,0.000000,323,0.000000,30.277557,-0.0,30.277557,61.666667
323_CC_2-3,2,31.727490,0.000000,0.000000,1.000000,0.000000,0.000000,0.000000,5.298281,0.000000,26.429209,0.000000,0.000000,0.000000,323,0.000000,31.727490,-0.0,31.727490,61.666667
315_STEAM_1-0,2,75.436777,0.000000,0.000000,1.000000,0.000000,0.000000,0.000000,0.000000,0.000000,75.436777,0.000000,0.000000,0.000000,315,0.000000,75.436777,-0.0,75.436777,5.000000
315_STEAM_1-1,2,75.436777,0.000000,0.000000,1.000000,0.000000,0.000000,0.000000,0.000000,0.000000,75.436777,0.000000,0.000000,0.000000,315,0.000000,75.436777,-0.0,75.436777,2.333333
315_STEAM_1-2,2,100.399529,0.000000,0.000000,1.000000,0.000000,0.000000,0.000000,24.962753,0.000000,75.436777,0.000000,0.000000,0.000000,315,0.000000,100.399529,-0.0,100.399529,2.333333
315_STEAM_1-3,2,124.099655,0.000000,0.000000,1.000000,0.000000,0.000000,0.000000,48.662879,0.000000,75.436777,0.000000,0.000000,0.000000,315,0.000000,124.099655,-0.0,124.099655,2.333333
313_CC_1-0,2,15.731579,0.000000,0.000000,1.000000,0.000000,0.000000,0.000000,0.000000,0.000000,15.731579,0.000000,0.000000,0.000000,313,0.000000,15.731579,-0.0,15.731579,170.000000
313_CC_1-1,2,15.731579,0.000000,0.000000,1.000000,0.000000,0.000000,0.000000,0.000000,0.000000,15.731579,0.000000,0.000000,0.000000,313,0.000000,15.731579,-0.0,15.731579,61.666667
313_CC_1-2,2,26.755735,0.000000,0.000000,1.000000,0.000000,0.000000,0.000000,11.024156,0.000000,15.731579,0.000000,0.000000,0.000000,313,0.000000,26.755735,-0.0,26.755735,61.666667
313_CC_1-3,2,33.752731,0.000000,0.000000,1.000000,0.000000,0.000000,0.000000,18.021152,0.000000,15.731579,0.000000,0.000000,0.000000,313,0.000000,33.752731,-0.0,33.752731,61.666667
323_CC_1-0,2,26.429209,0.000000,0.000000,1.000000,0.000000,0.000000,0.000000,0.000000,0.000000,26.429209,0.000000,0.000000,0.000000,323,0.000000,26.429209,-0.0,26.429209,170.000000
323_CC_1-1,2,26.429209,0.000000,0.000000,1.000000,0.000000,0.000000,0.000000,0.000000,0.000000,26.429209,0.000000,0.000000,0.000000,323,0.000000,26.429209,-0.0,26.429209,61.666667
323_CC_1-2,2,30.277557,0.000000,0.000000,1.000000,0.000000,0.000000,0.000000,3.848348,0.000000,26.429209,0.000000,0.000000,0.000000,323,0.000000,30.277557,-0.0,30.277557,61.666667
323_CC_1-3,2,31.727490,0.000000,0.000000,1.000000,0.000000,0.000000,0.000000,5.298281,0.000000,26.429209,0.000000,0.000000,0.000000,323,0.000000,31.727490,-0.0,31.727490,61.666667
301_CT_1-0,2,87.255791,0.000000,0.000000,1.000000,0.000000,0.000000,0.000000,0.000000,0.000000,87.255791,0.000000,0.000000,0.000000,301,0.000000,87.255791,-0.0,87.255791,8.000000
301_CT_1-1,2,87.255791,0.000000,0.000000,1.000000,0.000000,0.000000,0.000000,0.000000,0.000000,87.255791,0.000000,0.000000,0.000000,301,0.000000,87.255791,-0.0,87.255791,4.000000
301_CT_1-2,2,99.695770,0.000000,0.000000,1.000000,0.000000,0.000000,0.000000,12.439979,0.000000,87.255791,0.000000,0.000000,0.000000,301,0.000000,99.695770,-0.0,99.695770,4.000000
301_CT_1-3,2,105.367241,0.000000,0.000000,1.000000,0.000000,0.000000,0.000000,18.111450,0.000000,87.255791,0.000000,0.000000,0.000000,301,0.000000,105.367241,-0.0,105.367241,4.000000
307_CT_1-0,2,27.894691,0.000000,0.000000,1.000000,0.000000,0.000000,0.000000,0.000000,0.000000,27.894691,0.000000,0.000000,0.000000,307,0.000000,27.894691,-0.0,27.894691,22.000000
307_CT_1-1,2,27.894691,0.000000,0.000000,1.000000,0.000000,0.000000,0.000000,0.000000,0.000000,27.894691,0.000000,0.000000,0.000000,307,0.000000,27.894691,-0.0,27.894691,11.000000
307_CT_1-2,2,29.220233,0.000000,0.000000,1.000000,0.000000,0.000000,0.000000,1.325542,0.000000,27.894691,0.000000,0.000000,0.000000,307,0.000000,29.220233,-0.0,29.220233,11.000000
307_CT_1-3,2,35.474770,0.000000,0.000000,1.000000,0.000000,0.000000,0.000000,7.580079,0.000000,27.894691,0.000000,0.000000,0.000000,307,0.000000,35.474770,-0.0,35.474770,11.000000
315_STEAM_4-0,2,75.436777,0.000000,0.000000,1.000000,0.000000,0.000000,0.000000,0.000000,0.000000,75.436777,0.000000,0.000000,0.000000,315,0.000000,75.436777,-0.0,75.436777,5.000000
315_STEAM_4-1,2,75.436777,0.000000,0.000000,1.000000,0.000000,0.000000,0.000000,0.000000,0.000000,75.436777,0.000000,0.000000,0.000000,315,0.000000,75.436777,-0.0,75.436777,2.333333
315_STEAM_4-2,2,100.399529,0.000000,0.000000,1.000000,0.000000,0.000000,0.000000,24.962753,0.000000,75.436777,0.000000,0.000000,0.000000,315,0.000000,100.399529,-0.0,100.399529,2.333333
315_STEAM_4-3,2,124.099655,0.000000,0.000000,1.000000,0.000000,0.000000,0.000000,48.662879,0.000000,75.436777,0.000000,0.000000,0.000000,315,0.000000,124.099655,-0.0,124.099655,2.333333
315_CT_8-0,2,26.401998,0.000000,0.000000,1.000000,0.000000,0.000000,0.000000,0.000000,0.000000,26.401998,0.000000,0.000000,0.000000,315,0.000000,26.401998,-0.0,26.401998,22.000000
315_CT_8-1,2,26.401998,0.000000,0.000000,1.000000,0.000000,0.000000,0.000000,0.000000,0.000000,26.401998,0.000000,0.000000,0.000000,315,0.000000,26.401998,-0.0,26.401998,11.000000
315_CT_8-2,2,26.895675,0.000000,0.000000,1.000000,0.000000,0.000000,0.000000,0.493677,0.000000,26.401998,0.000000,0.000000,0.000000,315,0.000000,26.895675,-0.0,26.895675,11.000000
315_CT_8-3,2,31.855768,0.000000,0.000000,1.000000,0.000000,0.000000,0.000000,5.453770,0.000000,26.401998,0.000000,0.000000,0.000000,315,0.000000,31.855768,-0.0,31.855768,11.000000
322_CT_6-0,2,23.334982,0.000000,0.000000,1.000000,0.000000,0.000000,0.000000,0.000000,0.000000,23.334982,0.000000,0.000000,0.000000,322,0.000000,23.334982,-0.0,23.334982,22.000000
322_CT_6-1,2,23.334982,0.000000,0.000000,1.000000,0.000000,0.000000,0.000000,0.000000,0.000000,23.334982,0.000000,0.000000,0.000000,322,0.000000,23.334982,-0.0,23.334982,11.000000
322_CT_6-2,2,26.499179,0.000000,0.000000,1.000000,0.000000,0.000000,0.000000,3.164197,0.000000,23.334982,0.000000,0.000000,0.000000,322,0.000000,26.499179,-0.0,26.499179,11.000000
322_CT_6-3,2,27.894691,0.000000,0.000000,1.000000,0.000000,0.000000,0.000000,4.559709,0.000000,23.334982,0.000000,0.000000,0.000000,322,0.000000,27.894691,-0.0,27.894691,11.000000
321_CC_1-0,2,22.732463,0.000000,0.000000,1.000000,0.000000,0.000000,0.000000,0.000000,0.000000,22.732463,0.000000,0.000000,0.000000,321,0.000000,22.732463,-0.0,22.732463,170.000000
321_CC_1-1,2,22.732463,0.000000,0.000000,1.000000,0.000000,0.000000,0.000000,0.000000,0.000000,22.732463,0.000000,0.000000,0.000000,321,0.000000,22.732463,-0.0,22.732463,61.666667
321_CC_1-2,2,25.908321,0.000000,0.000000,1.000000,0.000000,0.000000,0.000000,3.175859,0.000000,22.732463,0.000000,0.000000,0.000000,321,0.000000,25.908321,-0.0,25.908321,61.666667
321_CC_1-3,2,33.947092,0.000000,0.000000,1.000000,0.000000,0.000000,0.000000,11.214630,0.000000,22.732463,0.000000,0.000000,0.000000,321,0.000000,33.947092,-0.0,33.947092,61.666667
318_CC_1-0,2,26.845141,0.000000,0.000000,1.000000,0.000000,0.000000,0.000000,0.000000,0.000000,26.845141,0.000000,0.000000,0.000000,318,0.000000,26.845141,-0.0,26.845141,170.000000
318_CC_1-1,2,26.845141,0.000000,0.000000,1.000000,0.000000,0.000000,0.000000,0.000000,0.000000,26.845141,0.000000,0.000000,0.000000,318,0.000000,26.845141,-0.0,26.845141,61.666667
318_CC_1-2,2,27.276623,0.000000,0.000000,1.000000,0.000000,0.000000,0.000000,0.431481,0.000000,26.845141,0.000000,0.000000,0.000000,318,0.000000,27.276623,-0.0,27.276623,61.666667
318_CC_1-3,2,31.529241,0.000000,0.000000,1.000000,0.000000,0.000000,0.000000,4.684100,0.000000,26.845141,0.000000,0.000000,0.000000,318,0.000000,31.529241,-0.0,31.529241,61.666667
301_CT_2-0,2,87.255791,0.000000,0.000000,1.000000,0.000000,0.000000,0.000000,0.000000,0.000000,87.255791,0.000000,0.000000,0.000000,301,0.000000,87.255791,-0.0,87.255791,8.000000
301_CT_2-1,2,87.255791,0.000000,0.000000,1.000000,0.000000,0.000000,0.000000,0.000000,0.000000,87.255791,0.000000,0.000000,0.000000,301,0.000000,87.255791,-0.0,87.255791,4.000000
301_CT_2-2,2,99.695770,0.000000,0.000000,1.000000,0.000000,0.000000,0.000000,12.439979,0.000000,87.255791,0.000000,0.000000,0.000000,301,0.000000,99.695770,-0.0,99.695770,4.000000
301_CT_2-3,2,105.367241,0.000000,0.000000,1.000000,0.000000,0.000000,0.000000,18.111450,0.000000,87.255791,0.000000,0.000000,0.000000,301,0.000000,105.367241,-0.0,105.367241,4.000000
315_CT_7-0,2,26.401998,0.000000,0.000000,1.000000,0.000000,0.000000,0.000000,0.000000,0.000000,26.401998,0.000000,0.000000,0.000000,315,0.000000,26.401998,-0.0,26.401998,22.000000
315_CT_7-1,2,26.401998,0.000000,0.000000,1.000000,0.000000,0.000000,0.000000,0.000000,0.000000,26.401998,0.000000,0.000000,0.000000,315,0.000000,26.401998,-0.0,26.401998,11.000000
315_CT_7-2,2,26.895675,0.000000,0.000000,1.000000,0.000000,0.000000,0.000000,0.493677,0.000000,26.401998,0.000000,0.000000,0.000000,315,0.000000,26.895675,-0.0,26.895675,11.000000
315_CT_7-3,2,31.855768,0.000000,0.000000,1.000000,0.000000,0.000000,0.000000,5.453770,0.000000,26.401998,0.000000,0.000000,0.000000,315,0.000000,31.855768,-0.0,31.855768,11.000000
322_HYDRO_2-0,2,0.000000,20.366667,0.000000,1.000000,0.000000,0.000000,0.000000,0.000000,0.000000,0.000000,0.000000,0.000000,0.000000,322,0.000000,0.000000,0.0,0.000000,20.366667
322_HYDRO_2-1,2,0.000000,0.000000,0.000000,1.000000,0.000000,0.000000,0.000000,0.000000,0.000000,0.000000,0.000000,0.000000,0.000000,322,0.000000,0.000000,0.0,0.000000,0.000000
322_HYDRO_2-2,2,0.000000,0.000000,0.000000,1.000000,0.000000,0.000000,0.000000,0.000000,0.000000,0.000000,0.000000,0.000000,0.000000,322,0.000000,0.000000,0.0,0.000000,0.000000
322_HYDRO_2-3,2,0.000000,0.000000,0.000000,1.000000,0.000000,0.000000,0.000000,0.000000,0.000000,0.000000,0.000000,0.000000,0.000000,322,0.000000,0.000000,0.0,0.000000,0.000000
301_CT_3-0,2,28.469999,0.000000,0.000000,1.000000,0.000000,0.000000,0.000000,0.000000,0.000000,28.469999,0.000000,0.000000,0.000000,301,0.000000,28.469999,-0.0,28.469999,22.000000
301_CT_3-1,2,28.469999,0.000000,0.000000,1.000000,0.000000,0.000000,0.000000,0.000000,0.000000,28.469999,0.000000,0.000000,0.000000,301,0.000000,28.469999,-0.0,28.469999,11.000000
301_CT_3-2,2,29.286315,0.000000,0.000000,1.000000,0.000000,0.000000,0.000000,0.816316,0.000000,28.469999,0.000000,0.000000,0.000000,301,0.000000,29.286315,-0.0,29.286315,11.000000
301_CT_3-3,2,43.742887,0.000000,0.000000,1.000000,0.000000,0.000000,0.000000,15.272887,0.000000,28.469999,0.000000,0.000000,0.000000,301,0.000000,43.742887,-0.0,43.742887,11.000000
302_CT_3-0,2,33.791603,0.000000,0.000000,1.000000,0.000000,0.000000,0.000000,0.000000,0.000000,33.791603,0.000000,0.000000,0.000000,302,0.000000,33.791603,-0.0,33.791603,22.000000
302_CT_3-1,2,33.791603,0.000000,0.000000,1.000000,0.000000,0.000000,0.000000,0.000000,0.000000,33.791603,0.000000,0.000000,0.000000,302,0.000000,33.791603,-0.0,33.791603,11.000000
302_CT_3-2,2,38.382410,0.000000,0.000000,1.000000,0.000000,0.000000,0.000000,4.590807,0.000000,33.791603,0.000000,0.000000,0.000000,302,0.000000,38.382410,-0.0,38.382410,11.000000
302_CT_3-3,2,38.635080,0.000000,0.000000,1.000000,0.000000,0.000000,0.000000,4.843476,0.000000,33.791603,0.000000,0.000000,0.000000,302,0.000000,38.635080,-0.0,38.635080,11.000000
315_STEAM_2-0,2,75.436777,0.000000,0.000000,1.000000,0.000000,0.000000,0.000000,0.000000,0.000000,75.436777,0.000000,0.000000,0.000000,315,0.000000,75.436777,-0.0,75.436777,5.000000
315_STEAM_2-1,2,75.436777,0.000000,0.000000,1.000000,0.000000,0.000000,0.000000,0.000000,0.000000,75.436777,0.000000,0.000000,0.000000,315,0.000000,75.436777,-0.0,75.436777,2.333333
315_STEAM_2-2,2,100.399529,0.000000,0.000000,1.000000,0.000000,0.000000,0.000000,24.962753,0.000000,75.436777,0.000000,0.000000,0.000000,315,0.000000,100.399529,-0.0,100.399529,2.333333
315_STEAM_2-3,2,124.099655,0.000000,0.000000,1.000000,0.000000,0.000000,0.000000,48.662879,0.000000,75.436777,0.000000,0.000000,0.000000,315,0.000000,124.099655,-0.0,124.099655,2.333333
302_CT_4-0,2,33.791603,0.000000,0.000000,1.000000,0.000000,0.000000,0.000000,0.000000,0.000000,33.791603,0.000000,0.000000,0.000000,302,0.000000,33.791603,-0.0,33.791603,22.000000
302_CT_4-1,2,33.791603,0.000000,0.000000,1.000000,0.000000,0.000000,0.000000,0.000000,0.000000,33.791603,0.000000,0.000000,0.000000,302,0.000000,33.791603,-0.0,33.791603,11.000000
302_CT_4-2,2,38.382410,0.000000,0.000000,1.000000,0.000000,0.000000,0.000000,4.590807,0.000000,33.791603,0.000000,0.000000,0.000000,302,0.000000,38.382410,-0.0,38.382410,11.000000
302_CT_4-3,2,38.635080,0.000000,0.000000,1.000000,0.000000,0.000000,0.000000,4.843476,0.000000,33.791603,0.000000,0.000000,0.000000,302,0.000000,38.635080,-0.0,38.635080,11.000000
315_STEAM_5-0,2,75.436777,0.000000,0.000000,1.000000,0.000000,0.000000,0.000000,0.000000,0.000000,75.436777,0.000000,0.000000,0.000000,315,0.000000,75.436777,-0.0,75.436777,5.000000
315_STEAM_5-1,2,75.436777,0.000000,0.000000,1.000000,0.000000,0.000000,0.000000,0.000000,0.000000,75.436777,0.000000,0.000000,0.000000,315,0.000000,75.436777,-0.0,75.436777,2.333333
315_STEAM_5-2,2,100.399529,0.000000,0.000000,1.000000,0.000000,0.000000,0.000000,24.962753,0.000000,75.436777,0.000000,0.000000,0.000000,315,0.000000,100.399529,-0.0,100.399529,2.333333
315_STEAM_5-3,2,124.099655,0.000000,0.000000,1.000000,0.000000,0.000000,0.000000,48.662879,0.000000,75.436777,0.000000,0.000000,0.000000,315,0.000000,124.099655,-0.0,124.099655,2.333333
315_STEAM_3-0,2,75.436777,0.000000,0.000000,1.000000,0.000000,0.000000,0.000000,0.000000,0.000000,75.436777,0.000000,0.000000,0.000000,315,0.000000,75.436777,-0.0,75.436777,5.000000
315_STEAM_3-1,2,75.436777,0.000000,0.000000,1.000000,0.000000,0.000000,0.000000,0.000000,0.000000,75.436777,0.000000,0.000000,0.000000,315,0.000000,75.436777,-0.0,75.436777,2.333333
315_STEAM_3-2,2,100.399529,0.000000,0.000000,1.000000,0.000000,0.000000,0.000000,24.962753,0.000000,75.436777,0.000000,0.000000,0.000000,315,0.000000,100.399529,-0.0,100.399529,2.333333
315_STEAM_3-3,2,124.099655,0.000000,0.000000,1.000000,0.000000,0.000000,0.000000,48.662879,0.000000,75.436777,0.000000,0.000000,0.000000,315,0.000000,124.099655,-0.0,124.099655,2.333333
302_CT_1-0,2,87.255791,0.000000,0.000000,1.000000,0.000000,0.000000,0.000000,0.000000,0.000000,87.255791,0.000000,0.000000,0.000000,302,0.000000,87.255791,-0.0,87.255791,8.000000
302_CT_1-1,2,87.255791,0.000000,0.000000,1.000000,0.000000,0.000000,0.000000,0.000000,0.000000,87.255791,0.000000,0.000000,0.000000,302,0.000000,87.255791,-0.0,87.255791,4.000000
302_CT_1-2,2,99.695770,0.000000,0.000000,1.000000,0.000000,0.000000,0.000000,12.439979,0.000000,87.255791,0.000000,0.000000,0.000000,302,0.000000,99.695770,-0.0,99.695770,4.000000
302_CT_1-3,2,105.367241,0.000000,0.000000,1.000000,0.000000,0.000000,0.000000,18.111450,0.000000,87.255791,0.000000,0.000000,0.000000,302,0.000000,105.367241,-0.0,105.367241,4.000000
322_CT_5-0,2,23.334982,0.000000,0.000000,1.000000,0.000000,0.000000,0.000000,0.000000,0.000000,23.334982,0.000000,0.000000,0.000000,322,0.000000,23.334982,-0.0,23.334982,22.000000
322_CT_5-1,2,23.334982,0.000000,0.000000,1.000000,0.000000,0.000000,0.000000,0.000000,0.000000,23.334982,0.000000,0.000000,0.000000,322,0.000000,23.334982,-0.0,23.334982,11.000000
322_CT_5-2,2,26.499179,0.000000,0.000000,1.000000,0.000000,0.000000,0.000000,3.164197,0.000000,23.334982,0.000000,0.000000,0.000000,322,0.000000,26.499179,-0.0,26.499179,11.000000
322_CT_5-3,2,27.894691,0.000000,0.000000,1.000000,0.000000,0.000000,0.000000,4.559709,0.000000,23.334982,0.000000,0.000000,0.000000,322,0.000000,27.894691,-0.0,27.894691,11.000000
307_CT_2-0,2,27.894691,0.000000,0.000000,1.000000,0.000000,0.000000,0.000000,0.000000,0.000000,27.894691,0.000000,0.000000,0.000000,307,0.000000,27.894691,-0.0,27.894691,22.000000
307_CT_2-1,2,27.894691,0.000000,0.000000,1.000000,0.000000,0.000000,0.000000,0.000000,0.000000,27.894691,0.000000,0.000000,0.000000,307,0.000000,27.894691,-0.0,27.894691,11.000000
307_CT_2-2,2,29.220233,0.000000,0.000000,1.000000,0.000000,0.000000,0.000000,1.325542,0.000000,27.894691,0.000000,0.000000,0.000000,307,0.000000,29.220233,-0.0,29.220233,11.000000
307_CT_2-3,2,35.474770,0.000000,0.000000,1.000000,0.000000,0.000000,0.000000,7.580079,0.000000,27.894691,0.000000,0.000000,0.000000,307,0.000000,35.474770,-0.0,35.474770,11.000000
322_HYDRO_1-0,3,0.000000,20.720833,0.000000,1.000000,0.000000,0.000000,0.000000,0.000000,0.000000,0.000000,0.000000,0.000000,0.000000,322,0.000000,0.000000,0.0,0.000000,20.720833
322_HYDRO_1-1,3,0.000000,0.000000,0.000000,1.000000,0.000000,0.000000,0.000000,0.000000,0.000000,0.000000,0.000000,0.000000,0.000000,322,0.000000,0.000000,0.0,0.000000,0.000000
322_HYDRO_1-2,3,0.000000,0.000000,0.000000,1.000000,0.000000,0.000000,0.000000,0.000000,0.000000,0.000000,0.000000,0.000000,0.000000,322,0.000000,0.000000,0.0,0.000000,0.000000
322_HYDRO_1-3,3,0.000000,0.000000,0.000000,1.000000,0.000000,0.000000,0.000000,0.000000,0.000000,0.000000,0.000000,0.000000,0.000000,322,0.000000,0.000000,0.0,0.000000,0.000000
322_HYDRO_4-0,3,0.000000,20.720833,0.000000,1.000000,0.000000,0.000000,0.000000,0.000000,0.000000,0.000000,0.000000,0.000000,0.000000,322,0.000000,0.000000,0.0,0.000000,20.720833
322_HYDRO_4-1,3,0.000000,0.000000,0.000000,1.000000,0.000000,0.000000,0.000000,0.000000,0.000000,0.000000,0.000000,0.000000,0.000000,322,0.000000,0.000000,0.0,0.000000,0.000000
322_HYDRO_4-2,3,0.000000,0.000000,0.000000,1.000000,0.000000,0.000000,0.000000,0.000000,0.000000,0.000000,0.000000,0.000000,0.000000,322,0.000000,0.000000,0.0,0.000000,0.000000
322_HYDRO_4-3,3,0.000000,0.000000,0.000000,1.000000,0.000000,0.000000,0.000000,0.000000,0.000000,0.000000,0.000000,0.000000,0.000000,322,0.000000,0.000000,0.0,0.000000,0.000000
315_CT_6-0,3,26.401998,0.000000,0.000000,1.000000,0.000000,0.000000,0.000000,0.000000,0.000000,26.401998,0.000000,0.000000,0.000000,315,0.000000,26.401998,-0.0,26.401998,22.000000
315_CT_6-1,3,26.401998,0.000000,0.000000,1.000000,0.000000,0.000000,0.000000,0.000000,0.000000,26.401998,0.000000,0.000000,0.000000,315,0.000000,26.401998,-0.0,26.401998,11.000000
315_CT_6-2,3,26.895675,0.000000,0.000000,1.000000,0.000000,0.000000,0.000000,0.493677,0.000000,26.401998,0.000000,0.000000,0.000000,315,0.000000,26.895675,-0.0,26.895675,11.000000
315_CT_6-3,3,31.855768,0.000000,0.000000,1.000000,0.000000,0.000000,0.000000,5.453770,0.000000,26.401998,0.000000,0.000000,0.000000,315,0.000000,31.855768,-0.0,31.855768,11.000000
322_HYDRO_3-0,3,0.000000,20.720833,0.000000,1.000000,0.000000,0.000000,0.000000,0.000000,0.000000,0.000000,0.000000,0.000000,0.000000,322,0.000000,0.000000,0.0,0.000000,20.720833
322_HYDRO_3-1,3,0.000000,0.000000,0.000000,1.000000,0.000000,0.000000,0.000000,0.000000,0.000000,0.000000,0.000000,0.000000,0.000000,322,0.000000,0.000000,0.0,0.000000,0.000000
322_HYDRO_3-2,3,0.000000,0.000000,0.000000,1.000000,0.000000,0.000000,0.000000,0.000000,0.000000,0.000000,0.000000,0.000000,0.000000,322,0.000000,0.000000,0.0,0.000000,0.000000
322_HYDRO_3-3,3,0.000000,0.000000,0.000000,1.000000,0.000000,0.000000,0.000000,0.000000,0.000000,0.000000,0.000000,0.000000,0.000000,322,0.000000,0.000000,0.0,0.000000,0.000000
301_CT_4-0,3,28.469999,0.000000,0.000000,1.000000,0.000000,0.000000,0.000000,0.000000,0.000000,28.469999,0.000000,0.000000,0.000000,301,0.000000,28.469999,-0.0,28.469999,22.000000
301_CT_4-1,3,28.469999,0.000000,0.000000,1.000000,0.000000,0.000000,0.000000,0.000000,0.000000,28.469999,0.000000,0.000000,0.000000,301,0.000000,28.469999,-0.0,28.469999,11.000000
301_CT_4-2,3,29.286315,0.000000,0.000000,1.000000,0.000000,0.000000,0.000000,0.816316,0.000000,28.469999,0.000000,0.000000,0.000000,301,0.000000,29.286315,-0.0,29.286315,11.000000
301_CT_4-3,3,43.742887,0.000000,0.000000,1.000000,0.000000,0.000000,0.000000,15.272887,0.000000,28.469999,0.000000,0.000000,0.000000,301,0.000000,43.742887,-0.0,43.742887,11.000000
316_STEAM_1-0,3,21.116646,0.000000,0.000000,1.000000,0.000000,0.000000,0.000000,0.000000,0.000000,21.116646,0.000000,0.000000,0.000000,316,0.000000,21.116646,-0.0,21.116646,62.000000
316_STEAM_1-1,3,21.116646,0.000000,0.000000,1.000000,0.000000,0.000000,0.000000,0.000000,0.000000,21.116646,0.000000,0.000000,0.000000,316,0.000000,21.116646,-0.0,21.116646,31.000000
316_STEAM_1-2,3,21.287879,0.000000,0.000000,1.000000,0.000000,0.000000,0.000000,0.171233,0.000000,21.116646,0.000000,0.000000,0.000000,316,0.000000,21.287879,-0.0,21.287879,31.000000
316_STEAM_1-3,3,27.274699,0.000000,0.000000,1.000000,0.000000,0.000000,0.000000,6.158053,0.000000,21.116646,0.000000,0.000000,0.000000,316,0.000000,27.274699,-0.0,27.274699,31.000000
302_CT_2-0,3,87.255791,0.000000,0.000000,1.000000,0.000000,0.000000,0.000000,0.000000,0.000000,87.255791,0.000000,0.000000,0.000000,302,0.000000,87.255791,-0.0,87.255791,8.000000
302_CT_2-1,3,87.255791,0.000000,0.000000,1.000000,0.000000,0.000000,0.000000,0.000000,0.000000,87.255791,0.000000,0.000000,0.000000,302,0.000000,87.255791,-0.0,87.255791,4.000000
302_CT_2-2,3,99.695770,0.000000,0.000000,1.000000,0.000000,0.000000,0.000000,12.439979,0.000000,87.255791,0.000000,0.000000,0.000000,302,0.000000,99.695770,-0.0,99.695770,4.000000
302_CT_2-3,3,105.367241,0.000000,0.000000,1.000000,0.000000,0.000000,0.000000,18.111450,0.000000,87.255791,0.000000,0.000000,0.000000,302,0.000000,105.367241,-0.0,105.367241,4.000000
323_CC_2-0,3,26.429209,0.000000,0.000000,1.000000,0.000000,0.000000,0.000000,0.000000,0.000000,26.429209,0.000000,0.000000,0.000000,323,0.000000,26.429209,-0.0,26.429209,170.000000
323_CC_2-1,3,26.429209,0.000000,0.000000,1.000000,0.000000,0.000000,0.000000,0.000000,0.000000,26.429209,0.000000,0.000000,0.000000,323,0.000000,26.429209,-0.0,26.429209,61.666667
323_CC_2-2,3,30.277557,0.000000,0.000000,1.000000,0.000000,0.000000,0.000000,3.848348,0.000000,26.429209,0.000000,0.000000,0.000000,323,0.000000,30.277557,-0.0,30.277557,61.666667
323_CC_2-3,3,31.727490,0.000000,0.000000,1.000000,0.000000,0.000000,0.000000,5.298281,0.000000,26.429209,0.000000,0.000000,0.000000,323,0.000000,31.727490,-0.0,31.727490,61.666667
315_STEAM_1-0,3,75.436777,0.000000,0.000000,1.000000,0.000000,0.000000,0.000000,0.000000,0.000000,75.436777,0.000000,0.000000,0.000000,315,0.000000,75.436777,-0.0,75.436777,5.000000
315_STEAM_1-1,3,75.436777,0.000000,0.000000,1.000000,0.000000,0.000000,0.000000,0.000000,0.000000,75.436777,0.000000,0.000000,0.000000,315,0.000000,75.436777,-0.0,75.436777,2.333333
315_STEAM_1-2,3,100.399529,0.000000,0.000000,1.000000,0.000000,0.000000,0.000000,24.962753,0.000000,75.436777,0.000000,0.000000,0.000000,315,0.000000,100.399529,-0.0,100.399529,2.333333
315_STEAM_1-3,3,124.099655,0.000000,0.000000,1.000000,0.000000,0.000000,0.000000,48.662879,0.000000,75.436777,0.000000,0.000000,0.000000,315,0.000000,124.099655,-0.0,124.099655,2.333333
313_CC_1-0,3,15.731579,0.000000,0.000000,1.000000,0.000000,0.000000,0.000000,0.000000,0.000000,15.731579,0.000000,0.000000,0.000000,313,0.000000,15.731579,-0.0,15.731579,170.000000
313_CC_1-1,3,15.731579,0.000000,0.000000,1.000000,0.000000,0.000000,0.000000,0.000000,0.000000,15.731579,0.000000,0.000000,0.000000,313,0.000000,15.731579,-0.0,15.731579,61.666667
313_CC_1-2,3,26.755735,0.000000,0.000000,1.000000,0.000000,0.000000,0.000000,11.024156,0.000000,15.731579,0.000000,0.000000,0.000000,313,0.000000,26.755735,-0.0,26.755735,61.666667
313_CC_1-3,3,33.752731,0.000000,0.000000,1.000000,0.000000,0.000000,0.000000,18.021152,0.000000,15.731579,0.000000,0.000000,0.000000,313,0.000000,33.752731,-0.0,33.752731,61.666667
323_CC_1-0,3,26.429209,0.000000,0.000000,1.000000,0.000000,0.000000,0.000000,0.000000,0.000000,26.429209,0.000000,0.000000,0.000000,323,0.000000,26.429209,-0.0,26.429209,170.000000
323_CC_1-1,3,26.429209,0.000000,0.000000,1.000000,0.000000,0.000000,0.000000,0.000000,0.000000,26.429209,0.000000,0.000000,0.000000,323,0.000000,26.429209,-0.0,26.429209,61.666667
323_CC_1-2,3,30.277557,0.000000,0.000000,1.000000,0.000000,0.000000,0.000000,3.848348,0.000000,26.429209,0.000000,0.000000,0.000000,323,0.000000,30.277557,-0.0,30.277557,61.666667
323_CC_1-3,3,31.727490,0.000000,0.000000,1.000000,0.000000,0.000000,0.000000,5.298281,0.000000,26.429209,0.000000,0.000000,0.000000,323,0.000000,31.727490,-0.0,31.727490,61.666667
301_CT_1-0,3,87.255791,0.000000,0.000000,1.000000,0.000000,0.000000,0.000000,0.000000,0.000000,87.255791,0.000000,0.000000,0.000000,301,0.000000,87.255791,-0.0,87.255791,8.000000
301_CT_1-1,3,87.255791,0.000000,0.000000,1.000000,0.000000,0.000000,0.000000,0.000000,0.000000,87.255791,0.000000,0.000000,0.000000,301,0.000000,87.255791,-0.0,87.255791,4.000000
301_CT_1-2,3,99.695770,0.000000,0.000000,1.000000,0.000000,0.000000,0.000000,12.439979,0.000000,87.255791,0.000000,0.000000,0.000000,301,0.000000,99.695770,-0.0,99.695770,4.000000
301_CT_1-3,3,105.367241,0.000000,0.000000,1.000000,0.000000,0.000000,0.000000,18.111450,0.000000,87.255791,0.000000,0.000000,0.000000,301,0.000000,105.367241,-0.0,105.367241,4.000000
307_CT_1-0,3,27.894691,0.000000,0.000000,1.000000,0.000000,0.000000,0.000000,0.000000,0.000000,27.894691,0.000000,0.000000,0.000000,307,0.000000,27.894691,-0.0,27.894691,22.000000
307_CT_1-1,3,27.894691,0.000000,0.000000,1.000000,0.000000,0.000000,0.000000,0.000000,0.000000,27.894691,0.000000,0.000000,0.000000,307,0.000000,27.894691,-0.0,27.894691,11.000000
307_CT_1-2,3,29.220233,0.000000,0.000000,1.000000,0.000000,0.000000,0.000000,1.325542,0.000000,27.894691,0.000000,0.000000,0.000000,307,0.000000,29.220233,-0.0,29.220233,11.000000
307_CT_1-3,3,35.474770,0.000000,0.000000,1.000000,0.000000,0.000000,0.000000,7.580079,0.000000,27.894691,0.000000,0.000000,0.000000,307,0.000000,35.474770,-0.0,35.474770,11.000000
315_STEAM_4-0,3,75.436777,0.000000,0.000000,1.000000,0.000000,0.000000,0.000000,0.000000,0.000000,75.436777,0.000000,0.000000,0.000000,315,0.000000,75.436777,-0.0,75.436777,5.000000
315_STEAM_4-1,3,75.436777,0.000000,0.000000,1.000000,0.000000,0.000000,0.000000,0.000000,0.000000,75.436777,0.000000,0.000000,0.000000,315,0.000000,75.436777,-0.0,75.436777,2.333333
315_STEAM_4-2,3,100.399529,0.000000,0.000000,1.000000,0.000000,0.000000,0.000000,24.962753,0.000000,75.436777,0.000000,0.000000,0.000000,315,0.000000,100.399529,-0.0,100.399529,2.333333
315_STEAM_4-3,3,124.099655,0.000000,0.000000,1.000000,0.000000,0.000000,0.000000,48.662879,0.000000,75.436777,0.000000,0.000000,0.000000,315,0.000000,124.099655,-0.0,124.099655,2.333333
315_CT_8-0,3,26.401998,0.000000,0.000000,1.000000,0.000000,0.000000,0.000000,0.000000,0.000000,26.401998,0.000000,0.000000,0.000000,315,0.000000,26.401998,-0.0,26.401998,22.000000
315_CT_8-1,3,26.401998,0.000000,0.000000,1.000000,0.000000,0.000000,0.000000,0.000000,0.000000,26.401998,0.000000,0.000000,0.000000,315,0.000000,26.401998,-0.0,26.401998,11.000000
315_CT_8-2,3,26.895675,0.000000,0.000000,1.000000,0.000000,0.000000,0.000000,0.493677,0.000000,26.401998,0.000000,0.000000,0.000000,315,0.000000,26.895675,-0.0,26.895675,11.000000
315_CT_8-3,3,31.855768,0.000000,0.000000,1.000000,0.000000,0.000000,0.000000,5.453770,0.000000,26.401998,0.000000,0.000000,0.000000,315,0.000000,31.855768,-0.0,31.855768,11.000000
322_CT_6-0,3,23.334982,0.000000,0.000000,1.000000,0.000000,0.000000,0.000000,0.000000,0.000000,23.334982,0.000000,0.000000,0.000000,322,0.000000,23.334982,-0.0,23.334982,22.000000
322_CT_6-1,3,23.334982,0.000000,0.000000,1.000000,0.000000,0.000000,0.000000,0.000000,0.000000,23.334982,0.000000,0.000000,0.000000,322,0.000000,23.334982,-0.0,23.334982,11.000000
322_CT_6-2,3,26.499179,0.000000,0.000000,1.000000,0.000000,0.000000,0.000000,3.164197,0.000000,23.334982,0.000000,0.000000,0.000000,322,0.000000,26.499179,-0.0,26.499179,11.000000
322_CT_6-3,3,27.894691,0.000000,0.000000,1.000000,0.000000,0.000000,0.000000,4.559709,0.000000,23.334982,0.000000,0.000000,0.000000,322,0.000000,27.894691,-0.0,27.894691,11.000000
321_CC_1-0,3,22.732463,0.000000,0.000000,1.000000,0.000000,0.000000,0.000000,0.000000,0.000000,22.732463,0.000000,0.000000,0.000000,321,0.000000,22.732463,-0.0,22.732463,170.000000
321_CC_1-1,3,22.732463,0.000000,0.000000,1.000000,0.000000,0.000000,0.000000,0.000000,0.000000,22.732463,0.000000,0.000000,0.000000,321,0.000000,22.732463,-0.0,22.732463,61.666667
321_CC_1-2,3,25.908321,0.000000,0.000000,1.000000,0.000000,0.000000,0.000000,3.175859,0.000000,22.732463,0.000000,0.000000,0.000000,321,0.000000,25.908321,-0.0,25.908321,61.666667
321_CC_1-3,3,33.947092,0.000000,0.000000,1.000000,0.000000,0.000000,0.000000,11.214630,0.000000,22.732463,0.000000,0.000000,0.000000,321,0.000000,33.947092,-0.0,33.947092,61.666667
318_CC_1-0,3,26.845141,0.000000,0.000000,1.000000,0.000000,0.000000,0.000000,0.000000,0.000000,26.845141,0.000000,0.000000,0.000000,318,0.000000,26.845141,-0.0,26.845141,170.000000
318_CC_1-1,3,26.845141,0.000000,0.000000,1.000000,0.000000,0.000000,0.000000,0.000000,0.000000,26.845141,0.000000,0.000000,0.000000,318,0.000000,26.845141,-0.0,26.845141,61.666667
318_CC_1-2,3,27.276623,0.000000,0.000000,1.000000,0.000000,0.000000,0.000000,0.431481,0.000000,26.845141,0.000000,0.000000,0.000000,318,0.000000,27.276623,-0.0,27.276623,61.666667
318_CC_1-3,3,31.529241,0.000000,0.000000,1.000000,0.000000,0.000000,0.000000,4.684100,0.000000,26.845141,0.000000,0.000000,0.000000,318,0.000000,31.529241,-0.0,31.529241,61.666667
301_CT_2-0,3,87.255791,0.000000,0.000000,1.000000,0.000000,0.000000,0.000000,0.000000,0.000000,87.255791,0.000000,0.000000,0.000000,301,0.000000,87.255791,-0.0,87.255791,8.000000
301_CT_2-1,3,87.255791,0.000000,0.000000,1.000000,0.000000,0.000000,0.000000,0.000000,0.000000,87.255791,0.000000,0.000000,0.000000,301,0.000000,87.255791,-0.0,87.255791,4.000000
301_CT_2-2,3,99.695770,0.000000,0.000000,1.000000,0.000000,0.000000,0.000000,12.439979,0.000000,87.255791,0.000000,0.000000,0.000000,301,0.000000,99.695770,-0.0,99.695770,4.000000
301_CT_2-3,3,105.367241,0.000000,0.000000,1.000000,0.000000,0.000000,0.000000,18.111450,0.000000,87.255791,0.000000,0.000000,0.000000,301,0.000000,105.367241,-0.0,105.367241,4.000000
315_CT_7-0,3,26.401998,0.000000,0.000000,1.000000,0.000000,0.000000,0.000000,0.000000,0.000000,26.401998,0.000000,0.000000,0.000000,315,0.000000,26.401998,-0.0,26.401998,22.000000
315_CT_7-1,3,26.401998,0.000000,0.000000,1.000000,0.000000,0.000000,0.000000,0.000000,0.000000,26.401998,0.000000,0.000000,0.000000,315,0.000000,26.401998,-0.0,26.401998,11.000000
315_CT_7-2,3,26.895675,0.000000,0.000000,1.000000,0.000000,0.000000,0.000000,0.493677,0.000000,26.401998,0.000000,0.000000,0.000000,315,0.000000,26.895675,-0.0,26.895675,11.000000
315_CT_7-3,3,31.855768,0.000000,0.000000,1.000000,0.000000,0.000000,0.000000,5.453770,0.000000,26.401998,0.000000,0.000000,0.000000,315,0.000000,31.855768,-0.0,31.855768,11.000000
322_HYDRO_2-0,3,0.000000,20.720833,0.000000,1.000000,0.000000,0.000000,0.000000,0.000000,0.000000,0.000000,0.000000,0.000000,0.000000,322,0.000000,0.000000,0.0,0.000000,20.720833
322_HYDRO_2-1,3,0.000000,0.000000,0.000000,1.000000,0.000000,0.000000,0.000000,0.000000,0.000000,0.000000,0.000000,0.000000,0.000000,322,0.000000,0.000000,0.0,0.000000,0.000000
322_HYDRO_2-2,3,0.000000,0.000000,0.000000,1.000000,0.000000,0.000000,0.000000,0.000000,0.000000,0.000000,0.000000,0.000000,0.000000,322,0.000000,0.000000,0.0,0.000000,0.000000
322_HYDRO_2-3,3,0.000000,0.000000,0.000000,1.000000,0.000000,0.000000,0.000000,0.000000,0.000000,0.000000,0.000000,0.000000,0.000000,322,0.000000,0.000000,0.0,0.000000,0.000000
301_CT_3-0,3,28.469999,0.000000,0.000000,1.000000,0.000000,0.000000,0.000000,0.000000,0.000000,28.469999,0.000000,0.000000,0.000000,301,0.000000,28.469999,-0.0,28.469999,22.000000
301_CT_3-1,3,28.469999,0.000000,0.000000,1.000000,0.000000,0.000000,0.000000,0.000000,0.000000,28.469999,0.000000,0.000000,0.000000,301,0.000000,28.469999,-0.0,28.469999,11.000000
301_CT_3-2,3,29.286315,0.000000,0.000000,1.000000,0.000000,0.000000,0.000000,0.816316,0.000000,28.469999,0.000000,0.000000,0.000000,301,0.000000,29.286315,-0.0,29.286315,11.000000
301_CT_3-3,3,43.742887,0.000000,0.000000,1.000000,0.000000,0.000000,0.000000,15.272887,0.000000,28.469999,0.000000,0.000000,0.000000,301,0.000000,43.742887,-0.0,43.742887,11.000000
302_CT_3-0,3,33.791603,0.000000,0.000000,1.000000,0.000000,0.000000,0.000000,0.000000,0.000000,33.791603,0.000000,0.000000,0.000000,302,0.000000,33.791603,-0.0,33.791603,22.000000
302_CT_3-1,3,33.791603,0.000000,0.000000,1.000000,0.000000,0.000000,0.000000,0.000000,0.000000,33.791603,0.000000,0.000000,0.000000,302,0.000000,33.791603,-0.0,33.791603,11.000000
302_CT_3-2,3,38.382410,0.000000,0.000000,1.000000,0.000000,0.000000,0.000000,4.590807,0.000000,33.791603,0.000000,0.000000,0.000000,302,0.000000,38.382410,-0.0,38.382410,11.000000
302_CT_3-3,3,38.635080,0.000000,0.000000,1.000000,0.000000,0.000000,0.000000,4.843476,0.000000,33.791603,0.000000,0.000000,0.000000,302,0.000000,38.635080,-0.0,38.635080,11.000000
315_STEAM_2-0,3,75.436777,0.000000,0.000000,1.000000,0.000000,0.000000,0.000000,0.000000,0.000000,75.436777,0.000000,0.000000,0.000000,315,0.000000,75.436777,-0.0,75.436777,5.000000
315_STEAM_2-1,3,75.436777,0.000000,0.000000,1.000000,0.000000,0.000000,0.000000,0.000000,0.000000,75.436777,0.000000,0.000000,0.000000,315,0.000000,75.436777,-0.0,75.436777,2.333333
315_STEAM_2-2,3,100.399529,0.000000,0.000000,1.000000,0.000000,0.000000,0.000000,24.962753,0.000000,75.436777,0.000000,0.000000,0.000000,315,0.000000,100.399529,-0.0,100.399529,2.333333
315_STEAM_2-3,3,124.099655,0.000000,0.000000,1.000000,0.000000,0.000000,0.000000,48.662879,0.000000,75.436777,0.000000,0.000000,0.000000,315,0.000000,124.099655,-0.0,124.099655,2.333333
302_CT_4-0,3,33.791603,0.000000,0.000000,1.000000,0.000000,0.000000,0.000000,0.000000,0.000000,33.791603,0.000000,0.000000,0.000000,302,0.000000,33.791603,-0.0,33.791603,22.000000
302_CT_4-1,3,33.791603,0.000000,0.000000,1.000000,0.000000,0.000000,0.000000,0.000000,0.000000,33.791603,0.000000,0.000000,0.000000,302,0.000000,33.791603,-0.0,33.791603,11.000000
302_CT_4-2,3,38.382410,0.000000,0.000000,1.000000,0.000000,0.000000,0.000000,4.590807,0.000000,33.791603,0.000000,0.000000,0.000000,302,0.000000,38.382410,-0.0,38.382410,11.000000
302_CT_4-3,3,38.635080,0.000000,0.000000,1.000000,0.000000,0.000000,0.000000,4.843476,0.000000,33.791603,0.000000,0.000000,0.000000,302,0.000000,38.635080,-0.0,38.635080,11.000000
315_STEAM_5-0,3,75.436777,0.000000,0.000000,1.000000,0.000000,0.000000,0.000000,0.000000,0.000000,75.436777,0.000000,0.000000,0.000000,315,0.000000,75.436777,-0.0,75.436777,5.000000
315_STEAM_5-1,3,75.436777,0.000000,0.000000,1.000000,0.000000,0.000000,0.000000,0.000000,0.000000,75.436777,0.000000,0.000000,0.000000,315,0.000000,75.436777,-0.0,75.436777,2.333333
315_STEAM_5-2,3,100.399529,0.000000,0.000000,1.000000,0.000000,0.000000,0.000000,24.962753,0.000000,75.436777,0.000000,0.000000,0.000000,315,0.000000,100.399529,-0.0,100.399529,2.333333
315_STEAM_5-3,3,124.099655,0.000000,0.000000,1.000000,0.000000,0.000000,0.000000,48.662879,0.000000,75.436777,0.000000,0.000000,0.000000,315,0.000000,124.099655,-0.0,124.099655,2.333333
315_STEAM_3-0,3,75.436777,0.000000,0.000000,1.000000,0.000000,0.000000,0.000000,0.000000,0.000000,75.436777,0.000000,0.000000,0.000000,315,0.000000,75.436777,-0.0,75.436777,5.000000
315_STEAM_3-1,3,75.436777,0.000000,0.000000,1.000000,0.000000,0.000000,0.000000,0.000000,0.000000,75.436777,0.000000,0.000000,0.000000,315,0.000000,75.436777,-0.0,75.436777,2.333333
315_STEAM_3-2,3,100.399529,0.000000,0.000000,1.000000,0.000000,0.000000,0.000000,24.962753,0.000000,75.436777,0.000000,0.000000,0.000000,315,0.000000,100.399529,-0.0,100.399529,2.333333
315_STEAM_3-3,3,124.099655,0.000000,0.000000,1.000000,0.000000,0.000000,0.000000,48.662879,0.000000,75.436777,0.000000,0.000000,0.000000,315,0.000000,124.099655,-0.0,124.099655,2.333333
302_CT_1-0,3,87.255791,0.000000,0.000000,1.000000,0.000000,0.000000,0.000000,0.000000,0.000000,87.255791,0.000000,0.000000,0.000000,302,0.000000,87.255791,-0.0,87.255791,8.000000
302_CT_1-1,3,87.255791,0.000000,0.000000,1.000000,0.000000,0.000000,0.000000,0.000000,0.000000,87.255791,0.000000,0.000000,0.000000,302,0.000000,87.255791,-0.0,87.255791,4.000000
302_CT_1-2,3,99.695770,0.000000,0.000000,1.000000,0.000000,0.000000,0.000000,12.439979,0.000000,87.255791,0.000000,0.000000,0.000000,302,0.000000,99.695770,-0.0,99.695770,4.000000
302_CT_1-3,3,105.367241,0.000000,0.000000,1.000000,0.000000,0.000000,0.000000,18.111450,0.000000,87.255791,0.000000,0.000000,0.000000,302,0.000000,105.367241,-0.0,105.367241,4.000000
322_CT_5-0,3,23.334982,0.000000,0.000000,1.000000,0.000000,0.000000,0.000000,0.000000,0.000000,23.334982,0.000000,0.000000,0.000000,322,0.000000,23.334982,-0.0,23.334982,22.000000
322_CT_5-1,3,23.334982,0.000000,0.000000,1.000000,0.000000,0.000000,0.000000,0.000000,0.000000,23.334982,0.000000,0.000000,0.000000,322,0.000000,23.334982,-0.0,23.334982,11.000000
322_CT_5-2,3,26.499179,0.000000,0.000000,1.000000,0.000000,0.000000,0.000000,3.164197,0.000000,23.334982,0.000000,0.000000,0.000000,322,0.000000,26.499179,-0.0,26.499179,11.000000
322_CT_5-3,3,27.894691,0.000000,0.000000,1.000000,0.000000,0.000000,0.000000,4.559709,0.000000,23.334982,0.000000,0.000000,0.000000,322,0.000000,27.894691,-0.0,27.894691,11.000000
307_CT_2-0,3,27.894691,0.000000,0.000000,1.000000,0.000000,0.000000,0.000000,0.000000,0.000000,27.894691,0.000000,0.000000,0.000000,307,0.000000,27.894691,-0.0,27.894691,22.000000
307_CT_2-1,3,27.894691,0.000000,0.000000,1.000000,0.000000,0.000000,0.000000,0.000000,0.000000,27.894691,0.000000,0.000000,0.000000,307,0.000000,27.894691,-0.0,27.894691,11.000000
307_CT_2-2,3,29.220233,0.000000,0.000000,1.000000,0.000000,0.000000,0.000000,1.325542,0.000000,27.894691,0.000000,0.000000,0.000000,307,0.000000,29.220233,-0.0,29.220233,11.000000
307_CT_2-3,3,35.474770,0.000000,0.000000,1.000000,0.000000,0.000000,0.000000,7.580079,0.000000,27.894691,0.000000,0.000000,0.000000,307,0.000000,35.474770,-0.0,35.474770,11.000000
322_HYDRO_1-0,4,0.000000,22.512500,0.000000,1.000000,0.000000,0.000000,0.000000,0.000000,0.000000,0.000000,0.000000,0.000000,0.000000,322,0.000000,0.000000,0.0,0.000000,22.512500
322_HYDRO_1-1,4,0.000000,0.000000,0.000000,1.000000,0.000000,0.000000,0.000000,0.000000,0.000000,0.000000,0.000000,0.000000,0.000000,322,0.000000,0.000000,0.0,0.000000,0.000000
322_HYDRO_1-2,4,0.000000,0.000000,0.000000,1.000000,0.000000,0.000000,0.000000,0.000000,0.000000,0.000000,0.000000,0.000000,0.000000,322,0.000000,0.000000,0.0,0.000000,0.000000
322_HYDRO_1-3,4,0.000000,0.000000,0.000000,1.000000,0.000000,0.000000,0.000000,0.000000,0.000000,0.000000,0.000000,0.000000,0.000000,322,0.000000,0.000000,0.0,0.000000,0.000000
322_HYDRO_4-0,4,0.000000,22.512500,0.000000,1.000000,0.000000,0.000000,0.000000,0.000000,0.000000,0.000000,0.000000,0.000000,0.000000,322,0.000000,0.000000,0.0,0.000000,22.512500
322_HYDRO_4-1,4,0.000000,0.000000,0.000000,1.000000,0.000000,0.000000,0.000000,0.000000,0.000000,0.000000,0.000000,0.000000,0.000000,322,0.000000,0.000000,0.0,0.000000,0.000000
322_HYDRO_4-2,4,0.000000,0.000000,0.000000,1.000000,0.000000,0.000000,0.000000,0.000000,0.000000,0.000000,0.000000,0.000000,0.000000,322,0.000000,0.000000,0.0,0.000000,0.000000
322_HYDRO_4-3,4,0.000000,0.000000,0.000000,1.000000,0.000000,0.000000,0.000000,0.000000,0.000000,0.000000,0.000000,0.000000,0.000000,322,0.000000,0.000000,0.0,0.000000,0.000000
315_CT_6-0,4,26.401998,0.000000,0.000000,1.000000,0.000000,0.000000,0.000000,0.000000,0.000000,26.401998,0.000000,0.000000,0.000000,315,0.000000,26.401998,-0.0,26.401998,22.000000
315_CT_6-1,4,26.401998,0.000000,0.000000,1.000000,0.000000,0.000000,0.000000,0.000000,0.000000,26.401998,0.000000,0.000000,0.000000,315,0.000000,26.401998,-0.0,26.401998,11.000000
315_CT_6-2,4,26.895675,0.000000,0.000000,1.000000,0.000000,0.000000,0.000000,0.493677,0.000000,26.401998,0.000000,0.000000,0.000000,315,0.000000,26.895675,-0.0,26.895675,11.000000
315_CT_6-3,4,31.855768,0.000000,0.000000,1.000000,0.000000,0.000000,0.000000,5.453770,0.000000,26.401998,0.000000,0.000000,0.000000,315,0.000000,31.855768,-0.0,31.855768,11.000000
322_HYDRO_3-0,4,0.000000,0.000000,0.000000,1.000000,0.000000,0.000000,0.000000,0.000000,0.000000,0.000000,0.000000,0.000000,0.000000,322,0.000000,0.000000,0.0,0.000000,22.512500
322_HYDRO_3-1,4,0.000000,0.000000,0.000000,1.000000,0.000000,0.000000,0.000000,0.000000,0.000000,0.000000,0.000000,0.000000,0.000000,322,0.000000,0.000000,0.0,0.000000,0.000000
322_HYDRO_3-2,4,0.000000,0.000000,0.000000,1.000000,0.000000,0.000000,0.000000,0.000000,0.000000,0.000000,0.000000,0.000000,0.000000,322,0.000000,0.000000,0.0,0.000000,0.000000
322_HYDRO_3-3,4,0.000000,0.000000,0.000000,1.000000,0.000000,0.000000,0.000000,0.000000,0.000000,0.000000,0.000000,0.000000,0.000000,322,0.000000,0.000000,0.0,0.000000,0.000000
301_CT_4-0,4,28.469999,0.000000,0.000000,1.000000,0.000000,0.000000,0.000000,0.000000,0.000000,28.469999,0.000000,0.000000,0.000000,301,0.000000,28.469999,-0.0,28.469999,22.000000
301_CT_4-1,4,28.469999,0.000000,0.000000,1.000000,0.000000,0.000000,0.000000,0.000000,0.000000,28.469999,0.000000,0.000000,0.000000,301,0.000000,28.469999,-0.0,28.469999,11.000000
301_CT_4-2,4,29.286315,0.000000,0.000000,1.000000,0.000000,0.000000,0.000000,0.816316,0.000000,28.469999,0.000000,0.000000,0.000000,301,0.000000,29.286315,-0.0,29.286315,11.000000
301_CT_4-3,4,43.742887,0.000000,0.000000,1.000000,0.000000,0.000000,0.000000,15.272887,0.000000,28.469999,0.000000,0.000000,0.000000,301,0.000000,43.742887,-0.0,43.742887,11.000000
316_STEAM_1-0,4,21.116646,0.000000,0.000000,1.000000,0.000000,0.000000,0.000000,0.000000,0.000000,21.116646,0.000000,0.000000,0.000000,316,0.000000,21.116646,-0.0,21.116646,62.000000
316_STEAM_1-1,4,21.116646,0.000000,0.000000,1.000000,0.000000,0.000000,0.000000,0.000000,0.000000,21.116646,0.000000,0.000000,0.000000,316,0.000000,21.116646,-0.0,21.116646,31.000000
316_STEAM_1-2,4,21.287879,0.000000,0.000000,1.000000,0.000000,0.000000,0.000000,0.171233,0.000000,21.116646,0.000000,0.000000,0.000000,316,0.000000,21.287879,-0.0,21.287879,31.000000
316_STEAM_1-3,4,27.274699,0.000000,0.000000,1.000000,0.000000,0.000000,0.000000,6.158053,0.000000,21.116646,0.000000,0.000000,0.000000,316,0.000000,27.274699,-0.0,27.274699,31.000000
302_CT_2-0,4,87.255791,0.000000,0.000000,1.000000,0.000000,0.000000,0.000000,0.000000,0.000000,87.255791,0.000000,0.000000,0.000000,302,0.000000,87.255791,-0.0,87.255791,8.000000
302_CT_2-1,4,87.255791,0.000000,0.000000,1.000000,0.000000,0.000000,0.000000,0.000000,0.000000,87.255791,0.000000,0.000000,0.000000,302,0.000000,87.255791,-0.0,87.255791,4.000000
302_CT_2-2,4,99.695770,0.000000,0.000000,1.000000,0.000000,0.000000,0.000000,12.439979,0.000000,87.255791,0.000000,0.000000,0.000000,302,0.000000,99.695770,-0.0,99.695770,4.000000
302_CT_2-3,4,105.367241,0.000000,0.000000,1.000000,0.000000,0.000000,0.000000,18.111450,0.000000,87.255791,0.000000,0.000000,0.000000,302,0.000000,105.367241,-0.0,105.367241,4.000000
323_CC_2-0,4,26.429209,0.000000,0.000000,1.000000,0.000000,0.000000,0.000000,0.000000,0.000000,26.429209,0.000000,0.000000,0.000000,323,0.000000,26.429209,-0.0,26.429209,170.000000
323_CC_2-1,4,26.429209,0.000000,0.000000,1.000000,0.000000,0.000000,0.000000,0.000000,0.000000,26.429209,0.000000,0.000000,0.000000,323,0.000000,26.429209,-0.0,26.429209,61.666667
323_CC_2-2,4,30.277557,0.000000,0.000000,1.000000,0.000000,0.000000,0.000000,3.848348,0.000000,26.429209,0.000000,0.000000,0.000000,323,0.000000,30.277557,-0.0,30.277557,61.666667
323_CC_2-3,4,31.727490,0.000000,0.000000,1.000000,0.000000,0.000000,0.000000,5.298281,0.000000,26.429209,0.000000,0.000000,0.000000,323,0.000000,31.727490,-0.0,31.727490,61.666667
315_STEAM_1-0,4,75.436777,0.000000,0.000000,1.000000,0.000000,0.000000,0.000000,0.000000,0.000000,75.436777,0.000000,0.000000,0.000000,315,0.000000,75.436777,-0.0,75.436777,5.000000
315_STEAM_1-1,4,75.436777,0.000000,0.000000,1.000000,0.000000,0.000000,0.000000,0.000000,0.000000,75.436777,0.000000,0.000000,0.000000,315,0.000000,75.436777,-0.0,75.436777,2.333333
315_STEAM_1-2,4,100.399529,0.000000,0.000000,1.000000,0.000000,0.000000,0.000000,24.962753,0.000000,75.436777,0.000000,0.000000,0.000000,315,0.000000,100.399529,-0.0,100.399529,2.333333
315_STEAM_1-3,4,124.099655,0.000000,0.000000,1.000000,0.000000,0.000000,0.000000,48.662879,0.000000,75.436777,0.000000,0.000000,0.000000,315,0.000000,124.099655,-0.0,124.099655,2.333333
313_CC_1-0,4,15.731579,0.000000,0.000000,1.000000,0.000000,0.000000,0.000000,0.000000,0.000000,15.731579,0.000000,0.000000,0.000000,313,0.000000,15.731579,-0.0,15.731579,170.000000
313_CC_1-1,4,15.731579,0.000000,0.000000,1.000000,0.000000,0.000000,0.000000,0.000000,0.000000,15.731579,0.000000,0.000000,0.000000,313,0.000000,15.731579,-0.0,15.731579,61.666667
313_CC_1-2,4,26.755735,0.000000,0.000000,1.000000,0.000000,0.000000,0.000000,11.024156,0.000000,15.731579,0.000000,0.000000,0.000000,313,0.000000,26.755735,-0.0,26.755735,61.666667
313_CC_1-3,4,33.752731,0.000000,0.000000,1.000000,0.000000,0.000000,0.000000,18.021152,0.000000,15.731579,0.000000,0.000000,0.000000,313,0.000000,33.752731,-0.0,33.752731,61.666667
323_CC_1-0,4,26.429209,0.000000,0.000000,1.000000,0.000000,0.000000,0.000000,0.000000,0.000000,26.429209,0.000000,0.000000,0.000000,323,0.000000,26.429209,-0.0,26.429209,170.000000
323_CC_1-1,4,26.429209,0.000000,0.000000,1.000000,0.000000,0.000000,0.000000,0.000000,0.000000,26.429209,0.000000,0.000000,0.000000,323,0.000000,26.429209,-0.0,26.429209,61.666667
323_CC_1-2,4,30.277557,0.000000,0.000000,1.000000,0.000000,0.000000,0.000000,3.848348,0.000000,26.429209,0.000000,0.000000,0.000000,323,0.000000,30.277557,-0.0,30.277557,61.666667
323_CC_1-3,4,31.727490,0.000000,0.000000,1.000000,0.000000,0.000000,0.000000,5.298281,0.000000,26.429209,0.000000,0.000000,0.000000,323,0.000000,31.727490,-0.0,31.727490,61.666667
301_CT_1-0,4,87.255791,0.000000,0.000000,1.000000,0.000000,0.000000,0.000000,0.000000,0.000000,87.255791,0.000000,0.000000,0.000000,301,0.000000,87.255791,-0.0,87.255791,8.000000
301_CT_1-1,4,87.255791,0.000000,0.000000,1.000000,0.000000,0.000000,0.000000,0.000000,0.000000,87.255791,0.000000,0.000000,0.000000,301,0.000000,87.255791,-0.0,87.255791,4.000000
301_CT_1-2,4,99.695770,0.000000,0.000000,1.000000,0.000000,0.000000,0.000000,12.439979,0.000000,87.255791,0.000000,0.000000,0.000000,301,0.000000,99.695770,-0.0,99.695770,4.000000
301_CT_1-3,4,105.367241,0.000000,0.000000,1.000000,0.000000,0.000000,0.000000,18.111450,0.000000,87.255791,0.000000,0.000000,0.000000,301,0.000000,105.367241,-0.0,105.367241,4.000000
307_CT_1-0,4,27.894691,0.000000,0.000000,1.000000,0.000000,0.000000,0.000000,0.000000,0.000000,27.894691,0.000000,0.000000,0.000000,307,0.000000,27.894691,-0.0,27.894691,22.000000
307_CT_1-1,4,27.894691,0.000000,0.000000,1.000000,0.000000,0.000000,0.000000,0.000000,0.000000,27.894691,0.000000,0.000000,0.000000,307,0.000000,27.894691,-0.0,27.894691,11.000000
307_CT_1-2,4,29.220233,0.000000,0.000000,1.000000,0.000000,0.000000,0.000000,1.325542,0.000000,27.894691,0.000000,0.000000,0.000000,307,0.000000,29.220233,-0.0,29.220233,11.000000
307_CT_1-3,4,35.474770,0.000000,0.000000,1.000000,0.000000,0.000000,0.000000,7.580079,0.000000,27.894691,0.000000,0.000000,0.000000,307,0.000000,35.474770,-0.0,35.474770,11.000000
315_STEAM_4-0,4,75.436777,0.000000,0.000000,1.000000,0.000000,0.000000,0.000000,0.000000,0.000000,75.436777,0.000000,0.000000,0.000000,315,0.000000,75.436777,-0.0,75.436777,5.000000
315_STEAM_4-1,4,75.436777,0.000000,0.000000,1.000000,0.000000,0.000000,0.000000,0.000000,0.000000,75.436777,0.000000,0.000000,0.000000,315,0.000000,75.436777,-0.0,75.436777,2.333333
315_STEAM_4-2,4,100.399529,0.000000,0.000000,1.000000,0.000000,0.000000,0.000000,24.962753,0.000000,75.436777,0.000000,0.000000,0.000000,315,0.000000,100.399529,-0.0,100.399529,2.333333
315_STEAM_4-3,4,124.099655,0.000000,0.000000,1.000000,0.000000,0.000000,0.000000,48.662879,0.000000,75.436777,0.000000,0.000000,0.000000,315,0.000000,124.099655,-0.0,124.099655,2.333333
315_CT_8-0,4,26.401998,0.000000,0.000000,1.000000,0.000000,0.000000,0.000000,0.000000,0.000000,26.401998,0.000000,0.000000,0.000000,315,0.000000,26.401998,-0.0,26.401998,22.000000
315_CT_8-1,4,26.401998,0.000000,0.000000,1.000000,0.000000,0.000000,0.000000,0.000000,0.000000,26.401998,0.000000,0.000000,0.000000,315,0.000000,26.401998,-0.0,26.401998,11.000000
315_CT_8-2,4,26.895675,0.000000,0.000000,1.000000,0.000000,0.000000,0.000000,0.493677,0.000000,26.401998,0.000000,0.000000,0.000000,315,0.000000,26.895675,-0.0,26.895675,11.000000
315_CT_8-3,4,31.855768,0.000000,0.000000,1.000000,0.000000,0.000000,0.000000,5.453770,0.000000,26.401998,0.000000,0.000000,0.000000,315,0.000000,31.855768,-0.0,31.855768,11.000000
322_CT_6-0,4,23.334982,0.000000,0.000000,1.000000,0.000000,0.000000,0.000000,0.000000,0.000000,23.334982,0.000000,0.000000,0.000000,322,0.000000,23.334982,-0.0,23.334982,22.000000
322_CT_6-1,4,23.334982,0.000000,0.000000,1.000000,0.000000,0.000000,0.000000,0.000000,0.000000,23.334982,0.000000,0.000000,0.000000,322,0.000000,23.334982,-0.0,23.334982,11.000000
322_CT_6-2,4,26.499179,0.000000,0.000000,1.000000,0.000000,0.000000,0.000000,3.164197,0.000000,23.334982,0.000000,0.000000,0.000000,322,0.000000,26.499179,-0.0,26.499179,11.000000
322_CT_6-3,4,27.894691,0.000000,0.000000,1.000000,0.000000,0.000000,0.000000,4.559709,0.000000,23.334982,0.000000,0.000000,0.000000,322,0.000000,27.894691,-0.0,27.894691,11.000000
321_CC_1-0,4,22.732463,0.000000,0.000000,1.000000,0.000000,0.000000,0.000000,0.000000,0.000000,22.732463,0.000000,0.000000,0.000000,321,0.000000,22.732463,-0.0,22.732463,170.000000
321_CC_1-1,4,22.732463,0.000000,0.000000,1.000000,0.000000,0.000000,0.000000,0.000000,0.000000,22.732463,0.000000,0.000000,0.000000,321,0.000000,22.732463,-0.0,22.732463,61.666667
321_CC_1-2,4,25.908321,0.000000,0.000000,1.000000,0.000000,0.000000,0.000000,3.175859,0.000000,22.732463,0.000000,0.000000,0.000000,321,0.000000,25.908321,-0.0,25.908321,61.666667
321_CC_1-3,4,33.947092,0.000000,0.000000,1.000000,0.000000,0.000000,0.000000,11.214630,0.000000,22.732463,0.000000,0.000000,0.000000,321,0.000000,33.947092,-0.0,33.947092,61.666667
318_CC_1-0,4,26.845141,0.000000,0.000000,1.000000,0.000000,0.000000,0.000000,0.000000,0.000000,26.845141,0.000000,0.000000,0.000000,318,0.000000,26.845141,-0.0,26.845141,170.000000
318_CC_1-1,4,26.845141,0.000000,0.000000,1.000000,0.000000,0.000000,0.000000,0.000000,0.000000,26.845141,0.000000,0.000000,0.000000,318,0.000000,26.845141,-0.0,26.845141,61.666667
318_CC_1-2,4,27.276623,0.000000,0.000000,1.000000,0.000000,0.000000,0.000000,0.431481,0.000000,26.845141,0.000000,0.000000,0.000000,318,0.000000,27.276623,-0.0,27.276623,61.666667
318_CC_1-3,4,31.529241,0.000000,0.000000,1.000000,0.000000,0.000000,0.000000,4.684100,0.000000,26.845141,0.000000,0.000000,0.000000,318,0.000000,31.529241,-0.0,31.529241,61.666667
301_CT_2-0,4,87.255791,0.000000,0.000000,1.000000,0.000000,0.000000,0.000000,0.000000,0.000000,87.255791,0.000000,0.000000,0.000000,301,0.000000,87.255791,-0.0,87.255791,8.000000
301_CT_2-1,4,87.255791,0.000000,0.000000,1.000000,0.000000,0.000000,0.000000,0.000000,0.000000,87.255791,0.000000,0.000000,0.000000,301,0.000000,87.255791,-0.0,87.255791,4.000000
301_CT_2-2,4,99.695770,0.000000,0.000000,1.000000,0.000000,0.000000,0.000000,12.439979,0.000000,87.255791,0.000000,0.000000,0.000000,301,0.000000,99.695770,-0.0,99.695770,4.000000
301_CT_2-3,4,105.367241,0.000000,0.000000,1.000000,0.000000,0.000000,0.000000,18.111450,0.000000,87.255791,0.000000,0.000000,0.000000,301,0.000000,105.367241,-0.0,105.367241,4.000000
315_CT_7-0,4,26.401998,0.000000,0.000000,1.000000,0.000000,0.000000,0.000000,0.000000,0.000000,26.401998,0.000000,0.000000,0.000000,315,0.000000,26.401998,-0.0,26.401998,22.000000
315_CT_7-1,4,26.401998,0.000000,0.000000,1.000000,0.000000,0.000000,0.000000,0.000000,0.000000,26.401998,0.000000,0.000000,0.000000,315,0.000000,26.401998,-0.0,26.401998,11.000000
315_CT_7-2,4,26.895675,0.000000,0.000000,1.000000,0.000000,0.000000,0.000000,0.493677,0.000000,26.401998,0.000000,0.000000,0.000000,315,0.000000,26.895675,-0.0,26.895675,11.000000
315_CT_7-3,4,31.855768,0.000000,0.000000,1.000000,0.000000,0.000000,0.000000,5.453770,0.000000,26.401998,0.000000,0.000000,0.000000,315,0.000000,31.855768,-0.0,31.855768,11.000000
322_HYDRO_2-0,4,0.000000,0.000000,0.000000,1.000000,0.000000,0.000000,0.000000,0.000000,0.000000,0.000000,0.000000,0.000000,0.000000,322,0.000000,0.000000,0.0,0.000000,22.512500
322_HYDRO_2-1,4,0.000000,0.000000,0.000000,1.000000,0.000000,0.000000,0.000000,0.000000,0.000000,0.000000,0.000000,0.000000,0.000000,322,0.000000,0.000000,0.0,0.000000,0.000000
322_HYDRO_2-2,4,0.000000,0.000000,0.000000,1.000000,0.000000,0.000000,0.000000,0.000000,0.000000,0.000000,0.000000,0.000000,0.000000,322,0.000000,0.000000,0.0,0.000000,0.000000
322_HYDRO_2-3,4,0.000000,0.000000,0.000000,1.000000,0.000000,0.000000,0.000000,0.000000,0.000000,0.000000,0.000000,0.000000,0.000000,322,0.000000,0.000000,0.0,0.000000,0.000000
301_CT_3-0,4,28.469999,0.000000,0.000000,1.000000,0.000000,0.000000,0.000000,0.000000,0.000000,28.469999,0.000000,0.000000,0.000000,301,0.000000,28.469999,-0.0,28.469999,22.000000
301_CT_3-1,4,28.469999,0.000000,0.000000,1.000000,0.000000,0.000000,0.000000,0.000000,0.000000,28.469999,0.000000,0.000000,0.000000,301,0.000000,28.469999,-0.0,28.469999,11.000000
301_CT_3-2,4,29.286315,0.000000,0.000000,1.000000,0.000000,0.000000,0.000000,0.816316,0.000000,28.469999,0.000000,0.000000,0.000000,301,0.000000,29.286315,-0.0,29.286315,11.000000
301_CT_3-3,4,43.742887,0.000000,0.000000,1.000000,0.000000,0.000000,0.000000,15.272887,0.000000,28.469999,0.000000,0.000000,0.000000,301,0.000000,43.742887,-0.0,43.742887,11.000000
302_CT_3-0,4,33.791603,0.000000,0.000000,1.000000,0.000000,0.000000,0.000000,0.000000,0.000000,33.791603,0.000000,0.000000,0.000000,302,0.000000,33.791603,-0.0,33.791603,22.000000
302_CT_3-1,4,33.791603,0.000000,0.000000,1.000000,0.000000,0.000000,0.000000,0.000000,0.000000,33.791603,0.000000,0.000000,0.000000,302,0.000000,33.791603,-0.0,33.791603,11.000000
302_CT_3-2,4,38.382410,0.000000,0.000000,1.000000,0.000000,0.000000,0.000000,4.590807,0.000000,33.791603,0.000000,0.000000,0.000000,302,0.000000,38.382410,-0.0,38.382410,11.000000
302_CT_3-3,4,38.635080,0.000000,0.000000,1.000000,0.000000,0.000000,0.000000,4.843476,0.000000,33.791603,0.000000,0.000000,0.000000,302,0.000000,38.635080,-0.0,38.635080,11.000000
315_STEAM_2-0,4,75.436777,0.000000,0.000000,1.000000,0.000000,0.000000,0.000000,0.000000,0.000000,75.436777,0.000000,0.000000,0.000000,315,0.000000,75.436777,-0.0,75.436777,5.000000
315_STEAM_2-1,4,75.436777,0.000000,0.000000,1.000000,0.000000,0.000000,0.000000,0.000000,0.000000,75.436777,0.000000,0.000000,0.000000,315,0.000000,75.436777,-0.0,75.436777,2.333333
315_STEAM_2-2,4,100.399529,0.000000,0.000000,1.000000,0.000000,0.000000,0.000000,24.962753,0.000000,75.436777,0.000000,0.000000,0.000000,315,0.000000,100.399529,-0.0,100.399529,2.333333
315_STEAM_2-3,4,124.099655,0.000000,0.000000,1.000000,0.000000,0.000000,0.000000,48.662879,0.000000,75.436777,0.000000,0.000000,0.000000,315,0.000000,124.099655,-0.0,124.099655,2.333333
302_CT_4-0,4,33.791603,0.000000,0.000000,1.000000,0.000000,0.000000,0.000000,0.000000,0.000000,33.791603,0.000000,0.000000,0.000000,302,0.000000,33.791603,-0.0,33.791603,22.000000
302_CT_4-1,4,33.791603,0.000000,0.000000,1.000000,0.000000,0.000000,0.000000,0.000000,0.000000,33.791603,0.000000,0.000000,0.000000,302,0.000000,33.791603,-0.0,33.791603,11.000000
302_CT_4-2,4,38.382410,0.000000,0.000000,1.000000,0.000000,0.000000,0.000000,4.590807,0.000000,33.791603,0.000000,0.000000,0.000000,302,0.000000,38.382410,-0.0,38.382410,11.000000
302_CT_4-3,4,38.635080,0.000000,0.000000,1.000000,0.000000,0.000000,0.000000,4.843476,0.000000,33.791603,0.000000,0.000000,0.000000,302,0.000000,38.635080,-0.0,38.635080,11.000000
315_STEAM_5-0,4,75.436777,0.000000,0.000000,1.000000,0.000000,0.000000,0.000000,0.000000,0.000000,75.436777,0.000000,0.000000,0.000000,315,0.000000,75.436777,-0.0,75.436777,5.000000
315_STEAM_5-1,4,75.436777,0.000000,0.000000,1.000000,0.000000,0.000000,0.000000,0.000000,0.000000,75.436777,0.000000,0.000000,0.000000,315,0.000000,75.436777,-0.0,75.436777,2.333333
315_STEAM_5-2,4,100.399529,0.000000,0.000000,1.000000,0.000000,0.000000,0.000000,24.962753,0.000000,75.436777,0.000000,0.000000,0.000000,315,0.000000,100.399529,-0.0,100.399529,2.333333
315_STEAM_5-3,4,124.099655,0.000000,0.000000,1.000000,0.000000,0.000000,0.000000,48.662879,0.000000,75.436777,0.000000,0.000000,0.000000,315,0.000000,124.099655,-0.0,124.099655,2.333333
315_STEAM_3-0,4,75.436777,0.000000,0.000000,1.000000,0.000000,0.000000,0.000000,0.000000,0.000000,75.436777,0.000000,0.000000,0.000000,315,0.000000,75.436777,-0.0,75.436777,5.000000
315_STEAM_3-1,4,75.436777,0.000000,0.000000,1.000000,0.000000,0.000000,0.000000,0.000000,0.000000,75.436777,0.000000,0.000000,0.000000,315,0.000000,75.436777,-0.0,75.436777,2.333333
315_STEAM_3-2,4,100.399529,0.000000,0.000000,1.000000,0.000000,0.000000,0.000000,24.962753,0.000000,75.436777,0.000000,0.000000,0.000000,315,0.000000,100.399529,-0.0,100.399529,2.333333
315_STEAM_3-3,4,124.099655,0.000000,0.000000,1.000000,0.000000,0.000000,0.000000,48.662879,0.000000,75.436777,0.000000,0.000000,0.000000,315,0.000000,124.099655,-0.0,124.099655,2.333333
302_CT_1-0,4,87.255791,0.000000,0.000000,1.000000,0.000000,0.000000,0.000000,0.000000,0.000000,87.255791,0.000000,0.000000,0.000000,302,0.000000,87.255791,-0.0,87.255791,8.000000
302_CT_1-1,4,87.255791,0.000000,0.000000,1.000000,0.000000,0.000000,0.000000,0.000000,0.000000,87.255791,0.000000,0.000000,0.000000,302,0.000000,87.255791,-0.0,87.255791,4.000000
302_CT_1-2,4,99.695770,0.000000,0.000000,1.000000,0.000000,0.000000,0.000000,12.439979,0.000000,87.255791,0.000000,0.000000,0.000000,302,0.000000,99.695770,-0.0,99.695770,4.000000
302_CT_1-3,4,105.367241,0.000000,0.000000,1.000000,0.000000,0.000000,0.000000,18.111450,0.000000,87.255791,0.000000,0.000000,0.000000,302,0.000000,105.367241,-0.0,105.367241,4.000000
322_CT_5-0,4,23.334982,0.000000,0.000000,1.000000,0.000000,0.000000,0.000000,0.000000,0.000000,23.334982,0.000000,0.000000,0.000000,322,0.000000,23.334982,-0.0,23.334982,22.000000
322_CT_5-1,4,23.334982,0.000000,0.000000,1.000000,0.000000,0.000000,0.000000,0.000000,0.000000,23.334982,0.000000,0.000000,0.000000,322,0.000000,23.334982,-0.0,23.334982,11.000000
322_CT_5-2,4,26.499179,0.000000,0.000000,1.000000,0.000000,0.000000,0.000000,3.164197,0.000000,23.334982,0.000000,0.000000,0.000000,322,0.000000,26.499179,-0.0,26.499179,11.000000
322_CT_5-3,4,27.894691,0.000000,0.000000,1.000000,0.000000,0.000000,0.000000,4.559709,0.000000,23.334982,0.000000,0.000000,0.000000,322,0.000000,27.894691,-0.0,27.894691,11.000000
307_CT_2-0,4,27.894691,0.000000,0.000000,1.000000,0.000000,0.000000,0.000000,0.000000,0.000000,27.894691,0.000000,0.000000,0.000000,307,0.000000,27.894691,-0.0,27.894691,22.000000
307_CT_2-1,4,27.894691,0.000000,0.000000,1.000000,0.000000,0.000000,0.000000,0.000000,0.000000,27.894691,0.000000,0.000000,0.000000,307,0.000000,27.894691,-0.0,27.894691,11.000000
307_CT_2-2,4,29.220233,0.000000,0.000000,1.000000,0.000000,0.000000,0.000000,1.325542,0.000000,27.894691,0.000000,0.000000,0.000000,307,0.000000,29.220233,-0.0,29.220233,11.000000
307_CT_2-3,4,35.474770,0.000000,0.000000,1.000000,0.000000,0.000000,0.000000,7.580079,0.000000,27.894691,0.000000,0.000000,0.000000,307,0.000000,35.474770,-0.0,35.474770,11.000000
322_HYDRO_1-0,5,0.000000,0.000000,0.000000,1.000000,0.000000,0.000000,0.000000,0.000000,0.000000,0.000000,0.000000,0.000000,0.000000,322,0.000000,0.000000,0.0,0.000000,23.920833
322_HYDRO_1-1,5,0.000000,0.000000,0.000000,1.000000,0.000000,0.000000,0.000000,0.000000,0.000000,0.000000,0.000000,0.000000,0.000000,322,0.000000,0.000000,0.0,0.000000,0.000000
322_HYDRO_1-2,5,0.000000,0.000000,0.000000,1.000000,0.000000,0.000000,0.000000,0.000000,0.000000,0.000000,0.000000,0.000000,0.000000,322,0.000000,0.000000,0.0,0.000000,0.000000
322_HYDRO_1-3,5,0.000000,0.000000,0.000000,1.000000,0.000000,0.000000,0.000000,0.000000,0.000000,0.000000,0.000000,0.000000,0.000000,322,0.000000,0.000000,0.0,0.000000,0.000000
322_HYDRO_4-0,5,0.000000,23.920833,0.000000,1.000000,0.000000,0.000000,0.000000,0.000000,0.000000,0.000000,0.000000,0.000000,0.000000,322,0.000000,0.000000,0.0,0.000000,23.920833
322_HYDRO_4-1,5,0.000000,0.000000,0.000000,1.000000,0.000000,0.000000,0.000000,0.000000,0.000000,0.000000,0.000000,0.000000,0.000000,322,0.000000,0.000000,0.0,0.000000,0.000000
322_HYDRO_4-2,5,0.000000,0.000000,0.000000,1.000000,0.000000,0.000000,0.000000,0.000000,0.000000,0.000000,0.000000,0.000000,0.000000,322,0.000000,0.000000,0.0,0.000000,0.000000
322_HYDRO_4-3,5,0.000000,0.000000,0.000000,1.000000,0.000000,0.000000,0.000000,0.000000,0.000000,0.000000,0.000000,0.000000,0.000000,322,0.000000,0.000000,0.0,0.000000,0.000000
315_CT_6-0,5,26.401998,0.000000,0.000000,1.000000,0.000000,0.000000,0.000000,0.000000,0.000000,26.401998,0.000000,0.000000,0.000000,315,0.000000,26.401998,-0.0,26.401998,22.000000
315_CT_6-1,5,26.401998,0.000000,0.000000,1.000000,0.000000,0.000000,0.000000,0.000000,0.000000,26.401998,0.000000,0.000000,0.000000,315,0.000000,26.401998,-0.0,26.401998,11.000000
315_CT_6-2,5,26.895675,0.000000,0.000000,1.000000,0.000000,0.000000,0.000000,0.493677,0.000000,26.401998,0.000000,0.000000,0.000000,315,0.000000,26.895675,-0.0,26.895675,11.000000
315_CT_6-3,5,31.855768,0.000000,0.000000,1.000000,0.000000,0.000000,0.000000,5.453770,0.000000,26.401998,0.000000,0.000000,0.000000,315,0.000000,31.855768,-0.0,31.855768,11.000000
322_HYDRO_3-0,5,0.000000,23.920833,0.000000,1.000000,0.000000,0.000000,0.000000,0.000000,0.000000,0.000000,0.000000,0.000000,0.000000,322,0.000000,0.000000,0.0,0.000000,23.920833
322_HYDRO_3-1,5,0.000000,0.000000,0.000000,1.000000,0.000000,0.000000,0.000000,0.000000,0.000000,0.000000,0.000000,0.000000,0.000000,322,0.000000,0.000000,0.0,0.000000,0.000000
322_HYDRO_3-2,5,0.000000,0.000000,0.000000,1.000000,0.000000,0.000000,0.000000,0.000000,0.000000,0.000000,0.000000,0.000000,0.000000,322,0.000000,0.000000,0.0,0.000000,0.000000
322_HYDRO_3-3,5,0.000000,0.000000,0.000000,1.000000,0.000000,0.000000,0.000000,0.000000,0.000000,0.000000,0.000000,0.000000,0.000000,322,0.000000,0.000000,0.0,0.000000,0.000000
301_CT_4-0,5,28.469999,0.000000,0.000000,1.000000,0.000000,0.000000,0.000000,0.000000,0.000000,28.469999,0.000000,0.000000,0.000000,301,0.000000,28.469999,-0.0,28.469999,22.000000
301_CT_4-1,5,28.469999,0.000000,0.000000,1.000000,0.000000,0.000000,0.000000,0.000000,0.000000,28.469999,0.000000,0.000000,0.000000,301,0.000000,28.469999,-0.0,28.469999,11.000000
301_CT_4-2,5,29.286315,0.000000,0.000000,1.000000,0.000000,0.000000,0.000000,0.816316,0.000000,28.469999,0.000000,0.000000,0.000000,301,0.000000,29.286315,-0.0,29.286315,11.000000
301_CT_4-3,5,43.742887,0.000000,0.000000,1.000000,0.000000,0.000000,0.000000,15.272887,0.000000,28.469999,0.000000,0.000000,0.000000,301,0.000000,43.742887,-0.0,43.742887,11.000000
316_STEAM_1-0,5,21.116646,0.000000,0.000000,1.000000,0.000000,0.000000,0.000000,0.000000,0.000000,21.116646,0.000000,0.000000,0.000000,316,0.000000,21.116646,-0.0,21.116646,62.000000
316_STEAM_1-1,5,21.116646,0.000000,0.000000,1.000000,0.000000,0.000000,0.000000,0.000000,0.000000,21.116646,0.000000,0.000000,0.000000,316,0.000000,21.116646,-0.0,21.116646,31.000000
316_STEAM_1-2,5,21.287879,0.000000,0.000000,1.000000,0.000000,0.000000,0.000000,0.171233,0.000000,21.116646,0.000000,0.000000,0.000000,316,0.000000,21.287879,-0.0,21.287879,31.000000
316_STEAM_1-3,5,27.274699,0.000000,0.000000,1.000000,0.000000,0.000000,0.000000,6.158053,0.000000,21.116646,0.000000,0.000000,0.000000,316,0.000000,27.274699,-0.0,27.274699,31.000000
302_CT_2-0,5,87.255791,0.000000,0.000000,1.000000,0.000000,0.000000,0.000000,0.000000,0.000000,87.255791,0.000000,0.000000,0.000000,302,0.000000,87.255791,-0.0,87.255791,8.000000
302_CT_2-1,5,87.255791,0.000000,0.000000,1.000000,0.000000,0.000000,0.000000,0.000000,0.000000,87.255791,0.000000,0.000000,0.000000,302,0.000000,87.255791,-0.0,87.255791,4.000000
302_CT_2-2,5,99.695770,0.000000,0.000000,1.000000,0.000000,0.000000,0.000000,12.439979,0.000000,87.255791,0.000000,0.000000,0.000000,302,0.000000,99.695770,-0.0,99.695770,4.000000
302_CT_2-3,5,105.367241,0.000000,0.000000,1.000000,0.000000,0.000000,0.000000,18.111450,0.000000,87.255791,0.000000,0.000000,0.000000,302,0.000000,105.367241,-0.0,105.367241,4.000000
323_CC_2-0,5,26.429209,0.000000,0.000000,1.000000,0.000000,0.000000,0.000000,0.000000,0.000000,26.429209,0.000000,0.000000,0.000000,323,0.000000,26.429209,-0.0,26.429209,170.000000
323_CC_2-1,5,26.429209,0.000000,0.000000,1.000000,0.000000,0.000000,0.000000,0.000000,0.000000,26.429209,0.000000,0.000000,0.000000,323,0.000000,26.429209,-0.0,26.429209,61.666667
323_CC_2-2,5,30.277557,0.000000,0.000000,1.000000,0.000000,0.000000,0.000000,3.848348,0.000000,26.429209,0.000000,0.000000,0.000000,323,0.000000,30.277557,-0.0,30.277557,61.666667
323_CC_2-3,5,31.727490,0.000000,0.000000,1.000000,0.000000,0.000000,0.000000,5.298281,0.000000,26.429209,0.000000,0.000000,0.000000,323,0.000000,31.727490,-0.0,31.727490,61.666667
315_STEAM_1-0,5,75.436777,0.000000,0.000000,1.000000,0.000000,0.000000,0.000000,0.000000,0.000000,75.436777,0.000000,0.000000,0.000000,315,0.000000,75.436777,-0.0,75.436777,5.000000
315_STEAM_1-1,5,75.436777,0.000000,0.000000,1.000000,0.000000,0.000000,0.000000,0.000000,0.000000,75.436777,0.000000,0.000000,0.000000,315,0.000000,75.436777,-0.0,75.436777,2.333333
315_STEAM_1-2,5,100.399529,0.000000,0.000000,1.000000,0.000000,0.000000,0.000000,24.962753,0.000000,75.436777,0.000000,0.000000,0.000000,315,0.000000,100.399529,-0.0,100.399529,2.333333
315_STEAM_1-3,5,124.099655,0.000000,0.000000,1.000000,0.000000,0.000000,0.000000,48.662879,0.000000,75.436777,0.000000,0.000000,0.000000,315,0.000000,124.099655,-0.0,124.099655,2.333333
313_CC_1-0,5,15.731579,0.000000,0.000000,1.000000,0.000000,0.000000,0.000000,0.000000,0.000000,15.731579,0.000000,0.000000,0.000000,313,0.000000,15.731579,-0.0,15.731579,170.000000
313_CC_1-1,5,15.731579,0.000000,0.000000,1.000000,0.000000,0.000000,0.000000,0.000000,0.000000,15.731579,0.000000,0.000000,0.000000,313,0.000000,15.731579,-0.0,15.731579,61.666667
313_CC_1-2,5,26.755735,0.000000,0.000000,1.000000,0.000000,0.000000,0.000000,11.024156,0.000000,15.731579,0.000000,0.000000,0.000000,313,0.000000,26.755735,-0.0,26.755735,61.666667
313_CC_1-3,5,33.752731,0.000000,0.000000,1.000000,0.000000,0.000000,0.000000,18.021152,0.000000,15.731579,0.000000,0.000000,0.000000,313,0.000000,33.752731,-0.0,33.752731,61.666667
323_CC_1-0,5,26.429209,0.000000,0.000000,1.000000,0.000000,0.000000,0.000000,0.000000,0.000000,26.429209,0.000000,0.000000,0.000000,323,0.000000,26.429209,-0.0,26.429209,170.000000
323_CC_1-1,5,26.429209,0.000000,0.000000,1.000000,0.000000,0.000000,0.000000,0.000000,0.000000,26.429209,0.000000,0.000000,0.000000,323,0.000000,26.429209,-0.0,26.429209,61.666667
323_CC_1-2,5,30.277557,0.000000,0.000000,1.000000,0.000000,0.000000,0.000000,3.848348,0.000000,26.429209,0.000000,0.000000,0.000000,323,0.000000,30.277557,-0.0,30.277557,61.666667
323_CC_1-3,5,31.727490,0.000000,0.000000,1.000000,0.000000,0.000000,0.000000,5.298281,0.000000,26.429209,0.000000,0.000000,0.000000,323,0.000000,31.727490,-0.0,31.727490,61.666667
301_CT_1-0,5,87.255791,0.000000,0.000000,1.000000,0.000000,0.000000,0.000000,0.000000,0.000000,87.255791,0.000000,0.000000,0.000000,301,0.000000,87.255791,-0.0,87.255791,8.000000
301_CT_1-1,5,87.255791,0.000000,0.000000,1.000000,0.000000,0.000000,0.000000,0.000000,0.000000,87.255791,0.000000,0.000000,0.000000,301,0.000000,87.255791,-0.0,87.255791,4.000000
301_CT_1-2,5,99.695770,0.000000,0.000000,1.000000,0.000000,0.000000,0.000000,12.439979,0.000000,87.255791,0.000000,0.000000,0.000000,301,0.000000,99.695770,-0.0,99.695770,4.000000
301_CT_1-3,5,105.367241,0.000000,0.000000,1.000000,0.000000,0.000000,0.000000,18.111450,0.000000,87.255791,0.000000,0.000000,0.000000,301,0.000000,105.367241,-0.0,105.367241,4.000000
307_CT_1-0,5,27.894691,0.000000,0.000000,1.000000,0.000000,0.000000,0.000000,0.000000,0.000000,27.894691,0.000000,0.000000,0.000000,307,0.000000,27.894691,-0.0,27.894691,22.000000
307_CT_1-1,5,27.894691,0.000000,0.000000,1.000000,0.000000,0.000000,0.000000,0.000000,0.000000,27.894691,0.000000,0.000000,0.000000,307,0.000000,27.894691,-0.0,27.894691,11.000000
307_CT_1-2,5,29.220233,0.000000,0.000000,1.000000,0.000000,0.000000,0.000000,1.325542,0.000000,27.894691,0.000000,0.000000,0.000000,307,0.000000,29.220233,-0.0,29.220233,11.000000
307_CT_1-3,5,35.474770,0.000000,0.000000,1.000000,0.000000,0.000000,0.000000,7.580079,0.000000,27.894691,0.000000,0.000000,0.000000,307,0.000000,35.474770,-0.0,35.474770,11.000000
315_STEAM_4-0,5,75.436777,0.000000,0.000000,1.000000,0.000000,0.000000,0.000000,0.000000,0.000000,75.436777,0.000000,0.000000,0.000000,315,0.000000,75.436777,-0.0,75.436777,5.000000
315_STEAM_4-1,5,75.436777,0.000000,0.000000,1.000000,0.000000,0.000000,0.000000,0.000000,0.000000,75.436777,0.000000,0.000000,0.000000,315,0.000000,75.436777,-0.0,75.436777,2.333333
315_STEAM_4-2,5,100.399529,0.000000,0.000000,1.000000,0.000000,0.000000,0.000000,24.962753,0.000000,75.436777,0.000000,0.000000,0.000000,315,0.000000,100.399529,-0.0,100.399529,2.333333
315_STEAM_4-3,5,124.099655,0.000000,0.000000,1.000000,0.000000,0.000000,0.000000,48.662879,0.000000,75.436777,0.000000,0.000000,0.000000,315,0.000000,124.099655,-0.0,124.099655,2.333333
315_CT_8-0,5,26.401998,0.000000,0.000000,1.000000,0.000000,0.000000,0.000000,0.000000,0.000000,26.401998,0.000000,0.000000,0.000000,315,0.000000,26.401998,-0.0,26.401998,22.000000
315_CT_8-1,5,26.401998,0.000000,0.000000,1.000000,0.000000,0.000000,0.000000,0.000000,0.000000,26.401998,0.000000,0.000000,0.000000,315,0.000000,26.401998,-0.0,26.401998,11.000000
315_CT_8-2,5,26.895675,0.000000,0.000000,1.000000,0.000000,0.000000,0.000000,0.493677,0.000000,26.401998,0.000000,0.000000,0.000000,315,0.000000,26.895675,-0.0,26.895675,11.000000
315_CT_8-3,5,31.855768,0.000000,0.000000,1.000000,0.000000,0.000000,0.000000,5.453770,0.000000,26.401998,0.000000,0.000000,0.000000,315,0.000000,31.855768,-0.0,31.855768,11.000000
322_CT_6-0,5,23.334982,0.000000,0.000000,1.000000,0.000000,0.000000,0.000000,0.000000,0.000000,23.334982,0.000000,0.000000,0.000000,322,0.000000,23.334982,-0.0,23.334982,22.000000
322_CT_6-1,5,23.334982,0.000000,0.000000,1.000000,0.000000,0.000000,0.000000,0.000000,0.000000,23.334982,0.000000,0.000000,0.000000,322,0.000000,23.334982,-0.0,23.334982,11.000000
322_CT_6-2,5,26.499179,0.000000,0.000000,1.000000,0.000000,0.000000,0.000000,3.164197,0.000000,23.334982,0.000000,0.000000,0.000000,322,0.000000,26.499179,-0.0,26.499179,11.000000
322_CT_6-3,5,27.894691,0.000000,0.000000,1.000000,0.000000,0.000000,0.000000,4.559709,0.000000,23.334982,0.000000,0.000000,0.000000,322,0.000000,27.894691,-0.0,27.894691,11.000000
321_CC_1-0,5,22.732463,0.000000,0.000000,1.000000,0.000000,0.000000,0.000000,0.000000,0.000000,22.732463,0.000000,0.000000,0.000000,321,0.000000,22.732463,-0.0,22.732463,170.000000
321_CC_1-1,5,22.732463,0.000000,0.000000,1.000000,0.000000,0.000000,0.000000,0.000000,0.000000,22.732463,0.000000,0.000000,0.000000,321,0.000000,22.732463,-0.0,22.732463,61.666667
321_CC_1-2,5,25.908321,0.000000,0.000000,1.000000,0.000000,0.000000,0.000000,3.175859,0.000000,22.732463,0.000000,0.000000,0.000000,321,0.000000,25.908321,-0.0,25.908321,61.666667
321_CC_1-3,5,33.947092,0.000000,0.000000,1.000000,0.000000,0.000000,0.000000,11.214630,0.000000,22.732463,0.000000,0.000000,0.000000,321,0.000000,33.947092,-0.0,33.947092,61.666667
318_CC_1-0,5,26.845141,0.000000,0.000000,1.000000,0.000000,0.000000,0.000000,0.000000,0.000000,26.845141,0.000000,0.000000,0.000000,318,0.000000,26.845141,-0.0,26.845141,170.000000
318_CC_1-1,5,26.845141,0.000000,0.000000,1.000000,0.000000,0.000000,0.000000,0.000000,0.000000,26.845141,0.000000,0.000000,0.000000,318,0.000000,26.845141,-0.0,26.845141,61.666667
318_CC_1-2,5,27.276623,0.000000,0.000000,1.000000,0.000000,0.000000,0.000000,0.431481,0.000000,26.845141,0.000000,0.000000,0.000000,318,0.000000,27.276623,-0.0,27.276623,61.666667
318_CC_1-3,5,31.529241,0.000000,0.000000,1.000000,0.000000,0.000000,0.000000,4.684100,0.000000,26.845141,0.000000,0.000000,0.000000,318,0.000000,31.529241,-0.0,31.529241,61.666667
301_CT_2-0,5,87.255791,0.000000,0.000000,1.000000,0.000000,0.000000,0.000000,0.000000,0.000000,87.255791,0.000000,0.000000,0.000000,301,0.000000,87.255791,-0.0,87.255791,8.000000
301_CT_2-1,5,87.255791,0.000000,0.000000,1.000000,0.000000,0.000000,0.000000,0.000000,0.000000,87.255791,0.000000,0.000000,0.000000,301,0.000000,87.255791,-0.0,87.255791,4.000000
301_CT_2-2,5,99.695770,0.000000,0.000000,1.000000,0.000000,0.000000,0.000000,12.439979,0.000000,87.255791,0.000000,0.000000,0.000000,301,0.000000,99.695770,-0.0,99.695770,4.000000
301_CT_2-3,5,105.367241,0.000000,0.000000,1.000000,0.000000,0.000000,0.000000,18.111450,0.000000,87.255791,0.000000,0.000000,0.000000,301,0.000000,105.367241,-0.0,105.367241,4.000000
315_CT_7-0,5,26.401998,0.000000,0.000000,1.000000,0.000000,0.000000,0.000000,0.000000,0.000000,26.401998,0.000000,0.000000,0.000000,315,0.000000,26.401998,-0.0,26.401998,22.000000
315_CT_7-1,5,26.401998,0.000000,0.000000,1.000000,0.000000,0.000000,0.000000,0.000000,0.000000,26.401998,0.000000,0.000000,0.000000,315,0.000000,26.401998,-0.0,26.401998,11.000000
315_CT_7-2,5,26.895675,0.000000,0.000000,1.000000,0.000000,0.000000,0.000000,0.493677,0.000000,26.401998,0.000000,0.000000,0.000000,315,0.000000,26.895675,-0.0,26.895675,11.000000
315_CT_7-3,5,31.855768,0.000000,0.000000,1.000000,0.000000,0.000000,0.000000,5.453770,0.000000,26.401998,0.000000,0.000000,0.000000,315,0.000000,31.855768,-0.0,31.855768,11.000000
322_HYDRO_2-0,5,0.000000,0.000000,0.000000,1.000000,0.000000,0.000000,0.000000,0.000000,0.000000,0.000000,0.000000,0.000000,0.000000,322,0.000000,0.000000,0.0,0.000000,23.920833
322_HYDRO_2-1,5,0.000000,0.000000,0.000000,1.000000,0.000000,0.000000,0.000000,0.000000,0.000000,0.000000,0.000000,0.000000,0.000000,322,0.000000,0.000000,0.0,0.000000,0.000000
322_HYDRO_2-2,5,0.000000,0.000000,0.000000,1.000000,0.000000,0.000000,0.000000,0.000000,0.000000,0.000000,0.000000,0.000000,0.000000,322,0.000000,0.000000,0.0,0.000000,0.000000
322_HYDRO_2-3,5,0.000000,0.000000,0.000000,1.000000,0.000000,0.000000,0.000000,0.000000,0.000000,0.000000,0.000000,0.000000,0.000000,322,0.000000,0.000000,0.0,0.000000,0.000000
301_CT_3-0,5,28.469999,0.000000,0.000000,1.000000,0.000000,0.000000,0.000000,0.000000,0.000000,28.469999,0.000000,0.000000,0.000000,301,0.000000,28.469999,-0.0,28.469999,22.000000
301_CT_3-1,5,28.469999,0.000000,0.000000,1.000000,0.000000,0.000000,0.000000,0.000000,0.000000,28.469999,0.000000,0.000000,0.000000,301,0.000000,28.469999,-0.0,28.469999,11.000000
301_CT_3-2,5,29.286315,0.000000,0.000000,1.000000,0.000000,0.000000,0.000000,0.816316,0.000000,28.469999,0.000000,0.000000,0.000000,301,0.000000,29.286315,-0.0,29.286315,11.000000
301_CT_3-3,5,43.742887,0.000000,0.000000,1.000000,0.000000,0.000000,0.000000,15.272887,0.000000,28.469999,0.000000,0.000000,0.000000,301,0.000000,43.742887,-0.0,43.742887,11.000000
302_CT_3-0,5,33.791603,0.000000,0.000000,1.000000,0.000000,0.000000,0.000000,0.000000,0.000000,33.791603,0.000000,0.000000,0.000000,302,0.000000,33.791603,-0.0,33.791603,22.000000
302_CT_3-1,5,33.791603,0.000000,0.000000,1.000000,0.000000,0.000000,0.000000,0.000000,0.000000,33.791603,0.000000,0.000000,0.000000,302,0.000000,33.791603,-0.0,33.791603,11.000000
302_CT_3-2,5,38.382410,0.000000,0.000000,1.000000,0.000000,0.000000,0.000000,4.590807,0.000000,33.791603,0.000000,0.000000,0.000000,302,0.000000,38.382410,-0.0,38.382410,11.000000
302_CT_3-3,5,38.635080,0.000000,0.000000,1.000000,0.000000,0.000000,0.000000,4.843476,0.000000,33.791603,0.000000,0.000000,0.000000,302,0.000000,38.635080,-0.0,38.635080,11.000000
315_STEAM_2-0,5,75.436777,0.000000,0.000000,1.000000,0.000000,0.000000,0.000000,0.000000,0.000000,75.436777,0.000000,0.000000,0.000000,315,0.000000,75.436777,-0.0,75.436777,5.000000
315_STEAM_2-1,5,75.436777,0.000000,0.000000,1.000000,0.000000,0.000000,0.000000,0.000000,0.000000,75.436777,0.000000,0.000000,0.000000,315,0.000000,75.436777,-0.0,75.436777,2.333333
315_STEAM_2-2,5,100.399529,0.000000,0.000000,1.000000,0.000000,0.000000,0.000000,24.962753,0.000000,75.436777,0.000000,0.000000,0.000000,315,0.000000,100.399529,-0.0,100.399529,2.333333
315_STEAM_2-3,5,124.099655,0.000000,0.000000,1.000000,0.000000,0.000000,0.000000,48.662879,0.000000,75.436777,0.000000,0.000000,0.000000,315,0.000000,124.099655,-0.0,124.099655,2.333333
302_CT_4-0,5,33.791603,0.000000,0.000000,1.000000,0.000000,0.000000,0.000000,0.000000,0.000000,33.791603,0.000000,0.000000,0.000000,302,0.000000,33.791603,-0.0,33.791603,22.000000
302_CT_4-1,5,33.791603,0.000000,0.000000,1.000000,0.000000,0.000000,0.000000,0.000000,0.000000,33.791603,0.000000,0.000000,0.000000,302,0.000000,33.791603,-0.0,33.791603,11.000000
302_CT_4-2,5,38.382410,0.000000,0.000000,1.000000,0.000000,0.000000,0.000000,4.590807,0.000000,33.791603,0.000000,0.000000,0.000000,302,0.000000,38.382410,-0.0,38.382410,11.000000
302_CT_4-3,5,38.635080,0.000000,0.000000,1.000000,0.000000,0.000000,0.000000,4.843476,0.000000,33.791603,0.000000,0.000000,0.000000,302,0.000000,38.635080,-0.0,38.635080,11.000000
315_STEAM_5-0,5,75.436777,0.000000,0.000000,1.000000,0.000000,0.000000,0.000000,0.000000,0.000000,75.436777,0.000000,0.000000,0.000000,315,0.000000,75.436777,-0.0,75.436777,5.000000
315_STEAM_5-1,5,75.436777,0.000000,0.000000,1.000000,0.000000,0.000000,0.000000,0.000000,0.000000,75.436777,0.000000,0.000000,0.000000,315,0.000000,75.436777,-0.0,75.436777,2.333333
315_STEAM_5-2,5,100.399529,0.000000,0.000000,1.000000,0.000000,0.000000,0.000000,24.962753,0.000000,75.436777,0.000000,0.000000,0.000000,315,0.000000,100.399529,-0.0,100.399529,2.333333
315_STEAM_5-3,5,124.099655,0.000000,0.000000,1.000000,0.000000,0.000000,0.000000,48.662879,0.000000,75.436777,0.000000,0.000000,0.000000,315,0.000000,124.099655,-0.0,124.099655,2.333333
315_STEAM_3-0,5,75.436777,0.000000,0.000000,1.000000,0.000000,0.000000,0.000000,0.000000,0.000000,75.436777,0.000000,0.000000,0.000000,315,0.000000,75.436777,-0.0,75.436777,5.000000
315_STEAM_3-1,5,75.436777,0.000000,0.000000,1.000000,0.000000,0.000000,0.000000,0.000000,0.000000,75.436777,0.000000,0.000000,0.000000,315,0.000000,75.436777,-0.0,75.436777,2.333333
315_STEAM_3-2,5,100.399529,0.000000,0.000000,1.000000,0.000000,0.000000,0.000000,24.962753,0.000000,75.436777,0.000000,0.000000,0.000000,315,0.000000,100.399529,-0.0,100.399529,2.333333
315_STEAM_3-3,5,124.099655,0.000000,0.000000,1.000000,0.000000,0.000000,0.000000,48.662879,0.000000,75.436777,0.000000,0.000000,0.000000,315,0.000000,124.099655,-0.0,124.099655,2.333333
302_CT_1-0,5,87.255791,0.000000,0.000000,1.000000,0.000000,0.000000,0.000000,0.000000,0.000000,87.255791,0.000000,0.000000,0.000000,302,0.000000,87.255791,-0.0,87.255791,8.000000
302_CT_1-1,5,87.255791,0.000000,0.000000,1.000000,0.000000,0.000000,0.000000,0.000000,0.000000,87.255791,0.000000,0.000000,0.000000,302,0.000000,87.255791,-0.0,87.255791,4.000000
302_CT_1-2,5,99.695770,0.000000,0.000000,1.000000,0.000000,0.000000,0.000000,12.439979,0.000000,87.255791,0.000000,0.000000,0.000000,302,0.000000,99.695770,-0.0,99.695770,4.000000
302_CT_1-3,5,105.367241,0.000000,0.000000,1.000000,0.000000,0.000000,0.000000,18.111450,0.000000,87.255791,0.000000,0.000000,0.000000,302,0.000000,105.367241,-0.0,105.367241,4.000000
322_CT_5-0,5,23.334982,0.000000,0.000000,1.000000,0.000000,0.000000,0.000000,0.000000,0.000000,23.334982,0.000000,0.000000,0.000000,322,0.000000,23.334982,-0.0,23.334982,22.000000
322_CT_5-1,5,23.334982,0.000000,0.000000,1.000000,0.000000,0.000000,0.000000,0.000000,0.000000,23.334982,0.000000,0.000000,0.000000,322,0.000000,23.334982,-0.0,23.334982,11.000000
322_CT_5-2,5,26.499179,0.000000,0.000000,1.000000,0.000000,0.000000,0.000000,3.164197,0.000000,23.334982,0.000000,0.000000,0.000000,322,0.000000,26.499179,-0.0,26.499179,11.000000
322_CT_5-3,5,27.894691,0.000000,0.000000,1.000000,0.000000,0.000000,0.000000,4.559709,0.000000,23.334982,0.000000,0.000000,0.000000,322,0.000000,27.894691,-0.0,27.894691,11.000000
307_CT_2-0,5,27.894691,0.000000,0.000000,1.000000,0.000000,0.000000,0.000000,0.000000,0.000000,27.894691,0.000000,0.000000,0.000000,307,0.000000,27.894691,-0.0,27.894691,22.000000
307_CT_2-1,5,27.894691,0.000000,0.000000,1.000000,0.000000,0.000000,0.000000,0.000000,0.000000,27.894691,0.000000,0.000000,0.000000,307,0.000000,27.894691,-0.0,27.894691,11.000000
307_CT_2-2,5,29.220233,0.000000,0.000000,1.000000,0.000000,0.000000,0.000000,1.325542,0.000000,27.894691,0.000000,0.000000,0.000000,307,0.000000,29.220233,-0.0,29.220233,11.000000
307_CT_2-3,5,35.474770,0.000000,0.000000,1.000000,0.000000,0.000000,0.000000,7.580079,0.000000,27.894691,0.000000,0.000000,0.000000,307,0.000000,35.474770,-0.0,35.474770,11.000000
322_HYDRO_1-0,6,0.000000,24.466667,0.000000,1.000000,0.000000,0.000000,0.000000,0.000000,0.000000,0.000000,0.000000,0.000000,0.000000,322,0.000000,0.000000,0.0,0.000000,24.466667
322_HYDRO_1-1,6,0.000000,0.000000,0.000000,1.000000,0.000000,0.000000,0.000000,0.000000,0.000000,0.000000,0.000000,0.000000,0.000000,322,0.000000,0.000000,0.0,0.000000,0.000000
322_HYDRO_1-2,6,0.000000,0.000000,0.000000,1.000000,0.000000,0.000000,0.000000,0.000000,0.000000,0.000000,0.000000,0.000000,0.000000,322,0.000000,0.000000,0.0,0.000000,0.000000
322_HYDRO_1-3,6,0.000000,0.000000,0.000000,1.000000,0.000000,0.000000,0.000000,0.000000,0.000000,0.000000,0.000000,0.000000,0.000000,322,0.000000,0.000000,0.0,0.000000,0.000000
322_HYDRO_4-0,6,0.000000,0.000000,0.000000,1.000000,0.000000,0.000000,0.000000,0.000000,0.000000,0.000000,0.000000,0.000000,0.000000,322,0.000000,0.000000,0.0,0.000000,24.466667
322_HYDRO_4-1,6,0.000000,0.000000,0.000000,1.000000,0.000000,0.000000,0.000000,0.000000,0.000000,0.000000,0.000000,0.000000,0.000000,322,0.000000,0.000000,0.0,0.000000,0.000000
322_HYDRO_4-2,6,0.000000,0.000000,0.000000,1.000000,0.000000,0.000000,0.000000,0.000000,0.000000,0.000000,0.000000,0.000000,0.000000,322,0.000000,0.000000,0.0,0.000000,0.000000
322_HYDRO_4-3,6,0.000000,0.000000,0.000000,1.000000,0.000000,0.000000,0.000000,0.000000,0.000000,0.000000,0.000000,0.000000,0.000000,322,0.000000,0.000000,0.0,0.000000,0.000000
315_CT_6-0,6,26.401998,0.000000,0.000000,1.000000,0.000000,0.000000,0.000000,0.000000,0.000000,26.401998,0.000000,0.000000,0.000000,315,0.000000,26.401998,-0.0,26.401998,22.000000
315_CT_6-1,6,26.401998,0.000000,0.000000,1.000000,0.000000,0.000000,0.000000,0.000000,0.000000,26.401998,0.000000,0.000000,0.000000,315,0.000000,26.401998,-0.0,26.401998,11.000000
315_CT_6-2,6,26.895675,0.000000,0.000000,1.000000,0.000000,0.000000,0.000000,0.493677,0.000000,26.401998,0.000000,0.000000,0.000000,315,0.000000,26.895675,-0.0,26.895675,11.000000
315_CT_6-3,6,31.855768,0.000000,0.000000,1.000000,0.000000,0.000000,0.000000,5.453770,0.000000,26.401998,0.000000,0.000000,0.000000,315,0.000000,31.855768,-0.0,31.855768,11.000000
322_HYDRO_3-0,6,0.000000,24.466667,0.000000,1.000000,0.000000,0.000000,0.000000,0.000000,0.000000,0.000000,0.000000,0.000000,0.000000,322,0.000000,0.000000,0.0,0.000000,24.466667
322_HYDRO_3-1,6,0.000000,0.000000,0.000000,1.000000,0.000000,0.000000,0.000000,0.000000,0.000000,0.000000,0.000000,0.000000,0.000000,322,0.000000,0.000000,0.0,0.000000,0.000000
322_HYDRO_3-2,6,0.000000,0.000000,0.000000,1.000000,0.000000,0.000000,0.000000,0.000000,0.000000,0.000000,0.000000,0.000000,0.000000,322,0.000000,0.000000,0.0,0.000000,0.000000
322_HYDRO_3-3,6,0.000000,0.000000,0.000000,1.000000,0.000000,0.000000,0.000000,0.000000,0.000000,0.000000,0.000000,0.000000,0.000000,322,0.000000,0.000000,0.0,0.000000,0.000000
301_CT_4-0,6,28.469999,0.000000,0.000000,1.000000,0.000000,0.000000,0.000000,0.000000,0.000000,28.469999,0.000000,0.000000,0.000000,301,0.000000,28.469999,-0.0,28.469999,22.000000
301_CT_4-1,6,28.469999,0.000000,0.000000,1.000000,0.000000,0.000000,0.000000,0.000000,0.000000,28.469999,0.000000,0.000000,0.000000,301,0.000000,28.469999,-0.0,28.469999,11.000000
301_CT_4-2,6,29.286315,0.000000,0.000000,1.000000,0.000000,0.000000,0.000000,0.816316,0.000000,28.469999,0.000000,0.000000,0.000000,301,0.000000,29.286315,-0.0,29.286315,11.000000
301_CT_4-3,6,43.742887,0.000000,0.000000,1.000000,0.000000,0.000000,0.000000,15.272887,0.000000,28.469999,0.000000,0.000000,0.000000,301,0.000000,43.742887,-0.0,43.742887,11.000000
316_STEAM_1-0,6,21.116646,0.000000,0.000000,1.000000,0.000000,0.000000,0.000000,0.000000,0.000000,21.116646,0.000000,0.000000,0.000000,316,0.000000,21.116646,-0.0,21.116646,62.000000
316_STEAM_1-1,6,21.116646,0.000000,0.000000,1.000000,0.000000,0.000000,0.000000,0.000000,0.000000,21.116646,0.000000,0.000000,0.000000,316,0.000000,21.116646,-0.0,21.116646,31.000000
316_STEAM_1-2,6,21.287879,0.000000,0.000000,1.000000,0.000000,0.000000,0.000000,0.171233,0.000000,21.116646,0.000000,0.000000,0.000000,316,0.000000,21.287879,-0.0,21.287879,31.000000
316_STEAM_1-3,6,27.274699,0.000000,0.000000,1.000000,0.000000,0.000000,0.000000,6.158053,0.000000,21.116646,0.000000,0.000000,0.000000,316,0.000000,27.274699,-0.0,27.274699,31.000000
302_CT_2-0,6,87.255791,0.000000,0.000000,1.000000,0.000000,0.000000,0.000000,0.000000,0.000000,87.255791,0.000000,0.000000,0.000000,302,0.000000,87.255791,-0.0,87.255791,8.000000
302_CT_2-1,6,87.255791,0.000000,0.000000,1.000000,0.000000,0.000000,0.000000,0.000000,0.000000,87.255791,0.000000,0.000000,0.000000,302,0.000000,87.255791,-0.0,87.255791,4.000000
302_CT_2-2,6,99.695770,0.000000,0.000000,1.000000,0.000000,0.000000,0.000000,12.439979,0.000000,87.255791,0.000000,0.000000,0.000000,302,0.000000,99.695770,-0.0,99.695770,4.000000
302_CT_2-3,6,105.367241,0.000000,0.000000,1.000000,0.000000,0.000000,0.000000,18.111450,0.000000,87.255791,0.000000,0.000000,0.000000,302,0.000000,105.367241,-0.0,105.367241,4.000000
323_CC_2-0,6,26.429209,0.000000,0.000000,1.000000,0.000000,0.000000,0.000000,0.000000,0.000000,26.429209,0.000000,0.000000,0.000000,323,0.000000,26.429209,-0.0,26.429209,170.000000
323_CC_2-1,6,26.429209,0.000000,0.000000,1.000000,0.000000,0.000000,0.000000,0.000000,0.000000,26.429209,0.000000,0.000000,0.000000,323,0.000000,26.429209,-0.0,26.429209,61.666667
323_CC_2-2,6,30.277557,0.000000,0.000000,1.000000,0.000000,0.000000,0.000000,3.848348,0.000000,26.429209,0.000000,0.000000,0.000000,323,0.000000,30.277557,-0.0,30.277557,61.666667
323_CC_2-3,6,31.727490,0.000000,0.000000,1.000000,0.000000,0.000000,0.000000,5.298281,0.000000,26.429209,0.000000,0.000000,0.000000,323,0.000000,31.727490,-0.0,31.727490,61.666667
315_STEAM_1-0,6,75.436777,0.000000,0.000000,1.000000,0.000000,0.000000,0.000000,0.000000,0.000000,75.436777,0.000000,0.000000,0.000000,315,0.000000,75.436777,-0.0,75.436777,5.000000
315_STEAM_1-1,6,75.436777,0.000000,0.000000,1.000000,0.000000,0.000000,0.000000,0.000000,0.000000,75.436777,0.000000,0.000000,0.000000,315,0.000000,75.436777,-0.0,75.436777,2.333333
315_STEAM_1-2,6,100.399529,0.000000,0.000000,1.000000,0.000000,0.000000,0.000000,24.962753,0.000000,75.436777,0.000000,0.000000,0.000000,315,0.000000,100.399529,-0.0,100.399529,2.333333
315_STEAM_1-3,6,124.099655,0.000000,0.000000,1.000000,0.000000,0.000000,0.000000,48.662879,0.000000,75.436777,0.000000,0.000000,0.000000,315,0.000000,124.099655,-0.0,124.099655,2.333333
313_CC_1-0,6,15.731579,0.000000,0.000000,1.000000,0.000000,0.000000,0.000000,0.000000,0.000000,15.731579,0.000000,0.000000,0.000000,313,0.000000,15.731579,-0.0,15.731579,170.000000
313_CC_1-1,6,15.731579,0.000000,0.000000,1.000000,0.000000,0.000000,0.000000,0.000000,0.000000,15.731579,0.000000,0.000000,0.000000,313,0.000000,15.731579,-0.0,15.731579,61.666667
313_CC_1-2,6,26.755735,0.000000,0.000000,1.000000,0.000000,0.000000,0.000000,11.024156,0.000000,15.731579,0.000000,0.000000,0.000000,313,0.000000,26.755735,-0.0,26.755735,61.666667
313_CC_1-3,6,33.752731,0.000000,0.000000,1.000000,0.000000,0.000000,0.000000,18.021152,0.000000,15.731579,0.000000,0.000000,0.000000,313,0.000000,33.752731,-0.0,33.752731,61.666667
323_CC_1-0,6,26.429209,0.000000,0.000000,1.000000,0.000000,0.000000,0.000000,0.000000,0.000000,26.429209,0.000000,0.000000,0.000000,323,0.000000,26.429209,-0.0,26.429209,170.000000
323_CC_1-1,6,26.429209,0.000000,0.000000,1.000000,0.000000,0.000000,0.000000,0.000000,0.000000,26.429209,0.000000,0.000000,0.000000,323,0.000000,26.429209,-0.0,26.429209,61.666667
323_CC_1-2,6,30.277557,0.000000,0.000000,1.000000,0.000000,0.000000,0.000000,3.848348,0.000000,26.429209,0.000000,0.000000,0.000000,323,0.000000,30.277557,-0.0,30.277557,61.666667
323_CC_1-3,6,31.727490,0.000000,0.000000,1.000000,0.000000,0.000000,0.000000,5.298281,0.000000,26.429209,0.000000,0.000000,0.000000,323,0.000000,31.727490,-0.0,31.727490,61.666667
301_CT_1-0,6,87.255791,0.000000,0.000000,1.000000,0.000000,0.000000,0.000000,0.000000,0.000000,87.255791,0.000000,0.000000,0.000000,301,0.000000,87.255791,-0.0,87.255791,8.000000
301_CT_1-1,6,87.255791,0.000000,0.000000,1.000000,0.000000,0.000000,0.000000,0.000000,0.000000,87.255791,0.000000,0.000000,0.000000,301,0.000000,87.255791,-0.0,87.255791,4.000000
301_CT_1-2,6,99.695770,0.000000,0.000000,1.000000,0.000000,0.000000,0.000000,12.439979,0.000000,87.255791,0.000000,0.000000,0.000000,301,0.000000,99.695770,-0.0,99.695770,4.000000
301_CT_1-3,6,105.367241,0.000000,0.000000,1.000000,0.000000,0.000000,0.000000,18.111450,0.000000,87.255791,0.000000,0.000000,0.000000,301,0.000000,105.367241,-0.0,105.367241,4.000000
307_CT_1-0,6,27.894691,0.000000,0.000000,1.000000,0.000000,0.000000,0.000000,0.000000,0.000000,27.894691,0.000000,0.000000,0.000000,307,0.000000,27.894691,-0.0,27.894691,22.000000
307_CT_1-1,6,27.894691,0.000000,0.000000,1.000000,0.000000,0.000000,0.000000,0.000000,0.000000,27.894691,0.000000,0.000000,0.000000,307,0.000000,27.894691,-0.0,27.894691,11.000000
307_CT_1-2,6,29.220233,0.000000,0.000000,1.000000,0.000000,0.000000,0.000000,1.325542,0.000000,27.894691,0.000000,0.000000,0.000000,307,0.000000,29.220233,-0.0,29.220233,11.000000
307_CT_1-3,6,35.474770,0.000000,0.000000,1.000000,0.000000,0.000000,0.000000,7.580079,0.000000,27.894691,0.000000,0.000000,0.000000,307,0.000000,35.474770,-0.0,35.474770,11.000000
315_STEAM_4-0,6,75.436777,0.000000,0.000000,1.000000,0.000000,0.000000,0.000000,0.000000,0.000000,75.436777,0.000000,0.000000,0.000000,315,0.000000,75.436777,-0.0,75.436777,5.000000
315_STEAM_4-1,6,75.436777,0.000000,0.000000,1.000000,0.000000,0.000000,0.000000,0.000000,0.000000,75.436777,0.000000,0.000000,0.000000,315,0.000000,75.436777,-0.0,75.436777,2.333333
315_STEAM_4-2,6,100.399529,0.000000,0.000000,1.000000,0.000000,0.000000,0.000000,24.962753,0.000000,75.436777,0.000000,0.000000,0.000000,315,0.000000,100.399529,-0.0,100.399529,2.333333
315_STEAM_4-3,6,124.099655,0.000000,0.000000,1.000000,0.000000,0.000000,0.000000,48.662879,0.000000,75.436777,0.000000,0.000000,0.000000,315,0.000000,124.099655,-0.0,124.099655,2.333333
315_CT_8-0,6,26.401998,0.000000,0.000000,1.000000,0.000000,0.000000,0.000000,0.000000,0.000000,26.401998,0.000000,0.000000,0.000000,315,0.000000,26.401998,-0.0,26.401998,22.000000
315_CT_8-1,6,26.401998,0.000000,0.000000,1.000000,0.000000,0.000000,0.000000,0.000000,0.000000,26.401998,0.000000,0.000000,0.000000,315,0.000000,26.401998,-0.0,26.401998,11.000000
315_CT_8-2,6,26.895675,0.000000,0.000000,1.000000,0.000000,0.000000,0.000000,0.493677,0.000000,26.401998,0.000000,0.000000,0.000000,315,0.000000,26.895675,-0.0,26.895675,11.000000
315_CT_8-3,6,31.855768,0.000000,0.000000,1.000000,0.000000,0.000000,0.000000,5.453770,0.000000,26.401998,0.000000,0.000000,0.000000,315,0.000000,31.855768,-0.0,31.855768,11.000000
322_CT_6-0,6,23.334982,0.000000,0.000000,1.000000,0.000000,0.000000,0.000000,0.000000,0.000000,23.334982,0.000000,0.000000,0.000000,322,0.000000,23.334982,-0.0,23.334982,22.000000
322_CT_6-1,6,23.334982,0.000000,0.000000,1.000000,0.000000,0.000000,0.000000,0.000000,0.000000,23.334982,0.000000,0.000000,0.000000,322,0.000000,23.334982,-0.0,23.334982,11.000000
322_CT_6-2,6,26.499179,0.000000,0.000000,1.000000,0.000000,0.000000,0.000000,3.164197,0.000000,23.334982,0.000000,0.000000,0.000000,322,0.000000,26.499179,-0.0,26.499179,11.000000
322_CT_6-3,6,27.894691,0.000000,0.000000,1.000000,0.000000,0.000000,0.000000,4.559709,0.000000,23.334982,0.000000,0.000000,0.000000,322,0.000000,27.894691,-0.0,27.894691,11.000000
321_CC_1-0,6,22.732463,0.000000,0.000000,1.000000,0.000000,0.000000,0.000000,0.000000,0.000000,22.732463,0.000000,0.000000,0.000000,321,0.000000,22.732463,-0.0,22.732463,170.000000
321_CC_1-1,6,22.732463,0.000000,0.000000,1.000000,0.000000,0.000000,0.000000,0.000000,0.000000,22.732463,0.000000,0.000000,0.000000,321,0.000000,22.732463,-0.0,22.732463,61.666667
321_CC_1-2,6,25.908321,0.000000,0.000000,1.000000,0.000000,0.000000,0.000000,3.175859,0.000000,22.732463,0.000000,0.000000,0.000000,321,0.000000,25.908321,-0.0,25.908321,61.666667
321_CC_1-3,6,33.947092,0.000000,0.000000,1.000000,0.000000,0.000000,0.000000,11.214630,0.000000,22.732463,0.000000,0.000000,0.000000,321,0.000000,33.947092,-0.0,33.947092,61.666667
318_CC_1-0,6,26.845141,0.000000,0.000000,1.000000,0.000000,0.000000,0.000000,0.000000,0.000000,26.845141,0.000000,0.000000,0.000000,318,0.000000,26.845141,-0.0,26.845141,170.000000
318_CC_1-1,6,26.845141,0.000000,0.000000,1.000000,0.000000,0.000000,0.000000,0.000000,0.000000,26.845141,0.000000,0.000000,0.000000,318,0.000000,26.845141,-0.0,26.845141,61.666667
318_CC_1-2,6,27.276623,0.000000,0.000000,1.000000,0.000000,0.000000,0.000000,0.431481,0.000000,26.845141,0.000000,0.000000,0.000000,318,0.000000,27.276623,-0.0,27.276623,61.666667
318_CC_1-3,6,31.529241,0.000000,0.000000,1.000000,0.000000,0.000000,0.000000,4.684100,0.000000,26.845141,0.000000,0.000000,0.000000,318,0.000000,31.529241,-0.0,31.529241,61.666667
301_CT_2-0,6,87.255791,0.000000,0.000000,1.000000,0.000000,0.000000,0.000000,0.000000,0.000000,87.255791,0.000000,0.000000,0.000000,301,0.000000,87.255791,-0.0,87.255791,8.000000
301_CT_2-1,6,87.255791,0.000000,0.000000,1.000000,0.000000,0.000000,0.000000,0.000000,0.000000,87.255791,0.000000,0.000000,0.000000,301,0.000000,87.255791,-0.0,87.255791,4.000000
301_CT_2-2,6,99.695770,0.000000,0.000000,1.000000,0.000000,0.000000,0.000000,12.439979,0.000000,87.255791,0.000000,0.000000,0.000000,301,0.000000,99.695770,-0.0,99.695770,4.000000
301_CT_2-3,6,105.367241,0.000000,0.000000,1.000000,0.000000,0.000000,0.000000,18.111450,0.000000,87.255791,0.000000,0.000000,0.000000,301,0.000000,105.367241,-0.0,105.367241,4.000000
315_CT_7-0,6,26.401998,0.000000,0.000000,1.000000,0.000000,0.000000,0.000000,0.000000,0.000000,26.401998,0.000000,0.000000,0.000000,315,0.000000,26.401998,-0.0,26.401998,22.000000
315_CT_7-1,6,26.401998,0.000000,0.000000,1.000000,0.000000,0.000000,0.000000,0.000000,0.000000,26.401998,0.000000,0.000000,0.000000,315,0.000000,26.401998,-0.0,26.401998,11.000000
315_CT_7-2,6,26.895675,0.000000,0.000000,1.000000,0.000000,0.000000,0.000000,0.493677,0.000000,26.401998,0.000000,0.000000,0.000000,315,0.000000,26.895675,-0.0,26.895675,11.000000
315_CT_7-3,6,31.855768,0.000000,0.000000,1.000000,0.000000,0.000000,0.000000,5.453770,0.000000,26.401998,0.000000,0.000000,0.000000,315,0.000000,31.855768,-0.0,31.855768,11.000000
322_HYDRO_2-0,6,0.000000,24.466667,0.000000,1.000000,0.000000,0.000000,0.000000,0.000000,0.000000,0.000000,0.000000,0.000000,0.000000,322,0.000000,0.000000,0.0,0.000000,24.466667
322_HYDRO_2-1,6,0.000000,0.000000,0.000000,1.000000,0.000000,0.000000,0.000000,0.000000,0.000000,0.000000,0.000000,0.000000,0.000000,322,0.000000,0.000000,0.0,0.000000,0.000000
322_HYDRO_2-2,6,0.000000,0.000000,0.000000,1.000000,0.000000,0.000000,0.000000,0.000000,0.000000,0.000000,0.000000,0.000000,0.000000,322,0.000000,0.000000,0.0,0.000000,0.000000
322_HYDRO_2-3,6,0.000000,0.000000,0.000000,1.000000,0.000000,0.000000,0.000000,0.000000,0.000000,0.000000,0.000000,0.000000,0.000000,322,0.000000,0.000000,0.0,0.000000,0.000000
301_CT_3-0,6,28.469999,0.000000,0.000000,1.000000,0.000000,0.000000,0.000000,0.000000,0.000000,28.469999,0.000000,0.000000,0.000000,301,0.000000,28.469999,-0.0,28.469999,22.000000
301_CT_3-1,6,28.469999,0.000000,0.000000,1.000000,0.000000,0.000000,0.000000,0.000000,0.000000,28.469999,0.000000,0.000000,0.000000,301,0.000000,28.469999,-0.0,28.469999,11.000000
301_CT_3-2,6,29.286315,0.000000,0.000000,1.000000,0.000000,0.000000,0.000000,0.816316,0.000000,28.469999,0.000000,0.000000,0.000000,301,0.000000,29.286315,-0.0,29.286315,11.000000
301_CT_3-3,6,43.742887,0.000000,0.000000,1.000000,0.000000,0.000000,0.000000,15.272887,0.000000,28.469999,0.000000,0.000000,0.000000,301,0.000000,43.742887,-0.0,43.742887,11.000000
302_CT_3-0,6,33.791603,0.000000,0.000000,1.000000,0.000000,0.000000,0.000000,0.000000,0.000000,33.791603,0.000000,0.000000,0.000000,302,0.000000,33.791603,-0.0,33.791603,22.000000
302_CT_3-1,6,33.791603,0.000000,0.000000,1.000000,0.000000,0.000000,0.000000,0.000000,0.000000,33.791603,0.000000,0.000000,0.000000,302,0.000000,33.791603,-0.0,33.791603,11.000000
302_CT_3-2,6,38.382410,0.000000,0.000000,1.000000,0.000000,0.000000,0.000000,4.590807,0.000000,33.791603,0.000000,0.000000,0.000000,302,0.000000,38.382410,-0.0,38.382410,11.000000
302_CT_3-3,6,38.635080,0.000000,0.000000,1.000000,0.000000,0.000000,0.000000,4.843476,0.000000,33.791603,0.000000,0.000000,0.000000,302,0.000000,38.635080,-0.0,38.635080,11.000000
315_STEAM_2-0,6,75.436777,0.000000,0.000000,1.000000,0.000000,0.000000,0.000000,0.000000,0.000000,75.436777,0.000000,0.000000,0.000000,315,0.000000,75.436777,-0.0,75.436777,5.000000
315_STEAM_2-1,6,75.436777,0.000000,0.000000,1.000000,0.000000,0.000000,0.000000,0.000000,0.000000,75.436777,0.000000,0.000000,0.000000,315,0.000000,75.436777,-0.0,75.436777,2.333333
315_STEAM_2-2,6,100.399529,0.000000,0.000000,1.000000,0.000000,0.000000,0.000000,24.962753,0.000000,75.436777,0.000000,0.000000,0.000000,315,0.000000,100.399529,-0.0,100.399529,2.333333
315_STEAM_2-3,6,124.099655,0.000000,0.000000,1.000000,0.000000,0.000000,0.000000,48.662879,0.000000,75.436777,0.000000,0.000000,0.000000,315,0.000000,124.099655,-0.0,124.099655,2.333333
302_CT_4-0,6,33.791603,0.000000,0.000000,1.000000,0.000000,0.000000,0.000000,0.000000,0.000000,33.791603,0.000000,0.000000,0.000000,302,0.000000,33.791603,-0.0,33.791603,22.000000
302_CT_4-1,6,33.791603,0.000000,0.000000,1.000000,0.000000,0.000000,0.000000,0.000000,0.000000,33.791603,0.000000,0.000000,0.000000,302,0.000000,33.791603,-0.0,33.791603,11.000000
302_CT_4-2,6,38.382410,0.000000,0.000000,1.000000,0.000000,0.000000,0.000000,4.590807,0.000000,33.791603,0.000000,0.000000,0.000000,302,0.000000,38.382410,-0.0,38.382410,11.000000
302_CT_4-3,6,38.635080,0.000000,0.000000,1.000000,0.000000,0.000000,0.000000,4.843476,0.000000,33.791603,0.000000,0.000000,0.000000,302,0.000000,38.635080,-0.0,38.635080,11.000000
315_STEAM_5-0,6,75.436777,0.000000,0.000000,1.000000,0.000000,0.000000,0.000000,0.000000,0.000000,75.436777,0.000000,0.000000,0.000000,315,0.000000,75.436777,-0.0,75.436777,5.000000
315_STEAM_5-1,6,75.436777,0.000000,0.000000,1.000000,0.000000,0.000000,0.000000,0.000000,0.000000,75.436777,0.000000,0.000000,0.000000,315,0.000000,75.436777,-0.0,75.436777,2.333333
315_STEAM_5-2,6,100.399529,0.000000,0.000000,1.000000,0.000000,0.000000,0.000000,24.962753,0.000000,75.436777,0.000000,0.000000,0.000000,315,0.000000,100.399529,-0.0,100.399529,2.333333
315_STEAM_5-3,6,124.099655,0.000000,0.000000,1.000000,0.000000,0.000000,0.000000,48.662879,0.000000,75.436777,0.000000,0.000000,0.000000,315,0.000000,124.099655,-0.0,124.099655,2.333333
315_STEAM_3-0,6,75.436777,0.000000,0.000000,1.000000,0.000000,0.000000,0.000000,0.000000,0.000000,75.436777,0.000000,0.000000,0.000000,315,0.000000,75.436777,-0.0,75.436777,5.000000
315_STEAM_3-1,6,75.436777,0.000000,0.000000,1.000000,0.000000,0.000000,0.000000,0.000000,0.000000,75.436777,0.000000,0.000000,0.000000,315,0.000000,75.436777,-0.0,75.436777,2.333333
315_STEAM_3-2,6,100.399529,0.000000,0.000000,1.000000,0.000000,0.000000,0.000000,24.962753,0.000000,75.436777,0.000000,0.000000,0.000000,315,0.000000,100.399529,-0.0,100.399529,2.333333
315_STEAM_3-3,6,124.099655,0.000000,0.000000,1.000000,0.000000,0.000000,0.000000,48.662879,0.000000,75.436777,0.000000,0.000000,0.000000,315,0.000000,124.099655,-0.0,124.099655,2.333333
302_CT_1-0,6,87.255791,0.000000,0.000000,1.000000,0.000000,0.000000,0.000000,0.000000,0.000000,87.255791,0.000000,0.000000,0.000000,302,0.000000,87.255791,-0.0,87.255791,8.000000
302_CT_1-1,6,87.255791,0.000000,0.000000,1.000000,0.000000,0.000000,0.000000,0.000000,0.000000,87.255791,0.000000,0.000000,0.000000,302,0.000000,87.255791,-0.0,87.255791,4.000000
302_CT_1-2,6,99.695770,0.000000,0.000000,1.000000,0.000000,0.000000,0.000000,12.439979,0.000000,87.255791,0.000000,0.000000,0.000000,302,0.000000,99.695770,-0.0,99.695770,4.000000
302_CT_1-3,6,105.367241,0.000000,0.000000,1.000000,0.000000,0.000000,0.000000,18.111450,0.000000,87.255791,0.000000,0.000000,0.000000,302,0.000000,105.367241,-0.0,105.367241,4.000000
322_CT_5-0,6,23.334982,0.000000,0.000000,1.000000,0.000000,0.000000,0.000000,0.000000,0.000000,23.334982,0.000000,0.000000,0.000000,322,0.000000,23.334982,-0.0,23.334982,22.000000
322_CT_5-1,6,23.334982,0.000000,0.000000,1.000000,0.000000,0.000000,0.000000,0.000000,0.000000,23.334982,0.000000,0.000000,0.000000,322,0.000000,23.334982,-0.0,23.334982,11.000000
322_CT_5-2,6,26.499179,0.000000,0.000000,1.000000,0.000000,0.000000,0.000000,3.164197,0.000000,23.334982,0.000000,0.000000,0.000000,322,0.000000,26.499179,-0.0,26.499179,11.000000
322_CT_5-3,6,27.894691,0.000000,0.000000,1.000000,0.000000,0.000000,0.000000,4.559709,0.000000,23.334982,0.000000,0.000000,0.000000,322,0.000000,27.894691,-0.0,27.894691,11.000000
307_CT_2-0,6,27.894691,0.000000,0.000000,1.000000,0.000000,0.000000,0.000000,0.000000,0.000000,27.894691,0.000000,0.000000,0.000000,307,0.000000,27.894691,-0.0,27.894691,22.000000
307_CT_2-1,6,27.894691,0.000000,0.000000,1.000000,0.000000,0.000000,0.000000,0.000000,0.000000,27.894691,0.000000,0.000000,0.000000,307,0.000000,27.894691,-0.0,27.894691,11.000000
307_CT_2-2,6,29.220233,0.000000,0.000000,1.000000,0.000000,0.000000,0.000000,1.325542,0.000000,27.894691,0.000000,0.000000,0.000000,307,0.000000,29.220233,-0.0,29.220233,11.000000
307_CT_2-3,6,35.474770,0.000000,0.000000,1.000000,0.000000,0.000000,0.000000,7.580079,0.000000,27.894691,0.000000,0.000000,0.000000,307,0.000000,35.474770,-0.0,35.474770,11.000000
322_HYDRO_1-0,7,0.000000,20.487500,0.000000,1.000000,0.000000,0.000000,0.000000,0.000000,0.000000,0.000000,0.000000,0.000000,0.000000,322,0.000000,0.000000,0.0,0.000000,20.487500
322_HYDRO_1-1,7,0.000000,0.000000,0.000000,1.000000,0.000000,0.000000,0.000000,0.000000,0.000000,0.000000,0.000000,0.000000,0.000000,322,0.000000,0.000000,0.0,0.000000,0.000000
322_HYDRO_1-2,7,0.000000,0.000000,0.000000,1.000000,0.000000,0.000000,0.000000,0.000000,0.000000,0.000000,0.000000,0.000000,0.000000,322,0.000000,0.000000,0.0,0.000000,0.000000
322_HYDRO_1-3,7,0.000000,0.000000,0.000000,1.000000,0.000000,0.000000,0.000000,0.000000,0.000000,0.000000,0.000000,0.000000,0.000000,322,0.000000,0.000000,0.0,0.000000,0.000000
322_HYDRO_4-0,7,0.000000,0.000000,0.000000,1.000000,0.000000,0.000000,0.000000,0.000000,0.000000,0.000000,0.000000,0.000000,0.000000,322,0.000000,0.000000,0.0,0.000000,20.487500
322_HYDRO_4-1,7,0.000000,0.000000,0.000000,1.000000,0.000000,0.000000,0.000000,0.000000,0.000000,0.000000,0.000000,0.000000,0.000000,322,0.000000,0.000000,0.0,0.000000,0.000000
322_HYDRO_4-2,7,0.000000,0.000000,0.000000,1.000000,0.000000,0.000000,0.000000,0.000000,0.000000,0.000000,0.000000,0.000000,0.000000,322,0.000000,0.000000,0.0,0.000000,0.000000
322_HYDRO_4-3,7,0.000000,0.000000,0.000000,1.000000,0.000000,0.000000,0.000000,0.000000,0.000000,0.000000,0.000000,0.000000,0.000000,322,0.000000,0.000000,0.0,0.000000,0.000000
315_CT_6-0,7,26.401998,0.000000,0.000000,1.000000,0.000000,0.000000,0.000000,0.000000,0.000000,26.401998,0.000000,0.000000,0.000000,315,0.000000,26.401998,-0.0,26.401998,22.000000
315_CT_6-1,7,26.401998,0.000000,0.000000,1.000000,0.000000,0.000000,0.000000,0.000000,0.000000,26.401998,0.000000,0.000000,0.000000,315,0.000000,26.401998,-0.0,26.401998,11.000000
315_CT_6-2,7,26.895675,0.000000,0.000000,1.000000,0.000000,0.000000,0.000000,0.493677,0.000000,26.401998,0.000000,0.000000,0.000000,315,0.000000,26.895675,-0.0,26.895675,11.000000
315_CT_6-3,7,31.855768,0.000000,0.000000,1.000000,0.000000,0.000000,0.000000,5.453770,0.000000,26.401998,0.000000,0.000000,0.000000,315,0.000000,31.855768,-0.0,31.855768,11.000000
322_HYDRO_3-0,7,0.000000,0.000000,0.000000,1.000000,0.000000,0.000000,0.000000,0.000000,0.000000,0.000000,0.000000,0.000000,0.000000,322,0.000000,0.000000,0.0,0.000000,20.487500
322_HYDRO_3-1,7,0.000000,0.000000,0.000000,1.000000,0.000000,0.000000,0.000000,0.000000,0.000000,0.000000,0.000000,0.000000,0.000000,322,0.000000,0.000000,0.0,0.000000,0.000000
322_HYDRO_3-2,7,0.000000,0.000000,0.000000,1.000000,0.000000,0.000000,0.000000,0.000000,0.000000,0.000000,0.000000,0.000000,0.000000,322,0.000000,0.000000,0.0,0.000000,0.000000
322_HYDRO_3-3,7,0.000000,0.000000,0.000000,1.000000,0.000000,0.000000,0.000000,0.000000,0.000000,0.000000,0.000000,0.000000,0.000000,322,0.000000,0.000000,0.0,0.000000,0.000000
301_CT_4-0,7,28.469999,0.000000,0.000000,1.000000,0.000000,0.000000,0.000000,0.000000,0.000000,28.469999,0.000000,0.000000,0.000000,301,0.000000,28.469999,-0.0,28.469999,22.000000
301_CT_4-1,7,28.469999,0.000000,0.000000,1.000000,0.000000,0.000000,0.000000,0.000000,0.000000,28.469999,0.000000,0.000000,0.000000,301,0.000000,28.469999,-0.0,28.469999,11.000000
301_CT_4-2,7,29.286315,0.000000,0.000000,1.000000,0.000000,0.000000,0.000000,0.816316,0.000000,28.469999,0.000000,0.000000,0.000000,301,0.000000,29.286315,-0.0,29.286315,11.000000
301_CT_4-3,7,43.742887,0.000000,0.000000,1.000000,0.000000,0.000000,0.000000,15.272887,0.000000,28.469999,0.000000,0.000000,0.000000,301,0.000000,43.742887,-0.0,43.742887,11.000000
316_STEAM_1-0,7,21.116646,0.000000,0.000000,1.000000,0.000000,0.000000,0.000000,0.000000,0.000000,21.116646,0.000000,0.000000,0.000000,316,0.000000,21.116646,-0.0,21.116646,62.000000
316_STEAM_1-1,7,21.116646,0.000000,0.000000,1.000000,0.000000,0.000000,0.000000,0.000000,0.000000,21.116646,0.000000,0.000000,0.000000,316,0.000000,21.116646,-0.0,21.116646,31.000000
316_STEAM_1-2,7,21.287879,0.000000,0.000000,1.000000,0.000000,0.000000,0.000000,0.171233,0.000000,21.116646,0.000000,0.000000,0.000000,316,0.000000,21.287879,-0.0,21.287879,31.000000
316_STEAM_1-3,7,27.274699,0.000000,0.000000,1.000000,0.000000,0.000000,0.000000,6.158053,0.000000,21.116646,0.000000,0.000000,0.000000,316,0.000000,27.274699,-0.0,27.274699,31.000000
302_CT_2-0,7,87.255791,0.000000,0.000000,1.000000,0.000000,0.000000,0.000000,0.000000,0.000000,87.255791,0.000000,0.000000,0.000000,302,0.000000,87.255791,-0.0,87.255791,8.000000
302_CT_2-1,7,87.255791,0.000000,0.000000,1.000000,0.000000,0.000000,0.000000,0.000000,0.000000,87.255791,0.000000,0.000000,0.000000,302,0.000000,87.255791,-0.0,87.255791,4.000000
302_CT_2-2,7,99.695770,0.000000,0.000000,1.000000,0.000000,0.000000,0.000000,12.439979,0.000000,87.255791,0.000000,0.000000,0.000000,302,0.000000,99.695770,-0.0,99.695770,4.000000
302_CT_2-3,7,105.367241,0.000000,0.000000,1.000000,0.000000,0.000000,0.000000,18.111450,0.000000,87.255791,0.000000,0.000000,0.000000,302,0.000000,105.367241,-0.0,105.367241,4.000000
323_CC_2-0,7,26.429209,0.000000,0.000000,1.000000,0.000000,0.000000,0.000000,0.000000,0.000000,26.429209,0.000000,0.000000,0.000000,323,0.000000,26.429209,-0.0,26.429209,170.000000
323_CC_2-1,7,26.429209,0.000000,0.000000,1.000000,0.000000,0.000000,0.000000,0.000000,0.000000,26.429209,0.000000,0.000000,0.000000,323,0.000000,26.429209,-0.0,26.429209,61.666667
323_CC_2-2,7,30.277557,0.000000,0.000000,1.000000,0.000000,0.000000,0.000000,3.848348,0.000000,26.429209,0.000000,0.000000,0.000000,323,0.000000,30.277557,-0.0,30.277557,61.666667
323_CC_2-3,7,31.727490,0.000000,0.000000,1.000000,0.000000,0.000000,0.000000,5.298281,0.000000,26.429209,0.000000,0.000000,0.000000,323,0.000000,31.727490,-0.0,31.727490,61.666667
315_STEAM_1-0,7,75.436777,0.000000,0.000000,1.000000,0.000000,0.000000,0.000000,0.000000,0.000000,75.436777,0.000000,0.000000,0.000000,315,0.000000,75.436777,-0.0,75.436777,5.000000
315_STEAM_1-1,7,75.436777,0.000000,0.000000,1.000000,0.000000,0.000000,0.000000,0.000000,0.000000,75.436777,0.000000,0.000000,0.000000,315,0.000000,75.436777,-0.0,75.436777,2.333333
315_STEAM_1-2,7,100.399529,0.000000,0.000000,1.000000,0.000000,0.000000,0.000000,24.962753,0.000000,75.436777,0.000000,0.000000,0.000000,315,0.000000,100.399529,-0.0,100.399529,2.333333
315_STEAM_1-3,7,124.099655,0.000000,0.000000,1.000000,0.000000,0.000000,0.000000,48.662879,0.000000,75.436777,0.000000,0.000000,0.000000,315,0.000000,124.099655,-0.0,124.099655,2.333333
313_CC_1-0,7,15.731579,0.000000,0.000000,1.000000,0.000000,0.000000,0.000000,0.000000,0.000000,15.731579,0.000000,0.000000,0.000000,313,0.000000,15.731579,-0.0,15.731579,170.000000
313_CC_1-1,7,15.731579,0.000000,0.000000,1.000000,0.000000,0.000000,0.000000,0.000000,0.000000,15.731579,0.000000,0.000000,0.000000,313,0.000000,15.731579,-0.0,15.731579,61.666667
313_CC_1-2,7,26.755735,0.000000,0.000000,1.000000,0.000000,0.000000,0.000000,11.024156,0.000000,15.731579,0.000000,0.000000,0.000000,313,0.000000,26.755735,-0.0,26.755735,61.666667
313_CC_1-3,7,33.752731,0.000000,0.000000,1.000000,0.000000,0.000000,0.000000,18.021152,0.000000,15.731579,0.000000,0.000000,0.000000,313,0.000000,33.752731,-0.0,33.752731,61.666667
323_CC_1-0,7,26.429209,0.000000,0.000000,1.000000,0.000000,0.000000,0.000000,0.000000,0.000000,26.429209,0.000000,0.000000,0.000000,323,0.000000,26.429209,-0.0,26.429209,170.000000
323_CC_1-1,7,26.429209,0.000000,0.000000,1.000000,0.000000,0.000000,0.000000,0.000000,0.000000,26.429209,0.000000,0.000000,0.000000,323,0.000000,26.429209,-0.0,26.429209,61.666667
323_CC_1-2,7,30.277557,0.000000,0.000000,1.000000,0.000000,0.000000,0.000000,3.848348,0.000000,26.429209,0.000000,0.000000,0.000000,323,0.000000,30.277557,-0.0,30.277557,61.666667
323_CC_1-3,7,31.727490,0.000000,0.000000,1.000000,0.000000,0.000000,0.000000,5.298281,0.000000,26.429209,0.000000,0.000000,0.000000,323,0.000000,31.727490,-0.0,31.727490,61.666667
301_CT_1-0,7,87.255791,0.000000,0.000000,1.000000,0.000000,0.000000,0.000000,0.000000,0.000000,87.255791,0.000000,0.000000,0.000000,301,0.000000,87.255791,-0.0,87.255791,8.000000
301_CT_1-1,7,87.255791,0.000000,0.000000,1.000000,0.000000,0.000000,0.000000,0.000000,0.000000,87.255791,0.000000,0.000000,0.000000,301,0.000000,87.255791,-0.0,87.255791,4.000000
301_CT_1-2,7,99.695770,0.000000,0.000000,1.000000,0.000000,0.000000,0.000000,12.439979,0.000000,87.255791,0.000000,0.000000,0.000000,301,0.000000,99.695770,-0.0,99.695770,4.000000
301_CT_1-3,7,105.367241,0.000000,0.000000,1.000000,0.000000,0.000000,0.000000,18.111450,0.000000,87.255791,0.000000,0.000000,0.000000,301,0.000000,105.367241,-0.0,105.367241,4.000000
307_CT_1-0,7,27.894691,0.000000,0.000000,1.000000,0.000000,0.000000,0.000000,0.000000,0.000000,27.894691,0.000000,0.000000,0.000000,307,0.000000,27.894691,-0.0,27.894691,22.000000
307_CT_1-1,7,27.894691,0.000000,0.000000,1.000000,0.000000,0.000000,0.000000,0.000000,0.000000,27.894691,0.000000,0.000000,0.000000,307,0.000000,27.894691,-0.0,27.894691,11.000000
307_CT_1-2,7,29.220233,0.000000,0.000000,1.000000,0.000000,0.000000,0.000000,1.325542,0.000000,27.894691,0.000000,0.000000,0.000000,307,0.000000,29.220233,-0.0,29.220233,11.000000
307_CT_1-3,7,35.474770,0.000000,0.000000,1.000000,0.000000,0.000000,0.000000,7.580079,0.000000,27.894691,0.000000,0.000000,0.000000,307,0.000000,35.474770,-0.0,35.474770,11.000000
315_STEAM_4-0,7,75.436777,0.000000,0.000000,1.000000,0.000000,0.000000,0.000000,0.000000,0.000000,75.436777,0.000000,0.000000,0.000000,315,0.000000,75.436777,-0.0,75.436777,5.000000
315_STEAM_4-1,7,75.436777,0.000000,0.000000,1.000000,0.000000,0.000000,0.000000,0.000000,0.000000,75.436777,0.000000,0.000000,0.000000,315,0.000000,75.436777,-0.0,75.436777,2.333333
315_STEAM_4-2,7,100.399529,0.000000,0.000000,1.000000,0.000000,0.000000,0.000000,24.962753,0.000000,75.436777,0.000000,0.000000,0.000000,315,0.000000,100.399529,-0.0,100.399529,2.333333
315_STEAM_4-3,7,124.099655,0.000000,0.000000,1.000000,0.000000,0.000000,0.000000,48.662879,0.000000,75.436777,0.000000,0.000000,0.000000,315,0.000000,124.099655,-0.0,124.099655,2.333333
315_CT_8-0,7,26.401998,0.000000,0.000000,1.000000,0.000000,0.000000,0.000000,0.000000,0.000000,26.401998,0.000000,0.000000,0.000000,315,0.000000,26.401998,-0.0,26.401998,22.000000
315_CT_8-1,7,26.401998,0.000000,0.000000,1.000000,0.000000,0.000000,0.000000,0.000000,0.000000,26.401998,0.000000,0.000000,0.000000,315,0.000000,26.401998,-0.0,26.401998,11.000000
315_CT_8-2,7,26.895675,0.000000,0.000000,1.000000,0.000000,0.000000,0.000000,0.493677,0.000000,26.401998,0.000000,0.000000,0.000000,315,0.000000,26.895675,-0.0,26.895675,11.000000
315_CT_8-3,7,31.855768,0.000000,0.000000,1.000000,0.000000,0.000000,0.000000,5.453770,0.000000,26.401998,0.000000,0.000000,0.000000,315,0.000000,31.855768,-0.0,31.855768,11.000000
322_CT_6-0,7,23.334982,0.000000,0.000000,1.000000,0.000000,0.000000,0.000000,0.000000,0.000000,23.334982,0.000000,0.000000,0.000000,322,0.000000,23.334982,-0.0,23.334982,22.000000
322_CT_6-1,7,23.334982,0.000000,0.000000,1.000000,0.000000,0.000000,0.000000,0.000000,0.000000,23.334982,0.000000,0.000000,0.000000,322,0.000000,23.334982,-0.0,23.334982,11.000000
322_CT_6-2,7,26.499179,0.000000,0.000000,1.000000,0.000000,0.000000,0.000000,3.164197,0.000000,23.334982,0.000000,0.000000,0.000000,322,0.000000,26.499179,-0.0,26.499179,11.000000
322_CT_6-3,7,27.894691,0.000000,0.000000,1.000000,0.000000,0.000000,0.000000,4.559709,0.000000,23.334982,0.000000,0.000000,0.000000,322,0.000000,27.894691,-0.0,27.894691,11.000000
321_CC_1-0,7,22.732463,0.000000,0.000000,1.000000,0.000000,0.000000,0.000000,0.000000,0.000000,22.732463,0.000000,0.000000,0.000000,321,0.000000,22.732463,-0.0,22.732463,170.000000
321_CC_1-1,7,22.732463,0.000000,0.000000,1.000000,0.000000,0.000000,0.000000,0.000000,0.000000,22.732463,0.000000,0.000000,0.000000,321,0.000000,22.732463,-0.0,22.732463,61.666667
321_CC_1-2,7,25.908321,0.000000,0.000000,1.000000,0.000000,0.000000,0.000000,3.175859,0.000000,22.732463,0.000000,0.000000,0.000000,321,0.000000,25.908321,-0.0,25.908321,61.666667
321_CC_1-3,7,33.947092,0.000000,0.000000,1.000000,0.000000,0.000000,0.000000,11.214630,0.000000,22.732463,0.000000,0.000000,0.000000,321,0.000000,33.947092,-0.0,33.947092,61.666667
318_CC_1-0,7,26.845141,0.000000,0.000000,1.000000,0.000000,0.000000,0.000000,0.000000,0.000000,26.845141,0.000000,0.000000,0.000000,318,0.000000,26.845141,-0.0,26.845141,170.000000
318_CC_1-1,7,26.845141,0.000000,0.000000,1.000000,0.000000,0.000000,0.000000,0.000000,0.000000,26.845141,0.000000,0.000000,0.000000,318,0.000000,26.845141,-0.0,26.845141,61.666667
318_CC_1-2,7,27.276623,0.000000,0.000000,1.000000,0.000000,0.000000,0.000000,0.431481,0.000000,26.845141,0.000000,0.000000,0.000000,318,0.000000,27.276623,-0.0,27.276623,61.666667
318_CC_1-3,7,31.529241,0.000000,0.000000,1.000000,0.000000,0.000000,0.000000,4.684100,0.000000,26.845141,0.000000,0.000000,0.000000,318,0.000000,31.529241,-0.0,31.529241,61.666667
301_CT_2-0,7,87.255791,0.000000,0.000000,1.000000,0.000000,0.000000,0.000000,0.000000,0.000000,87.255791,0.000000,0.000000,0.000000,301,0.000000,87.255791,-0.0,87.255791,8.000000
301_CT_2-1,7,87.255791,0.000000,0.000000,1.000000,0.000000,0.000000,0.000000,0.000000,0.000000,87.255791,0.000000,0.000000,0.000000,301,0.000000,87.255791,-0.0,87.255791,4.000000
301_CT_2-2,7,99.695770,0.000000,0.000000,1.000000,0.000000,0.000000,0.000000,12.439979,0.000000,87.255791,0.000000,0.000000,0.000000,301,0.000000,99.695770,-0.0,99.695770,4.000000
301_CT_2-3,7,105.367241,0.000000,0.000000,1.000000,0.000000,0.000000,0.000000,18.111450,0.000000,87.255791,0.000000,0.000000,0.000000,301,0.000000,105.367241,-0.0,105.367241,4.000000
315_CT_7-0,7,26.401998,0.000000,0.000000,1.000000,0.000000,0.000000,0.000000,0.000000,0.000000,26.401998,0.000000,0.000000,0.000000,315,0.000000,26.401998,-0.0,26.401998,22.000000
315_CT_7-1,7,26.401998,0.000000,0.000000,1.000000,0.000000,0.000000,0.000000,0.000000,0.000000,26.401998,0.000000,0.000000,0.000000,315,0.000000,26.401998,-0.0,26.401998,11.000000
315_CT_7-2,7,26.895675,0.000000,0.000000,1.000000,0.000000,0.000000,0.000000,0.493677,0.000000,26.401998,0.000000,0.000000,0.000000,315,0.000000,26.895675,-0.0,26.895675,11.000000
315_CT_7-3,7,31.855768,0.000000,0.000000,1.000000,0.000000,0.000000,0.000000,5.453770,0.000000,26.401998,0.000000,0.000000,0.000000,315,0.000000,31.855768,-0.0,31.855768,11.000000
322_HYDRO_2-0,7,0.000000,20.487500,0.000000,1.000000,0.000000,0.000000,0.000000,0.000000,0.000000,0.000000,0.000000,0.000000,0.000000,322,0.000000,0.000000,0.0,0.000000,20.487500
322_HYDRO_2-1,7,0.000000,0.000000,0.000000,1.000000,0.000000,0.000000,0.000000,0.000000,0.000000,0.000000,0.000000,0.000000,0.000000,322,0.000000,0.000000,0.0,0.000000,0.000000
322_HYDRO_2-2,7,0.000000,0.000000,0.000000,1.000000,0.000000,0.000000,0.000000,0.000000,0.000000,0.000000,0.000000,0.000000,0.000000,322,0.000000,0.000000,0.0,0.000000,0.000000
322_HYDRO_2-3,7,0.000000,0.000000,0.000000,1.000000,0.000000,0.000000,0.000000,0.000000,0.000000,0.000000,0.000000,0.000000,0.000000,322,0.000000,0.000000,0.0,0.000000,0.000000
301_CT_3-0,7,28.469999,0.000000,0.000000,1.000000,0.000000,0.000000,0.000000,0.000000,0.000000,28.469999,0.000000,0.000000,0.000000,301,0.000000,28.469999,-0.0,28.469999,22.000000
301_CT_3-1,7,28.469999,0.000000,0.000000,1.000000,0.000000,0.000000,0.000000,0.000000,0.000000,28.469999,0.000000,0.000000,0.000000,301,0.000000,28.469999,-0.0,28.469999,11.000000
301_CT_3-2,7,29.286315,0.000000,0.000000,1.000000,0.000000,0.000000,0.000000,0.816316,0.000000,28.469999,0.000000,0.000000,0.000000,301,0.000000,29.286315,-0.0,29.286315,11.000000
301_CT_3-3,7,43.742887,0.000000,0.000000,1.000000,0.000000,0.000000,0.000000,15.272887,0.000000,28.469999,0.000000,0.000000,0.000000,301,0.000000,43.742887,-0.0,43.742887,11.000000
302_CT_3-0,7,33.791603,0.000000,0.000000,1.000000,0.000000,0.000000,0.000000,0.000000,0.000000,33.791603,0.000000,0.000000,0.000000,302,0.000000,33.791603,-0.0,33.791603,22.000000
302_CT_3-1,7,33.791603,0.000000,0.000000,1.000000,0.000000,0.000000,0.000000,0.000000,0.000000,33.791603,0.000000,0.000000,0.000000,302,0.000000,33.791603,-0.0,33.791603,11.000000
302_CT_3-2,7,38.382410,0.000000,0.000000,1.000000,0.000000,0.000000,0.000000,4.590807,0.000000,33.791603,0.000000,0.000000,0.000000,302,0.000000,38.382410,-0.0,38.382410,11.000000
302_CT_3-3,7,38.635080,0.000000,0.000000,1.000000,0.000000,0.000000,0.000000,4.843476,0.000000,33.791603,0.000000,0.000000,0.000000,302,0.000000,38.635080,-0.0,38.635080,11.000000
315_STEAM_2-0,7,75.436777,0.000000,0.000000,1.000000,0.000000,0.000000,0.000000,0.000000,0.000000,75.436777,0.000000,0.000000,0.000000,315,0.000000,75.436777,-0.0,75.436777,5.000000
315_STEAM_2-1,7,75.436777,0.000000,0.000000,1.000000,0.000000,0.000000,0.000000,0.000000,0.000000,75.436777,0.000000,0.000000,0.000000,315,0.000000,75.436777,-0.0,75.436777,2.333333
315_STEAM_2-2,7,100.399529,0.000000,0.000000,1.000000,0.000000,0.000000,0.000000,24.962753,0.000000,75.436777,0.000000,0.000000,0.000000,315,0.000000,100.399529,-0.0,100.399529,2.333333
315_STEAM_2-3,7,124.099655,0.000000,0.000000,1.000000,0.000000,0.000000,0.000000,48.662879,0.000000,75.436777,0.000000,0.000000,0.000000,315,0.000000,124.099655,-0.0,124.099655,2.333333
302_CT_4-0,7,33.791603,0.000000,0.000000,1.000000,0.000000,0.000000,0.000000,0.000000,0.000000,33.791603,0.000000,0.000000,0.000000,302,0.000000,33.791603,-0.0,33.791603,22.000000
302_CT_4-1,7,33.791603,0.000000,0.000000,1.000000,0.000000,0.000000,0.000000,0.000000,0.000000,33.791603,0.000000,0.000000,0.000000,302,0.000000,33.791603,-0.0,33.791603,11.000000
302_CT_4-2,7,38.382410,0.000000,0.000000,1.000000,0.000000,0.000000,0.000000,4.590807,0.000000,33.791603,0.000000,0.000000,0.000000,302,0.000000,38.382410,-0.0,38.382410,11.000000
302_CT_4-3,7,38.635080,0.000000,0.000000,1.000000,0.000000,0.000000,0.000000,4.843476,0.000000,33.791603,0.000000,0.000000,0.000000,302,0.000000,38.635080,-0.0,38.635080,11.000000
315_STEAM_5-0,7,75.436777,0.000000,0.000000,1.000000,0.000000,0.000000,0.000000,0.000000,0.000000,75.436777,0.000000,0.000000,0.000000,315,0.000000,75.436777,-0.0,75.436777,5.000000
315_STEAM_5-1,7,75.436777,0.000000,0.000000,1.000000,0.000000,0.000000,0.000000,0.000000,0.000000,75.436777,0.000000,0.000000,0.000000,315,0.000000,75.436777,-0.0,75.436777,2.333333
315_STEAM_5-2,7,100.399529,0.000000,0.000000,1.000000,0.000000,0.000000,0.000000,24.962753,0.000000,75.436777,0.000000,0.000000,0.000000,315,0.000000,100.399529,-0.0,100.399529,2.333333
315_STEAM_5-3,7,124.099655,0.000000,0.000000,1.000000,0.000000,0.000000,0.000000,48.662879,0.000000,75.436777,0.000000,0.000000,0.000000,315,0.000000,124.099655,-0.0,124.099655,2.333333
315_STEAM_3-0,7,75.436777,0.000000,0.000000,1.000000,0.000000,0.000000,0.000000,0.000000,0.000000,75.436777,0.000000,0.000000,0.000000,315,0.000000,75.436777,-0.0,75.436777,5.000000
315_STEAM_3-1,7,75.436777,0.000000,0.000000,1.000000,0.000000,0.000000,0.000000,0.000000,0.000000,75.436777,0.000000,0.000000,0.000000,315,0.000000,75.436777,-0.0,75.436777,2.333333
315_STEAM_3-2,7,100.399529,0.000000,0.000000,1.000000,0.000000,0.000000,0.000000,24.962753,0.000000,75.436777,0.000000,0.000000,0.000000,315,0.000000,100.399529,-0.0,100.399529,2.333333
315_STEAM_3-3,7,124.099655,0.000000,0.000000,1.000000,0.000000,0.000000,0.000000,48.662879,0.000000,75.436777,0.000000,0.000000,0.000000,315,0.000000,124.099655,-0.0,124.099655,2.333333
302_CT_1-0,7,87.255791,0.000000,0.000000,1.000000,0.000000,0.000000,0.000000,0.000000,0.000000,87.255791,0.000000,0.000000,0.000000,302,0.000000,87.255791,-0.0,87.255791,8.000000
302_CT_1-1,7,87.255791,0.000000,0.000000,1.000000,0.000000,0.000000,0.000000,0.000000,0.000000,87.255791,0.000000,0.000000,0.000000,302,0.000000,87.255791,-0.0,87.255791,4.000000
302_CT_1-2,7,99.695770,0.000000,0.000000,1.000000,0.000000,0.000000,0.000000,12.439979,0.000000,87.255791,0.000000,0.000000,0.000000,302,0.000000,99.695770,-0.0,99.695770,4.000000
302_CT_1-3,7,105.367241,0.000000,0.000000,1.000000,0.000000,0.000000,0.000000,18.111450,0.000000,87.255791,0.000000,0.000000,0.000000,302,0.000000,105.367241,-0.0,105.367241,4.000000
322_CT_5-0,7,23.334982,0.000000,0.000000,1.000000,0.000000,0.000000,0.000000,0.000000,0.000000,23.334982,0.000000,0.000000,0.000000,322,0.000000,23.334982,-0.0,23.334982,22.000000
322_CT_5-1,7,23.334982,0.000000,0.000000,1.000000,0.000000,0.000000,0.000000,0.000000,0.000000,23.334982,0.000000,0.000000,0.000000,322,0.000000,23.334982,-0.0,23.334982,11.000000
322_CT_5-2,7,26.499179,0.000000,0.000000,1.000000,0.000000,0.000000,0.000000,3.164197,0.000000,23.334982,0.000000,0.000000,0.000000,322,0.000000,26.499179,-0.0,26.499179,11.000000
322_CT_5-3,7,27.894691,0.000000,0.000000,1.000000,0.000000,0.000000,0.000000,4.559709,0.000000,23.334982,0.000000,0.000000,0.000000,322,0.000000,27.894691,-0.0,27.894691,11.000000
307_CT_2-0,7,27.894691,0.000000,0.000000,1.000000,0.000000,0.000000,0.000000,0.000000,0.000000,27.894691,0.000000,0.000000,0.000000,307,0.000000,27.894691,-0.0,27.894691,22.000000
307_CT_2-1,7,27.894691,0.000000,0.000000,1.000000,0.000000,0.000000,0.000000,0.000000,0.000000,27.894691,0.000000,0.000000,0.000000,307,0.000000,27.894691,-0.0,27.894691,11.000000
307_CT_2-2,7,29.220233,0.000000,0.000000,1.000000,0.000000,0.000000,0.000000,1.325542,0.000000,27.894691,0.000000,0.000000,0.000000,307,0.000000,29.220233,-0.0,29.220233,11.000000
307_CT_2-3,7,35.474770,0.000000,0.000000,1.000000,0.000000,0.000000,0.000000,7.580079,0.000000,27.894691,0.000000,0.000000,0.000000,307,0.000000,35.474770,-0.0,35.474770,11.000000
322_HYDRO_1-0,8,0.000000,0.000000,0.000000,1.000000,0.000000,0.000000,0.000000,0.000000,0.000000,0.000000,0.000000,0.000000,0.000000,322,0.000000,0.000000,0.0,0.000000,18.558333
322_HYDRO_1-1,8,0.000000,0.000000,0.000000,1.000000,0.000000,0.000000,0.000000,0.000000,0.000000,0.000000,0.000000,0.000000,0.000000,322,0.000000,0.000000,0.0,0.000000,0.000000
322_HYDRO_1-2,8,0.000000,0.000000,0.000000,1.000000,0.000000,0.000000,0.000000,0.000000,0.000000,0.000000,0.000000,0.000000,0.000000,322,0.000000,0.000000,0.0,0.000000,0.000000
322_HYDRO_1-3,8,0.000000,0.000000,0.000000,1.000000,0.000000,0.000000,0.000000,0.000000,0.000000,0.000000,0.000000,0.000000,0.000000,322,0.000000,0.000000,0.0,0.000000,0.000000
322_HYDRO_4-0,8,0.000000,0.000000,0.000000,1.000000,0.000000,0.000000,0.000000,0.000000,0.000000,0.000000,0.000000,0.000000,0.000000,322,0.000000,0.000000,0.0,0.000000,18.558333
322_HYDRO_4-1,8,0.000000,0.000000,0.000000,1.000000,0.000000,0.000000,0.000000,0.000000,0.000000,0.000000,0.000000,0.000000,0.000000,322,0.000000,0.000000,0.0,0.000000,0.000000
322_HYDRO_4-2,8,0.000000,0.000000,0.000000,1.000000,0.000000,0.000000,0.000000,0.000000,0.000000,0.000000,0.000000,0.000000,0.000000,322,0.000000,0.000000,0.0,0.000000,0.000000
322_HYDRO_4-3,8,0.000000,0.000000,0.000000,1.000000,0.000000,0.000000,0.000000,0.000000,0.000000,0.000000,0.000000,0.000000,0.000000,322,0.000000,0.000000,0.0,0.000000,0.000000
315_CT_6-0,8,26.401998,0.000000,0.000000,1.000000,0.000000,0.000000,0.000000,0.000000,0.000000,26.401998,0.000000,0.000000,0.000000,315,0.000000,26.401998,-0.0,26.401998,22.000000
315_CT_6-1,8,26.401998,0.000000,0.000000,1.000000,0.000000,0.000000,0.000000,0.000000,0.000000,26.401998,0.000000,0.000000,0.000000,315,0.000000,26.401998,-0.0,26.401998,11.000000
315_CT_6-2,8,26.895675,0.000000,0.000000,1.000000,0.000000,0.000000,0.000000,0.493677,0.000000,26.401998,0.000000,0.000000,0.000000,315,0.000000,26.895675,-0.0,26.895675,11.000000
315_CT_6-3,8,31.855768,0.000000,0.000000,1.000000,0.000000,0.000000,0.000000,5.453770,0.000000,26.401998,0.000000,0.000000,0.000000,315,0.000000,31.855768,-0.0,31.855768,11.000000
322_HYDRO_3-0,8,0.000000,0.000000,0.000000,1.000000,0.000000,0.000000,0.000000,0.000000,0.000000,0.000000,0.000000,0.000000,0.000000,322,0.000000,0.000000,0.0,0.000000,18.558333
322_HYDRO_3-1,8,0.000000,0.000000,0.000000,1.000000,0.000000,0.000000,0.000000,0.000000,0.000000,0.000000,0.000000,0.000000,0.000000,322,0.000000,0.000000,0.0,0.000000,0.000000
322_HYDRO_3-2,8,0.000000,0.000000,0.000000,1.000000,0.000000,0.000000,0.000000,0.000000,0.000000,0.000000,0.000000,0.000000,0.000000,322,0.000000,0.000000,0.0,0.000000,0.000000
322_HYDRO_3-3,8,0.000000,0.000000,0.000000,1.000000,0.000000,0.000000,0.000000,0.000000,0.000000,0.000000,0.000000,0.000000,0.000000,322,0.000000,0.000000,0.0,0.000000,0.000000
301_CT_4-0,8,28.469999,0.000000,0.000000,1.000000,0.000000,0.000000,0.000000,0.000000,0.000000,28.469999,0.000000,0.000000,0.000000,301,0.000000,28.469999,-0.0,28.469999,22.000000
301_CT_4-1,8,28.469999,0.000000,0.000000,1.000000,0.000000,0.000000,0.000000,0.000000,0.000000,28.469999,0.000000,0.000000,0.000000,301,0.000000,28.469999,-0.0,28.469999,11.000000
301_CT_4-2,8,29.286315,0.000000,0.000000,1.000000,0.000000,0.000000,0.000000,0.816316,0.000000,28.469999,0.000000,0.000000,0.000000,301,0.000000,29.286315,-0.0,29.286315,11.000000
301_CT_4-3,8,43.742887,0.000000,0.000000,1.000000,0.000000,0.000000,0.000000,15.272887,0.000000,28.469999,0.000000,0.000000,0.000000,301,0.000000,43.742887,-0.0,43.742887,11.000000
316_STEAM_1-0,8,21.116646,0.000000,0.000000,1.000000,0.000000,0.000000,0.000000,0.000000,0.000000,21.116646,0.000000,0.000000,0.000000,316,0.000000,21.116646,-0.0,21.116646,62.000000
316_STEAM_1-1,8,21.116646,0.000000,0.000000,1.000000,0.000000,0.000000,0.000000,0.000000,0.000000,21.116646,0.000000,0.000000,0.000000,316,0.000000,21.116646,-0.0,21.116646,31.000000
316_STEAM_1-2,8,21.287879,0.000000,0.000000,1.000000,0.000000,0.000000,0.000000,0.171233,0.000000,21.116646,0.000000,0.000000,0.000000,316,0.000000,21.287879,-0.0,21.287879,31.000000
316_STEAM_1-3,8,27.274699,0.000000,0.000000,1.000000,0.000000,0.000000,0.000000,6.158053,0.000000,21.116646,0.000000,0.000000,0.000000,316,0.000000,27.274699,-0.0,27.274699,31.000000
302_CT_2-0,8,87.255791,0.000000,0.000000,1.000000,0.000000,0.000000,0.000000,0.000000,0.000000,87.255791,0.000000,0.000000,0.000000,302,0.000000,87.255791,-0.0,87.255791,8.000000
302_CT_2-1,8,87.255791,0.000000,0.000000,1.000000,0.000000,0.000000,0.000000,0.000000,0.000000,87.255791,0.000000,0.000000,0.000000,302,0.000000,87.255791,-0.0,87.255791,4.000000
302_CT_2-2,8,99.695770,0.000000,0.000000,1.000000,0.000000,0.000000,0.000000,12.439979,0.000000,87.255791,0.000000,0.000000,0.000000,302,0.000000,99.695770,-0.0,99.695770,4.000000
302_CT_2-3,8,105.367241,0.000000,0.000000,1.000000,0.000000,0.000000,0.000000,18.111450,0.000000,87.255791,0.000000,0.000000,0.000000,302,0.000000,105.367241,-0.0,105.367241,4.000000
323_CC_2-0,8,26.429209,0.000000,0.000000,1.000000,0.000000,0.000000,0.000000,0.000000,0.000000,26.429209,0.000000,0.000000,0.000000,323,0.000000,26.429209,-0.0,26.429209,170.000000
323_CC_2-1,8,26.429209,0.000000,0.000000,1.000000,0.000000,0.000000,0.000000,0.000000,0.000000,26.429209,0.000000,0.000000,0.000000,323,0.000000,26.429209,-0.0,26.429209,61.666667
323_CC_2-2,8,30.277557,0.000000,0.000000,1.000000,0.000000,0.000000,0.000000,3.848348,0.000000,26.429209,0.000000,0.000000,0.000000,323,0.000000,30.277557,-0.0,30.277557,61.666667
323_CC_2-3,8,31.727490,0.000000,0.000000,1.000000,0.000000,0.000000,0.000000,5.298281,0.000000,26.429209,0.000000,0.000000,0.000000,323,0.000000,31.727490,-0.0,31.727490,61.666667
315_STEAM_1-0,8,75.436777,0.000000,0.000000,1.000000,0.000000,0.000000,0.000000,0.000000,0.000000,75.436777,0.000000,0.000000,0.000000,315,0.000000,75.436777,-0.0,75.436777,5.000000
315_STEAM_1-1,8,75.436777,0.000000,0.000000,1.000000,0.000000,0.000000,0.000000,0.000000,0.000000,75.436777,0.000000,0.000000,0.000000,315,0.000000,75.436777,-0.0,75.436777,2.333333
315_STEAM_1-2,8,100.399529,0.000000,0.000000,1.000000,0.000000,0.000000,0.000000,24.962753,0.000000,75.436777,0.000000,0.000000,0.000000,315,0.000000,100.399529,-0.0,100.399529,2.333333
315_STEAM_1-3,8,124.099655,0.000000,0.000000,1.000000,0.000000,0.000000,0.000000,48.662879,0.000000,75.436777,0.000000,0.000000,0.000000,315,0.000000,124.099655,-0.0,124.099655,2.333333
313_CC_1-0,8,15.731579,0.000000,0.000000,1.000000,0.000000,0.000000,0.000000,0.000000,0.000000,15.731579,0.000000,0.000000,0.000000,313,0.000000,15.731579,-0.0,15.731579,170.000000
313_CC_1-1,8,15.731579,0.000000,0.000000,1.000000,0.000000,0.000000,0.000000,0.000000,0.000000,15.731579,0.000000,0.000000,0.000000,313,0.000000,15.731579,-0.0,15.731579,61.666667
313_CC_1-2,8,26.755735,0.000000,0.000000,1.000000,0.000000,0.000000,0.000000,11.024156,0.000000,15.731579,0.000000,0.000000,0.000000,313,0.000000,26.755735,-0.0,26.755735,61.666667
313_CC_1-3,8,33.752731,0.000000,0.000000,1.000000,0.000000,0.000000,0.000000,18.021152,0.000000,15.731579,0.000000,0.000000,0.000000,313,0.000000,33.752731,-0.0,33.752731,61.666667
323_CC_1-0,8,26.429209,0.000000,0.000000,1.000000,0.000000,0.000000,0.000000,0.000000,0.000000,26.429209,0.000000,0.000000,0.000000,323,0.000000,26.429209,-0.0,26.429209,170.000000
323_CC_1-1,8,26.429209,0.000000,0.000000,1.000000,0.000000,0.000000,0.000000,0.000000,0.000000,26.429209,0.000000,0.000000,0.000000,323,0.000000,26.429209,-0.0,26.429209,61.666667
323_CC_1-2,8,30.277557,0.000000,0.000000,1.000000,0.000000,0.000000,0.000000,3.848348,0.000000,26.429209,0.000000,0.000000,0.000000,323,0.000000,30.277557,-0.0,30.277557,61.666667
323_CC_1-3,8,31.727490,0.000000,0.000000,1.000000,0.000000,0.000000,0.000000,5.298281,0.000000,26.429209,0.000000,0.000000,0.000000,323,0.000000,31.727490,-0.0,31.727490,61.666667
301_CT_1-0,8,87.255791,0.000000,0.000000,1.000000,0.000000,0.000000,0.000000,0.000000,0.000000,87.255791,0.000000,0.000000,0.000000,301,0.000000,87.255791,-0.0,87.255791,8.000000
301_CT_1-1,8,87.255791,0.000000,0.000000,1.000000,0.000000,0.000000,0.000000,0.000000,0.000000,87.255791,0.000000,0.000000,0.000000,301,0.000000,87.255791,-0.0,87.255791,4.000000
301_CT_1-2,8,99.695770,0.000000,0.000000,1.000000,0.000000,0.000000,0.000000,12.439979,0.000000,87.255791,0.000000,0.000000,0.000000,301,0.000000,99.695770,-0.0,99.695770,4.000000
301_CT_1-3,8,105.367241,0.000000,0.000000,1.000000,0.000000,0.000000,0.000000,18.111450,0.000000,87.255791,0.000000,0.000000,0.000000,301,0.000000,105.367241,-0.0,105.367241,4.000000
307_CT_1-0,8,27.894691,0.000000,0.000000,1.000000,0.000000,0.000000,0.000000,0.000000,0.000000,27.894691,0.000000,0.000000,0.000000,307,0.000000,27.894691,-0.0,27.894691,22.000000
307_CT_1-1,8,27.894691,0.000000,0.000000,1.000000,0.000000,0.000000,0.000000,0.000000,0.000000,27.894691,0.000000,0.000000,0.000000,307,0.000000,27.894691,-0.0,27.894691,11.000000
307_CT_1-2,8,29.220233,0.000000,0.000000,1.000000,0.000000,0.000000,0.000000,1.325542,0.000000,27.894691,0.000000,0.000000,0.000000,307,0.000000,29.220233,-0.0,29.220233,11.000000
307_CT_1-3,8,35.474770,0.000000,0.000000,1.000000,0.000000,0.000000,0.000000,7.580079,0.000000,27.894691,0.000000,0.000000,0.000000,307,0.000000,35.474770,-0.0,35.474770,11.000000
315_STEAM_4-0,8,75.436777,0.000000,0.000000,1.000000,0.000000,0.000000,0.000000,0.000000,0.000000,75.436777,0.000000,0.000000,0.000000,315,0.000000,75.436777,-0.0,75.436777,5.000000
315_STEAM_4-1,8,75.436777,0.000000,0.000000,1.000000,0.000000,0.000000,0.000000,0.000000,0.000000,75.436777,0.000000,0.000000,0.000000,315,0.000000,75.436777,-0.0,75.436777,2.333333
315_STEAM_4-2,8,100.399529,0.000000,0.000000,1.000000,0.000000,0.000000,0.000000,24.962753,0.000000,75.436777,0.000000,0.000000,0.000000,315,0.000000,100.399529,-0.0,100.399529,2.333333
315_STEAM_4-3,8,124.099655,0.000000,0.000000,1.000000,0.000000,0.000000,0.000000,48.662879,0.000000,75.436777,0.000000,0.000000,0.000000,315,0.000000,124.099655,-0.0,124.099655,2.333333
315_CT_8-0,8,26.401998,0.000000,0.000000,1.000000,0.000000,0.000000,0.000000,0.000000,0.000000,26.401998,0.000000,0.000000,0.000000,315,0.000000,26.401998,-0.0,26.401998,22.000000
315_CT_8-1,8,26.401998,0.000000,0.000000,1.000000,0.000000,0.000000,0.000000,0.000000,0.000000,26.401998,0.000000,0.000000,0.000000,315,0.000000,26.401998,-0.0,26.401998,11.000000
315_CT_8-2,8,26.895675,0.000000,0.000000,1.000000,0.000000,0.000000,0.000000,0.493677,0.000000,26.401998,0.000000,0.000000,0.000000,315,0.000000,26.895675,-0.0,26.895675,11.000000
315_CT_8-3,8,31.855768,0.000000,0.000000,1.000000,0.000000,0.000000,0.000000,5.453770,0.000000,26.401998,0.000000,0.000000,0.000000,315,0.000000,31.855768,-0.0,31.855768,11.000000
322_CT_6-0,8,23.334982,0.000000,0.000000,1.000000,0.000000,0.000000,0.000000,0.000000,0.000000,23.334982,0.000000,0.000000,0.000000,322,0.000000,23.334982,-0.0,23.334982,22.000000
322_CT_6-1,8,23.334982,0.000000,0.000000,1.000000,0.000000,0.000000,0.000000,0.000000,0.000000,23.334982,0.000000,0.000000,0.000000,322,0.000000,23.334982,-0.0,23.334982,11.000000
322_CT_6-2,8,26.499179,0.000000,0.000000,1.000000,0.000000,0.000000,0.000000,3.164197,0.000000,23.334982,0.000000,0.000000,0.000000,322,0.000000,26.499179,-0.0,26.499179,11.000000
322_CT_6-3,8,27.894691,0.000000,0.000000,1.000000,0.000000,0.000000,0.000000,4.559709,0.000000,23.334982,0.000000,0.000000,0.000000,322,0.000000,27.894691,-0.0,27.894691,11.000000
321_CC_1-0,8,22.732463,0.000000,0.000000,1.000000,0.000000,0.000000,0.000000,0.000000,0.000000,22.732463,0.000000,0.000000,0.000000,321,0.000000,22.732463,-0.0,22.732463,170.000000
321_CC_1-1,8,22.732463,0.000000,0.000000,1.000000,0.000000,0.000000,0.000000,0.000000,0.000000,22.732463,0.000000,0.000000,0.000000,321,0.000000,22.732463,-0.0,22.732463,61.666667
321_CC_1-2,8,25.908321,0.000000,0.000000,1.000000,0.000000,0.000000,0.000000,3.175859,0.000000,22.732463,0.000000,0.000000,0.000000,321,0.000000,25.908321,-0.0,25.908321,61.666667
321_CC_1-3,8,33.947092,0.000000,0.000000,1.000000,0.000000,0.000000,0.000000,11.214630,0.000000,22.732463,0.000000,0.000000,0.000000,321,0.000000,33.947092,-0.0,33.947092,61.666667
318_CC_1-0,8,26.845141,0.000000,0.000000,1.000000,0.000000,0.000000,0.000000,0.000000,0.000000,26.845141,0.000000,0.000000,0.000000,318,0.000000,26.845141,-0.0,26.845141,170.000000
318_CC_1-1,8,26.845141,0.000000,0.000000,1.000000,0.000000,0.000000,0.000000,0.000000,0.000000,26.845141,0.000000,0.000000,0.000000,318,0.000000,26.845141,-0.0,26.845141,61.666667
318_CC_1-2,8,27.276623,0.000000,0.000000,1.000000,0.000000,0.000000,0.000000,0.431481,0.000000,26.845141,0.000000,0.000000,0.000000,318,0.000000,27.276623,-0.0,27.276623,61.666667
318_CC_1-3,8,31.529241,0.000000,0.000000,1.000000,0.000000,0.000000,0.000000,4.684100,0.000000,26.845141,0.000000,0.000000,0.000000,318,0.000000,31.529241,-0.0,31.529241,61.666667
301_CT_2-0,8,87.255791,0.000000,0.000000,1.000000,0.000000,0.000000,0.000000,0.000000,0.000000,87.255791,0.000000,0.000000,0.000000,301,0.000000,87.255791,-0.0,87.255791,8.000000
301_CT_2-1,8,87.255791,0.000000,0.000000,1.000000,0.000000,0.000000,0.000000,0.000000,0.000000,87.255791,0.000000,0.000000,0.000000,301,0.000000,87.255791,-0.0,87.255791,4.000000
301_CT_2-2,8,99.695770,0.000000,0.000000,1.000000,0.000000,0.000000,0.000000,12.439979,0.000000,87.255791,0.000000,0.000000,0.000000,301,0.000000,99.695770,-0.0,99.695770,4.000000
301_CT_2-3,8,105.367241,0.000000,0.000000,1.000000,0.000000,0.000000,0.000000,18.111450,0.000000,87.255791,0.000000,0.000000,0.000000,301,0.000000,105.367241,-0.0,105.367241,4.000000
315_CT_7-0,8,26.401998,0.000000,0.000000,1.000000,0.000000,0.000000,0.000000,0.000000,0.000000,26.401998,0.000000,0.000000,0.000000,315,0.000000,26.401998,-0.0,26.401998,22.000000
315_CT_7-1,8,26.401998,0.000000,0.000000,1.000000,0.000000,0.000000,0.000000,0.000000,0.000000,26.401998,0.000000,0.000000,0.000000,315,0.000000,26.401998,-0.0,26.401998,11.000000
315_CT_7-2,8,26.895675,0.000000,0.000000,1.000000,0.000000,0.000000,0.000000,0.493677,0.000000,26.401998,0.000000,0.000000,0.000000,315,0.000000,26.895675,-0.0,26.895675,11.000000
315_CT_7-3,8,31.855768,0.000000,0.000000,1.000000,0.000000,0.000000,0.000000,5.453770,0.000000,26.401998,0.000000,0.000000,0.000000,315,0.000000,31.855768,-0.0,31.855768,11.000000
322_HYDRO_2-0,8,0.000000,0.000000,0.000000,1.000000,0.000000,0.000000,0.000000,0.000000,0.000000,0.000000,0.000000,0.000000,0.000000,322,0.000000,0.000000,0.0,0.000000,18.558333
322_HYDRO_2-1,8,0.000000,0.000000,0.000000,1.000000,0.000000,0.000000,0.000000,0.000000,0.000000,0.000000,0.000000,0.000000,0.000000,322,0.000000,0.000000,0.0,0.000000,0.000000
322_HYDRO_2-2,8,0.000000,0.000000,0.000000,1.000000,0.000000,0.000000,0.000000,0.000000,0.000000,0.000000,0.000000,0.000000,0.000000,322,0.000000,0.000000,0.0,0.000000,0.000000
322_HYDRO_2-3,8,0.000000,0.000000,0.000000,1.000000,0.000000,0.000000,0.000000,0.000000,0.000000,0.000000,0.000000,0.000000,0.000000,322,0.000000,0.000000,0.0,0.000000,0.000000
301_CT_3-0,8,28.469999,0.000000,0.000000,1.000000,0.000000,0.000000,0.000000,0.000000,0.000000,28.469999,0.000000,0.000000,0.000000,301,0.000000,28.469999,-0.0,28.469999,22.000000
301_CT_3-1,8,28.469999,0.000000,0.000000,1.000000,0.000000,0.000000,0.000000,0.000000,0.000000,28.469999,0.000000,0.000000,0.000000,301,0.000000,28.469999,-0.0,28.469999,11.000000
301_CT_3-2,8,29.286315,0.000000,0.000000,1.000000,0.000000,0.000000,0.000000,0.816316,0.000000,28.469999,0.000000,0.000000,0.000000,301,0.000000,29.286315,-0.0,29.286315,11.000000
301_CT_3-3,8,43.742887,0.000000,0.000000,1.000000,0.000000,0.000000,0.000000,15.272887,0.000000,28.469999,0.000000,0.000000,0.000000,301,0.000000,43.742887,-0.0,43.742887,11.000000
302_CT_3-0,8,33.791603,0.000000,0.000000,1.000000,0.000000,0.000000,0.000000,0.000000,0.000000,33.791603,0.000000,0.000000,0.000000,302,0.000000,33.791603,-0.0,33.791603,22.000000
302_CT_3-1,8,33.791603,0.000000,0.000000,1.000000,0.000000,0.000000,0.000000,0.000000,0.000000,33.791603,0.000000,0.000000,0.000000,302,0.000000,33.791603,-0.0,33.791603,11.000000
302_CT_3-2,8,38.382410,0.000000,0.000000,1.000000,0.000000,0.000000,0.000000,4.590807,0.000000,33.791603,0.000000,0.000000,0.000000,302,0.000000,38.382410,-0.0,38.382410,11.000000
302_CT_3-3,8,38.635080,0.000000,0.000000,1.000000,0.000000,0.000000,0.000000,4.843476,0.000000,33.791603,0.000000,0.000000,0.000000,302,0.000000,38.635080,-0.0,38.635080,11.000000
315_STEAM_2-0,8,75.436777,0.000000,0.000000,1.000000,0.000000,0.000000,0.000000,0.000000,0.000000,75.436777,0.000000,0.000000,0.000000,315,0.000000,75.436777,-0.0,75.436777,5.000000
315_STEAM_2-1,8,75.436777,0.000000,0.000000,1.000000,0.000000,0.000000,0.000000,0.000000,0.000000,75.436777,0.000000,0.000000,0.000000,315,0.000000,75.436777,-0.0,75.436777,2.333333
315_STEAM_2-2,8,100.399529,0.000000,0.000000,1.000000,0.000000,0.000000,0.000000,24.962753,0.000000,75.436777,0.000000,0.000000,0.000000,315,0.000000,100.399529,-0.0,100.399529,2.333333
315_STEAM_2-3,8,124.099655,0.000000,0.000000,1.000000,0.000000,0.000000,0.000000,48.662879,0.000000,75.436777,0.000000,0.000000,0.000000,315,0.000000,124.099655,-0.0,124.099655,2.333333
302_CT_4-0,8,33.791603,0.000000,0.000000,1.000000,0.000000,0.000000,0.000000,0.000000,0.000000,33.791603,0.000000,0.000000,0.000000,302,0.000000,33.791603,-0.0,33.791603,22.000000
302_CT_4-1,8,33.791603,0.000000,0.000000,1.000000,0.000000,0.000000,0.000000,0.000000,0.000000,33.791603,0.000000,0.000000,0.000000,302,0.000000,33.791603,-0.0,33.791603,11.000000
302_CT_4-2,8,38.382410,0.000000,0.000000,1.000000,0.000000,0.000000,0.000000,4.590807,0.000000,33.791603,0.000000,0.000000,0.000000,302,0.000000,38.382410,-0.0,38.382410,11.000000
302_CT_4-3,8,38.635080,0.000000,0.000000,1.000000,0.000000,0.000000,0.000000,4.843476,0.000000,33.791603,0.000000,0.000000,0.000000,302,0.000000,38.635080,-0.0,38.635080,11.000000
315_STEAM_5-0,8,75.436777,0.000000,0.000000,1.000000,0.000000,0.000000,0.000000,0.000000,0.000000,75.436777,0.000000,0.000000,0.000000,315,0.000000,75.436777,-0.0,75.436777,5.000000
315_STEAM_5-1,8,75.436777,0.000000,0.000000,1.000000,0.000000,0.000000,0.000000,0.000000,0.000000,75.436777,0.000000,0.000000,0.000000,315,0.000000,75.436777,-0.0,75.436777,2.333333
315_STEAM_5-2,8,100.399529,0.000000,0.000000,1.000000,0.000000,0.000000,0.000000,24.962753,0.000000,75.436777,0.000000,0.000000,0.000000,315,0.000000,100.399529,-0.0,100.399529,2.333333
315_STEAM_5-3,8,124.099655,0.000000,0.000000,1.000000,0.000000,0.000000,0.000000,48.662879,0.000000,75.436777,0.000000,0.000000,0.000000,315,0.000000,124.099655,-0.0,124.099655,2.333333
315_STEAM_3-0,8,75.436777,0.000000,0.000000,1.000000,0.000000,0.000000,0.000000,0.000000,0.000000,75.436777,0.000000,0.000000,0.000000,315,0.000000,75.436777,-0.0,75.436777,5.000000
315_STEAM_3-1,8,75.436777,0.000000,0.000000,1.000000,0.000000,0.000000,0.000000,0.000000,0.000000,75.436777,0.000000,0.000000,0.000000,315,0.000000,75.436777,-0.0,75.436777,2.333333
315_STEAM_3-2,8,100.399529,0.000000,0.000000,1.000000,0.000000,0.000000,0.000000,24.962753,0.000000,75.436777,0.000000,0.000000,0.000000,315,0.000000,100.399529,-0.0,100.399529,2.333333
315_STEAM_3-3,8,124.099655,0.000000,0.000000,1.000000,0.000000,0.000000,0.000000,48.662879,0.000000,75.436777,0.000000,0.000000,0.000000,315,0.000000,124.099655,-0.0,124.099655,2.333333
302_CT_1-0,8,87.255791,0.000000,0.000000,1.000000,0.000000,0.000000,0.000000,0.000000,0.000000,87.255791,0.000000,0.000000,0.000000,302,0.000000,87.255791,-0.0,87.255791,8.000000
302_CT_1-1,8,87.255791,0.000000,0.000000,1.000000,0.000000,0.000000,0.000000,0.000000,0.000000,87.255791,0.000000,0.000000,0.000000,302,0.000000,87.255791,-0.0,87.255791,4.000000
302_CT_1-2,8,99.695770,0.000000,0.000000,1.000000,0.000000,0.000000,0.000000,12.439979,0.000000,87.255791,0.000000,0.000000,0.000000,302,0.000000,99.695770,-0.0,99.695770,4.000000
302_CT_1-3,8,105.367241,0.000000,0.000000,1.000000,0.000000,0.000000,0.000000,18.111450,0.000000,87.255791,0.000000,0.000000,0.000000,302,0.000000,105.367241,-0.0,105.367241,4.000000
322_CT_5-0,8,23.334982,0.000000,0.000000,1.000000,0.000000,0.000000,0.000000,0.000000,0.000000,23.334982,0.000000,0.000000,0.000000,322,0.000000,23.334982,-0.0,23.334982,22.000000
322_CT_5-1,8,23.334982,0.000000,0.000000,1.000000,0.000000,0.000000,0.000000,0.000000,0.000000,23.334982,0.000000,0.000000,0.000000,322,0.000000,23.334982,-0.0,23.334982,11.000000
322_CT_5-2,8,26.499179,0.000000,0.000000,1.000000,0.000000,0.000000,0.000000,3.164197,0.000000,23.334982,0.000000,0.000000,0.000000,322,0.000000,26.499179,-0.0,26.499179,11.000000
322_CT_5-3,8,27.894691,0.000000,0.000000,1.000000,0.000000,0.000000,0.000000,4.559709,0.000000,23.334982,0.000000,0.000000,0.000000,322,0.000000,27.894691,-0.0,27.894691,11.000000
307_CT_2-0,8,27.894691,0.000000,0.000000,1.000000,0.000000,0.000000,0.000000,0.000000,0.000000,27.894691,0.000000,0.000000,0.000000,307,0.000000,27.894691,-0.0,27.894691,22.000000
307_CT_2-1,8,27.894691,0.000000,0.000000,1.000000,0.000000,0.000000,0.000000,0.000000,0.000000,27.894691,0.000000,0.000000,0.000000,307,0.000000,27.894691,-0.0,27.894691,11.000000
307_CT_2-2,8,29.220233,0.000000,0.000000,1.000000,0.000000,0.000000,0.000000,1.325542,0.000000,27.894691,0.000000,0.000000,0.000000,307,0.000000,29.220233,-0.0,29.220233,11.000000
307_CT_2-3,8,35.474770,0.000000,0.000000,1.000000,0.000000,0.000000,0.000000,7.580079,0.000000,27.894691,0.000000,0.000000,0.000000,307,0.000000,35.474770,-0.0,35.474770,11.000000
322_HYDRO_1-0,9,0.000000,0.000000,0.000000,1.000000,0.000000,0.000000,0.000000,0.000000,0.000000,0.000000,0.000000,0.000000,0.000000,322,0.000000,0.000000,0.0,0.000000,15.804167
322_HYDRO_1-1,9,0.000000,0.000000,0.000000,1.000000,0.000000,0.000000,0.000000,0.000000,0.000000,0.000000,0.000000,0.000000,0.000000,322,0.000000,0.000000,0.0,0.000000,0.000000
322_HYDRO_1-2,9,0.000000,0.000000,0.000000,1.000000,0.000000,0.000000,0.000000,0.000000,0.000000,0.000000,0.000000,0.000000,0.000000,322,0.000000,0.000000,0.0,0.000000,0.000000
322_HYDRO_1-3,9,0.000000,0.000000,0.000000,1.000000,0.000000,0.000000,0.000000,0.000000,0.000000,0.000000,0.000000,0.000000,0.000000,322,0.000000,0.000000,0.0,0.000000,0.000000
322_HYDRO_4-0,9,0.000000,0.000000,0.000000,1.000000,0.000000,0.000000,0.000000,0.000000,0.000000,0.000000,0.000000,0.000000,0.000000,322,0.000000,0.000000,0.0,0.000000,15.804167
322_HYDRO_4-1,9,0.000000,0.000000,0.000000,1.000000,0.000000,0.000000,0.000000,0.000000,0.000000,0.000000,0.000000,0.000000,0.000000,322,0.000000,0.000000,0.0,0.000000,0.000000
322_HYDRO_4-2,9,0.000000,0.000000,0.000000,1.000000,0.000000,0.000000,0.000000,0.000000,0.000000,0.000000,0.000000,0.000000,0.000000,322,0.000000,0.000000,0.0,0.000000,0.000000
322_HYDRO_4-3,9,0.000000,0.000000,0.000000,1.000000,0.000000,0.000000,0.000000,0.000000,0.000000,0.000000,0.000000,0.000000,0.000000,322,0.000000,0.000000,0.0,0.000000,0.000000
315_CT_6-0,9,26.401998,0.000000,0.000000,1.000000,0.000000,0.000000,0.000000,0.000000,0.000000,26.401998,0.000000,0.000000,0.000000,315,0.000000,26.401998,-0.0,26.401998,22.000000
315_CT_6-1,9,26.401998,0.000000,0.000000,1.000000,0.000000,0.000000,0.000000,0.000000,0.000000,26.401998,0.000000,0.000000,0.000000,315,0.000000,26.401998,-0.0,26.401998,11.000000
315_CT_6-2,9,26.895675,0.000000,0.000000,1.000000,0.000000,0.000000,0.000000,0.493677,0.000000,26.401998,0.000000,0.000000,0.000000,315,0.000000,26.895675,-0.0,26.895675,11.000000
315_CT_6-3,9,31.855768,0.000000,0.000000,1.000000,0.000000,0.000000,0.000000,5.453770,0.000000,26.401998,0.000000,0.000000,0.000000,315,0.000000,31.855768,-0.0,31.855768,11.000000
322_HYDRO_3-0,9,0.000000,0.000000,0.000000,1.000000,0.000000,0.000000,0.000000,0.000000,0.000000,0.000000,0.000000,0.000000,0.000000,322,0.000000,0.000000,0.0,0.000000,15.804167
322_HYDRO_3-1,9,0.000000,0.000000,0.000000,1.000000,0.000000,0.000000,0.000000,0.000000,0.000000,0.000000,0.000000,0.000000,0.000000,322,0.000000,0.000000,0.0,0.000000,0.000000
322_HYDRO_3-2,9,0.000000,0.000000,0.000000,1.000000,0.000000,0.000000,0.000000,0.000000,0.000000,0.000000,0.000000,0.000000,0.000000,322,0.000000,0.000000,0.0,0.000000,0.000000
322_HYDRO_3-3,9,0.000000,0.000000,0.000000,1.000000,0.000000,0.000000,0.000000,0.000000,0.000000,0.000000,0.000000,0.000000,0.000000,322,0.000000,0.000000,0.0,0.000000,0.000000
301_CT_4-0,9,28.469999,0.000000,0.000000,1.000000,0.000000,0.000000,0.000000,0.000000,0.000000,28.469999,0.000000,0.000000,0.000000,301,0.000000,28.469999,-0.0,28.469999,22.000000
301_CT_4-1,9,28.469999,0.000000,0.000000,1.000000,0.000000,0.000000,0.000000,0.000000,0.000000,28.469999,0.000000,0.000000,0.000000,301,0.000000,28.469999,-0.0,28.469999,11.000000
301_CT_4-2,9,29.286315,0.000000,0.000000,1.000000,0.000000,0.000000,0.000000,0.816316,0.000000,28.469999,0.000000,0.000000,0.000000,301,0.000000,29.286315,-0.0,29.286315,11.000000
301_CT_4-3,9,43.742887,0.000000,0.000000,1.000000,0.000000,0.000000,0.000000,15.272887,0.000000,28.469999,0.000000,0.000000,0.000000,301,0.000000,43.742887,-0.0,43.742887,11.000000
316_STEAM_1-0,9,21.116646,0.000000,0.000000,1.000000,0.000000,0.000000,0.000000,0.000000,0.000000,21.116646,0.000000,0.000000,0.000000,316,0.000000,21.116646,-0.0,21.116646,62.000000
316_STEAM_1-1,9,21.116646,0.000000,0.000000,1.000000,0.000000,0.000000,0.000000,0.000000,0.000000,21.116646,0.000000,0.000000,0.000000,316,0.000000,21.116646,-0.0,21.116646,31.000000
316_STEAM_1-2,9,21.287879,0.000000,0.000000,1.000000,0.000000,0.000000,0.000000,0.171233,0.000000,21.116646,0.000000,0.000000,0.000000,316,0.000000,21.287879,-0.0,21.287879,31.000000
316_STEAM_1-3,9,27.274699,0.000000,0.000000,1.000000,0.000000,0.000000,0.000000,6.158053,0.000000,21.116646,0.000000,0.000000,0.000000,316,0.000000,27.274699,-0.0,27.274699,31.000000
302_CT_2-0,9,87.255791,0.000000,0.000000,1.000000,0.000000,0.000000,0.000000,0.000000,0.000000,87.255791,0.000000,0.000000,0.000000,302,0.000000,87.255791,-0.0,87.255791,8.000000
302_CT_2-1,9,87.255791,0.000000,0.000000,1.000000,0.000000,0.000000,0.000000,0.000000,0.000000,87.255791,0.000000,0.000000,0.000000,302,0.000000,87.255791,-0.0,87.255791,4.000000
302_CT_2-2,9,99.695770,0.000000,0.000000,1.000000,0.000000,0.000000,0.000000,12.439979,0.000000,87.255791,0.000000,0.000000,0.000000,302,0.000000,99.695770,-0.0,99.695770,4.000000
302_CT_2-3,9,105.367241,0.000000,0.000000,1.000000,0.000000,0.000000,0.000000,18.111450,0.000000,87.255791,0.000000,0.000000,0.000000,302,0.000000,105.367241,-0.0,105.367241,4.000000
323_CC_2-0,9,26.429209,0.000000,0.000000,1.000000,0.000000,0.000000,0.000000,0.000000,0.000000,26.429209,0.000000,0.000000,0.000000,323,0.000000,26.429209,-0.0,26.429209,170.000000
323_CC_2-1,9,26.429209,0.000000,0.000000,1.000000,0.000000,0.000000,0.000000,0.000000,0.000000,26.429209,0.000000,0.000000,0.000000,323,0.000000,26.429209,-0.0,26.429209,61.666667
323_CC_2-2,9,30.277557,0.000000,0.000000,1.000000,0.000000,0.000000,0.000000,3.848348,0.000000,26.429209,0.000000,0.000000,0.000000,323,0.000000,30.277557,-0.0,30.277557,61.666667
323_CC_2-3,9,31.727490,0.000000,0.000000,1.000000,0.000000,0.000000,0.000000,5.298281,0.000000,26.429209,0.000000,0.000000,0.000000,323,0.000000,31.727490,-0.0,31.727490,61.666667
315_STEAM_1-0,9,75.436777,0.000000,0.000000,1.000000,0.000000,0.000000,0.000000,0.000000,0.000000,75.436777,0.000000,0.000000,0.000000,315,0.000000,75.436777,-0.0,75.436777,5.000000
315_STEAM_1-1,9,75.436777,0.000000,0.000000,1.000000,0.000000,0.000000,0.000000,0.000000,0.000000,75.436777,0.000000,0.000000,0.000000,315,0.000000,75.436777,-0.0,75.436777,2.333333
315_STEAM_1-2,9,100.399529,0.000000,0.000000,1.000000,0.000000,0.000000,0.000000,24.962753,0.000000,75.436777,0.000000,0.000000,0.000000,315,0.000000,100.399529,-0.0,100.399529,2.333333
315_STEAM_1-3,9,124.099655,0.000000,0.000000,1.000000,0.000000,0.000000,0.000000,48.662879,0.000000,75.436777,0.000000,0.000000,0.000000,315,0.000000,124.099655,-0.0,124.099655,2.333333
313_CC_1-0,9,15.731579,0.000000,0.000000,1.000000,0.000000,0.000000,0.000000,0.000000,0.000000,15.731579,0.000000,0.000000,0.000000,313,0.000000,15.731579,-0.0,15.731579,170.000000
313_CC_1-1,9,15.731579,0.000000,0.000000,1.000000,0.000000,0.000000,0.000000,0.000000,0.000000,15.731579,0.000000,0.000000,0.000000,313,0.000000,15.731579,-0.0,15.731579,61.666667
313_CC_1-2,9,26.755735,0.000000,0.000000,1.000000,0.000000,0.000000,0.000000,11.024156,0.000000,15.731579,0.000000,0.000000,0.000000,313,0.000000,26.755735,-0.0,26.755735,61.666667
313_CC_1-3,9,33.752731,0.000000,0.000000,1.000000,0.000000,0.000000,0.000000,18.021152,0.000000,15.731579,0.000000,0.000000,0.000000,313,0.000000,33.752731,-0.0,33.752731,61.666667
323_CC_1-0,9,26.429209,0.000000,0.000000,1.000000,0.000000,0.000000,0.000000,0.000000,0.000000,26.429209,0.000000,0.000000,0.000000,323,0.000000,26.429209,-0.0,26.429209,170.000000
323_CC_1-1,9,26.429209,0.000000,0.000000,1.000000,0.000000,0.000000,0.000000,0.000000,0.000000,26.429209,0.000000,0.000000,0.000000,323,0.000000,26.429209,-0.0,26.429209,61.666667
323_CC_1-2,9,30.277557,0.000000,0.000000,1.000000,0.000000,0.000000,0.000000,3.848348,0.000000,26.429209,0.000000,0.000000,0.000000,323,0.000000,30.277557,-0.0,30.277557,61.666667
323_CC_1-3,9,31.727490,0.000000,0.000000,1.000000,0.000000,0.000000,0.000000,5.298281,0.000000,26.429209,0.000000,0.000000,0.000000,323,0.000000,31.727490,-0.0,31.727490,61.666667
301_CT_1-0,9,87.255791,0.000000,0.000000,1.000000,0.000000,0.000000,0.000000,0.000000,0.000000,87.255791,0.000000,0.000000,0.000000,301,0.000000,87.255791,-0.0,87.255791,8.000000
301_CT_1-1,9,87.255791,0.000000,0.000000,1.000000,0.000000,0.000000,0.000000,0.000000,0.000000,87.255791,0.000000,0.000000,0.000000,301,0.000000,87.255791,-0.0,87.255791,4.000000
301_CT_1-2,9,99.695770,0.000000,0.000000,1.000000,0.000000,0.000000,0.000000,12.439979,0.000000,87.255791,0.000000,0.000000,0.000000,301,0.000000,99.695770,-0.0,99.695770,4.000000
301_CT_1-3,9,105.367241,0.000000,0.000000,1.000000,0.000000,0.000000,0.000000,18.111450,0.000000,87.255791,0.000000,0.000000,0.000000,301,0.000000,105.367241,-0.0,105.367241,4.000000
307_CT_1-0,9,27.894691,0.000000,0.000000,1.000000,0.000000,0.000000,0.000000,0.000000,0.000000,27.894691,0.000000,0.000000,0.000000,307,0.000000,27.894691,-0.0,27.894691,22.000000
307_CT_1-1,9,27.894691,0.000000,0.000000,1.000000,0.000000,0.000000,0.000000,0.000000,0.000000,27.894691,0.000000,0.000000,0.000000,307,0.000000,27.894691,-0.0,27.894691,11.000000
307_CT_1-2,9,29.220233,0.000000,0.000000,1.000000,0.000000,0.000000,0.000000,1.325542,0.000000,27.894691,0.000000,0.000000,0.000000,307,0.000000,29.220233,-0.0,29.220233,11.000000
307_CT_1-3,9,35.474770,0.000000,0.000000,1.000000,0.000000,0.000000,0.000000,7.580079,0.000000,27.894691,0.000000,0.000000,0.000000,307,0.000000,35.474770,-0.0,35.474770,11.000000
315_STEAM_4-0,9,75.436777,0.000000,0.000000,1.000000,0.000000,0.000000,0.000000,0.000000,0.000000,75.436777,0.000000,0.000000,0.000000,315,0.000000,75.436777,-0.0,75.436777,5.000000
315_STEAM_4-1,9,75.436777,0.000000,0.000000,1.000000,0.000000,0.000000,0.000000,0.000000,0.000000,75.436777,0.000000,0.000000,0.000000,315,0.000000,75.436777,-0.0,75.436777,2.333333
315_STEAM_4-2,9,100.399529,0.000000,0.000000,1.000000,0.000000,0.000000,0.000000,24.962753,0.000000,75.436777,0.000000,0.000000,0.000000,315,0.000000,100.399529,-0.0,100.399529,2.333333
315_STEAM_4-3,9,124.099655,0.000000,0.000000,1.000000,0.000000,0.000000,0.000000,48.662879,0.000000,75.436777,0.000000,0.000000,0.000000,315,0.000000,124.099655,-0.0,124.099655,2.333333
315_CT_8-0,9,26.401998,0.000000,0.000000,1.000000,0.000000,0.000000,0.000000,0.000000,0.000000,26.401998,0.000000,0.000000,0.000000,315,0.000000,26.401998,-0.0,26.401998,22.000000
315_CT_8-1,9,26.401998,0.000000,0.000000,1.000000,0.000000,0.000000,0.000000,0.000000,0.000000,26.401998,0.000000,0.000000,0.000000,315,0.000000,26.401998,-0.0,26.401998,11.000000
315_CT_8-2,9,26.895675,0.000000,0.000000,1.000000,0.000000,0.000000,0.000000,0.493677,0.000000,26.401998,0.000000,0.000000,0.000000,315,0.000000,26.895675,-0.0,26.895675,11.000000
315_CT_8-3,9,31.855768,0.000000,0.000000,1.000000,0.000000,0.000000,0.000000,5.453770,0.000000,26.401998,0.000000,0.000000,0.000000,315,0.000000,31.855768,-0.0,31.855768,11.000000
322_CT_6-0,9,23.334982,0.000000,0.000000,1.000000,0.000000,0.000000,0.000000,0.000000,0.000000,23.334982,0.000000,0.000000,0.000000,322,0.000000,23.334982,-0.0,23.334982,22.000000
322_CT_6-1,9,23.334982,0.000000,0.000000,1.000000,0.000000,0.000000,0.000000,0.000000,0.000000,23.334982,0.000000,0.000000,0.000000,322,0.000000,23.334982,-0.0,23.334982,11.000000
322_CT_6-2,9,26.499179,0.000000,0.000000,1.000000,0.000000,0.000000,0.000000,3.164197,0.000000,23.334982,0.000000,0.000000,0.000000,322,0.000000,26.499179,-0.0,26.499179,11.000000
322_CT_6-3,9,27.894691,0.000000,0.000000,1.000000,0.000000,0.000000,0.000000,4.559709,0.000000,23.334982,0.000000,0.000000,0.000000,322,0.000000,27.894691,-0.0,27.894691,11.000000
321_CC_1-0,9,22.732463,0.000000,0.000000,1.000000,0.000000,0.000000,0.000000,0.000000,0.000000,22.732463,0.000000,0.000000,0.000000,321,0.000000,22.732463,-0.0,22.732463,170.000000
321_CC_1-1,9,22.732463,0.000000,0.000000,1.000000,0.000000,0.000000,0.000000,0.000000,0.000000,22.732463,0.000000,0.000000,0.000000,321,0.000000,22.732463,-0.0,22.732463,61.666667
321_CC_1-2,9,25.908321,0.000000,0.000000,1.000000,0.000000,0.000000,0.000000,3.175859,0.000000,22.732463,0.000000,0.000000,0.000000,321,0.000000,25.908321,-0.0,25.908321,61.666667
321_CC_1-3,9,33.947092,0.000000,0.000000,1.000000,0.000000,0.000000,0.000000,11.214630,0.000000,22.732463,0.000000,0.000000,0.000000,321,0.000000,33.947092,-0.0,33.947092,61.666667
318_CC_1-0,9,26.845141,0.000000,0.000000,1.000000,0.000000,0.000000,0.000000,0.000000,0.000000,26.845141,0.000000,0.000000,0.000000,318,0.000000,26.845141,-0.0,26.845141,170.000000
318_CC_1-1,9,26.845141,0.000000,0.000000,1.000000,0.000000,0.000000,0.000000,0.000000,0.000000,26.845141,0.000000,0.000000,0.000000,318,0.000000,26.845141,-0.0,26.845141,61.666667
318_CC_1-2,9,27.276623,0.000000,0.000000,1.000000,0.000000,0.000000,0.000000,0.431481,0.000000,26.845141,0.000000,0.000000,0.000000,318,0.000000,27.276623,-0.0,27.276623,61.666667
318_CC_1-3,9,31.529241,0.000000,0.000000,1.000000,0.000000,0.000000,0.000000,4.684100,0.000000,26.845141,0.000000,0.000000,0.000000,318,0.000000,31.529241,-0.0,31.529241,61.666667
301_CT_2-0,9,87.255791,0.000000,0.000000,1.000000,0.000000,0.000000,0.000000,0.000000,0.000000,87.255791,0.000000,0.000000,0.000000,301,0.000000,87.255791,-0.0,87.255791,8.000000
301_CT_2-1,9,87.255791,0.000000,0.000000,1.000000,0.000000,0.000000,0.000000,0.000000,0.000000,87.255791,0.000000,0.000000,0.000000,301,0.000000,87.255791,-0.0,87.255791,4.000000
301_CT_2-2,9,99.695770,0.000000,0.000000,1.000000,0.000000,0.000000,0.000000,12.439979,0.000000,87.255791,0.000000,0.000000,0.000000,301,0.000000,99.695770,-0.0,99.695770,4.000000
301_CT_2-3,9,105.367241,0.000000,0.000000,1.000000,0.000000,0.000000,0.000000,18.111450,0.000000,87.255791,0.000000,0.000000,0.000000,301,0.000000,105.367241,-0.0,105.367241,4.000000
315_CT_7-0,9,26.401998,0.000000,0.000000,1.000000,0.000000,0.000000,0.000000,0.000000,0.000000,26.401998,0.000000,0.000000,0.000000,315,0.000000,26.401998,-0.0,26.401998,22.000000
315_CT_7-1,9,26.401998,0.000000,0.000000,1.000000,0.000000,0.000000,0.000000,0.000000,0.000000,26.401998,0.000000,0.000000,0.000000,315,0.000000,26.401998,-0.0,26.401998,11.000000
315_CT_7-2,9,26.895675,0.000000,0.000000,1.000000,0.000000,0.000000,0.000000,0.493677,0.000000,26.401998,0.000000,0.000000,0.000000,315,0.000000,26.895675,-0.0,26.895675,11.000000
315_CT_7-3,9,31.855768,0.000000,0.000000,1.000000,0.000000,0.000000,0.000000,5.453770,0.000000,26.401998,0.000000,0.000000,0.000000,315,0.000000,31.855768,-0.0,31.855768,11.000000
322_HYDRO_2-0,9,0.000000,0.000000,0.000000,1.000000,0.000000,0.000000,0.000000,0.000000,0.000000,0.000000,0.000000,0.000000,0.000000,322,0.000000,0.000000,0.0,0.000000,15.804167
322_HYDRO_2-1,9,0.000000,0.000000,0.000000,1.000000,0.000000,0.000000,0.000000,0.000000,0.000000,0.000000,0.000000,0.000000,0.000000,322,0.000000,0.000000,0.0,0.000000,0.000000
322_HYDRO_2-2,9,0.000000,0.000000,0.000000,1.000000,0.000000,0.000000,0.000000,0.000000,0.000000,0.000000,0.000000,0.000000,0.000000,322,0.000000,0.000000,0.0,0.000000,0.000000
322_HYDRO_2-3,9,0.000000,0.000000,0.000000,1.000000,0.000000,0.000000,0.000000,0.000000,0.000000,0.000000,0.000000,0.000000,0.000000,322,0.000000,0.000000,0.0,0.000000,0.000000
301_CT_3-0,9,28.469999,0.000000,0.000000,1.000000,0.000000,0.000000,0.000000,0.000000,0.000000,28.469999,0.000000,0.000000,0.000000,301,0.000000,28.469999,-0.0,28.469999,22.000000
301_CT_3-1,9,28.469999,0.000000,0.000000,1.000000,0.000000,0.000000,0.000000,0.000000,0.000000,28.469999,0.000000,0.000000,0.000000,301,0.000000,28.469999,-0.0,28.469999,11.000000
301_CT_3-2,9,29.286315,0.000000,0.000000,1.000000,0.000000,0.000000,0.000000,0.816316,0.000000,28.469999,0.000000,0.000000,0.000000,301,0.000000,29.286315,-0.0,29.286315,11.000000
301_CT_3-3,9,43.742887,0.000000,0.000000,1.000000,0.000000,0.000000,0.000000,15.272887,0.000000,28.469999,0.000000,0.000000,0.000000,301,0.000000,43.742887,-0.0,43.742887,11.000000
302_CT_3-0,9,33.791603,0.000000,0.000000,1.000000,0.000000,0.000000,0.000000,0.000000,0.000000,33.791603,0.000000,0.000000,0.000000,302,0.000000,33.791603,-0.0,33.791603,22.000000
302_CT_3-1,9,33.791603,0.000000,0.000000,1.000000,0.000000,0.000000,0.000000,0.000000,0.000000,33.791603,0.000000,0.000000,0.000000,302,0.000000,33.791603,-0.0,33.791603,11.000000
302_CT_3-2,9,38.382410,0.000000,0.000000,1.000000,0.000000,0.000000,0.000000,4.590807,0.000000,33.791603,0.000000,0.000000,0.000000,302,0.000000,38.382410,-0.0,38.382410,11.000000
302_CT_3-3,9,38.635080,0.000000,0.000000,1.000000,0.000000,0.000000,0.000000,4.843476,0.000000,33.791603,0.000000,0.000000,0.000000,302,0.000000,38.635080,-0.0,38.635080,11.000000
315_STEAM_2-0,9,75.436777,0.000000,0.000000,1.000000,0.000000,0.000000,0.000000,0.000000,0.000000,75.436777,0.000000,0.000000,0.000000,315,0.000000,75.436777,-0.0,75.436777,5.000000
315_STEAM_2-1,9,75.436777,0.000000,0.000000,1.000000,0.000000,0.000000,0.000000,0.000000,0.000000,75.436777,0.000000,0.000000,0.000000,315,0.000000,75.436777,-0.0,75.436777,2.333333
315_STEAM_2-2,9,100.399529,0.000000,0.000000,1.000000,0.000000,0.000000,0.000000,24.962753,0.000000,75.436777,0.000000,0.000000,0.000000,315,0.000000,100.399529,-0.0,100.399529,2.333333
315_STEAM_2-3,9,124.099655,0.000000,0.000000,1.000000,0.000000,0.000000,0.000000,48.662879,0.000000,75.436777,0.000000,0.000000,0.000000,315,0.000000,124.099655,-0.0,124.099655,2.333333
302_CT_4-0,9,33.791603,0.000000,0.000000,1.000000,0.000000,0.000000,0.000000,0.000000,0.000000,33.791603,0.000000,0.000000,0.000000,302,0.000000,33.791603,-0.0,33.791603,22.000000
302_CT_4-1,9,33.791603,0.000000,0.000000,1.000000,0.000000,0.000000,0.000000,0.000000,0.000000,33.791603,0.000000,0.000000,0.000000,302,0.000000,33.791603,-0.0,33.791603,11.000000
302_CT_4-2,9,38.382410,0.000000,0.000000,1.000000,0.000000,0.000000,0.000000,4.590807,0.000000,33.791603,0.000000,0.000000,0.000000,302,0.000000,38.382410,-0.0,38.382410,11.000000
302_CT_4-3,9,38.635080,0.000000,0.000000,1.000000,0.000000,0.000000,0.000000,4.843476,0.000000,33.791603,0.000000,0.000000,0.000000,302,0.000000,38.635080,-0.0,38.635080,11.000000
315_STEAM_5-0,9,75.436777,0.000000,0.000000,1.000000,0.000000,0.000000,0.000000,0.000000,0.000000,75.436777,0.000000,0.000000,0.000000,315,0.000000,75.436777,-0.0,75.436777,5.000000
315_STEAM_5-1,9,75.436777,0.000000,0.000000,1.000000,0.000000,0.000000,0.000000,0.000000,0.000000,75.436777,0.000000,0.000000,0.000000,315,0.000000,75.436777,-0.0,75.436777,2.333333
315_STEAM_5-2,9,100.399529,0.000000,0.000000,1.000000,0.000000,0.000000,0.000000,24.962753,0.000000,75.436777,0.000000,0.000000,0.000000,315,0.000000,100.399529,-0.0,100.399529,2.333333
315_STEAM_5-3,9,124.099655,0.000000,0.000000,1.000000,0.000000,0.000000,0.000000,48.662879,0.000000,75.436777,0.000000,0.000000,0.000000,315,0.000000,124.099655,-0.0,124.099655,2.333333
315_STEAM_3-0,9,75.436777,0.000000,0.000000,1.000000,0.000000,0.000000,0.000000,0.000000,0.000000,75.436777,0.000000,0.000000,0.000000,315,0.000000,75.436777,-0.0,75.436777,5.000000
315_STEAM_3-1,9,75.436777,0.000000,0.000000,1.000000,0.000000,0.000000,0.000000,0.000000,0.000000,75.436777,0.000000,0.000000,0.000000,315,0.000000,75.436777,-0.0,75.436777,2.333333
315_STEAM_3-2,9,100.399529,0.000000,0.000000,1.000000,0.000000,0.000000,0.000000,24.962753,0.000000,75.436777,0.000000,0.000000,0.000000,315,0.000000,100.399529,-0.0,100.399529,2.333333
315_STEAM_3-3,9,124.099655,0.000000,0.000000,1.000000,0.000000,0.000000,0.000000,48.662879,0.000000,75.436777,0.000000,0.000000,0.000000,315,0.000000,124.099655,-0.0,124.099655,2.333333
302_CT_1-0,9,87.255791,0.000000,0.000000,1.000000,0.000000,0.000000,0.000000,0.000000,0.000000,87.255791,0.000000,0.000000,0.000000,302,0.000000,87.255791,-0.0,87.255791,8.000000
302_CT_1-1,9,87.255791,0.000000,0.000000,1.000000,0.000000,0.000000,0.000000,0.000000,0.000000,87.255791,0.000000,0.000000,0.000000,302,0.000000,87.255791,-0.0,87.255791,4.000000
302_CT_1-2,9,99.695770,0.000000,0.000000,1.000000,0.000000,0.000000,0.000000,12.439979,0.000000,87.255791,0.000000,0.000000,0.000000,302,0.000000,99.695770,-0.0,99.695770,4.000000
302_CT_1-3,9,105.367241,0.000000,0.000000,1.000000,0.000000,0.000000,0.000000,18.111450,0.000000,87.255791,0.000000,0.000000,0.000000,302,0.000000,105.367241,-0.0,105.367241,4.000000
322_CT_5-0,9,23.334982,0.000000,0.000000,1.000000,0.000000,0.000000,0.000000,0.000000,0.000000,23.334982,0.000000,0.000000,0.000000,322,0.000000,23.334982,-0.0,23.334982,22.000000
322_CT_5-1,9,23.334982,0.000000,0.000000,1.000000,0.000000,0.000000,0.000000,0.000000,0.000000,23.334982,0.000000,0.000000,0.000000,322,0.000000,23.334982,-0.0,23.334982,11.000000
322_CT_5-2,9,26.499179,0.000000,0.000000,1.000000,0.000000,0.000000,0.000000,3.164197,0.000000,23.334982,0.000000,0.000000,0.000000,322,0.000000,26.499179,-0.0,26.499179,11.000000
322_CT_5-3,9,27.894691,0.000000,0.000000,1.000000,0.000000,0.000000,0.000000,4.559709,0.000000,23.334982,0.000000,0.000000,0.000000,322,0.000000,27.894691,-0.0,27.894691,11.000000
307_CT_2-0,9,27.894691,0.000000,0.000000,1.000000,0.000000,0.000000,0.000000,0.000000,0.000000,27.894691,0.000000,0.000000,0.000000,307,0.000000,27.894691,-0.0,27.894691,22.000000
307_CT_2-1,9,27.894691,0.000000,0.000000,1.000000,0.000000,0.000000,0.000000,0.000000,0.000000,27.894691,0.000000,0.000000,0.000000,307,0.000000,27.894691,-0.0,27.894691,11.000000
307_CT_2-2,9,29.220233,0.000000,0.000000,1.000000,0.000000,0.000000,0.000000,1.325542,0.000000,27.894691,0.000000,0.000000,0.000000,307,0.000000,29.220233,-0.0,29.220233,11.000000
307_CT_2-3,9,35.474770,0.000000,0.000000,1.000000,0.000000,0.000000,0.000000,7.580079,0.000000,27.894691,0.000000,0.000000,0.000000,307,0.000000,35.474770,-0.0,35.474770,11.000000
322_HYDRO_1-0,10,0.000000,11.945833,0.000000,1.000000,0.000000,0.000000,0.000000,0.000000,0.000000,0.000000,0.000000,0.000000,0.000000,322,0.000000,0.000000,0.0,0.000000,11.945833
322_HYDRO_1-1,10,0.000000,0.000000,0.000000,1.000000,0.000000,0.000000,0.000000,0.000000,0.000000,0.000000,0.000000,0.000000,0.000000,322,0.000000,0.000000,0.0,0.000000,0.000000
322_HYDRO_1-2,10,0.000000,0.000000,0.000000,1.000000,0.000000,0.000000,0.000000,0.000000,0.000000,0.000000,0.000000,0.000000,0.000000,322,0.000000,0.000000,0.0,0.000000,0.000000
322_HYDRO_1-3,10,0.000000,0.000000,0.000000,1.000000,0.000000,0.000000,0.000000,0.000000,0.000000,0.000000,0.000000,0.000000,0.000000,322,0.000000,0.000000,0.0,0.000000,0.000000
322_HYDRO_4-0,10,0.000000,11.945833,0.000000,1.000000,0.000000,0.000000,0.000000,0.000000,0.000000,0.000000,0.000000,0.000000,0.000000,322,0.000000,0.000000,0.0,0.000000,11.945833
322_HYDRO_4-1,10,0.000000,0.000000,0.000000,1.000000,0.000000,0.000000,0.000000,0.000000,0.000000,0.000000,0.000000,0.000000,0.000000,322,0.000000,0.000000,0.0,0.000000,0.000000
322_HYDRO_4-2,10,0.000000,0.000000,0.000000,1.000000,0.000000,0.000000,0.000000,0.000000,0.000000,0.000000,0.000000,0.000000,0.000000,322,0.000000,0.000000,0.0,0.000000,0.000000
322_HYDRO_4-3,10,0.000000,0.000000,0.000000,1.000000,0.000000,0.000000,0.000000,0.000000,0.000000,0.000000,0.000000,0.000000,0.000000,322,0.000000,0.000000,0.0,0.000000,0.000000
315_CT_6-0,10,26.401998,0.000000,0.000000,1.000000,0.000000,0.000000,0.000000,0.000000,0.000000,26.401998,0.000000,0.000000,0.000000,315,0.000000,26.401998,-0.0,26.401998,22.000000
315_CT_6-1,10,26.401998,0.000000,0.000000,1.000000,0.000000,0.000000,0.000000,0.000000,0.000000,26.401998,0.000000,0.000000,0.000000,315,0.000000,26.401998,-0.0,26.401998,11.000000
315_CT_6-2,10,26.895675,0.000000,0.000000,1.000000,0.000000,0.000000,0.000000,0.493677,0.000000,26.401998,0.000000,0.000000,0.000000,315,0.000000,26.895675,-0.0,26.895675,11.000000
315_CT_6-3,10,31.855768,0.000000,0.000000,1.000000,0.000000,0.000000,0.000000,5.453770,0.000000,26.401998,0.000000,0.000000,0.000000,315,0.000000,31.855768,-0.0,31.855768,11.000000
322_HYDRO_3-0,10,0.000000,0.000000,0.000000,1.000000,0.000000,0.000000,0.000000,0.000000,0.000000,0.000000,0.000000,0.000000,0.000000,322,0.000000,0.000000,0.0,0.000000,11.945833
322_HYDRO_3-1,10,0.000000,0.000000,0.000000,1.000000,0.000000,0.000000,0.000000,0.000000,0.000000,0.000000,0.000000,0.000000,0.000000,322,0.000000,0.000000,0.0,0.000000,0.000000
322_HYDRO_3-2,10,0.000000,0.000000,0.000000,1.000000,0.000000,0.000000,0.000000,0.000000,0.000000,0.000000,0.000000,0.000000,0.000000,322,0.000000,0.000000,0.0,0.000000,0.000000
322_HYDRO_3-3,10,0.000000,0.000000,0.000000,1.000000,0.000000,0.000000,0.000000,0.000000,0.000000,0.000000,0.000000,0.000000,0.000000,322,0.000000,0.000000,0.0,0.000000,0.000000
301_CT_4-0,10,28.469999,0.000000,0.000000,1.000000,0.000000,0.000000,0.000000,0.000000,0.000000,28.469999,0.000000,0.000000,0.000000,301,0.000000,28.469999,-0.0,28.469999,22.000000
301_CT_4-1,10,28.469999,0.000000,0.000000,1.000000,0.000000,0.000000,0.000000,0.000000,0.000000,28.469999,0.000000,0.000000,0.000000,301,0.000000,28.469999,-0.0,28.469999,11.000000
301_CT_4-2,10,29.286315,0.000000,0.000000,1.000000,0.000000,0.000000,0.000000,0.816316,0.000000,28.469999,0.000000,0.000000,0.000000,301,0.000000,29.286315,-0.0,29.286315,11.000000
301_CT_4-3,10,43.742887,0.000000,0.000000,1.000000,0.000000,0.000000,0.000000,15.272887,0.000000,28.469999,0.000000,0.000000,0.000000,301,0.000000,43.742887,-0.0,43.742887,11.000000
316_STEAM_1-0,10,21.116646,0.000000,0.000000,1.000000,0.000000,0.000000,0.000000,0.000000,0.000000,21.116646,0.000000,0.000000,0.000000,316,0.000000,21.116646,-0.0,21.116646,62.000000
316_STEAM_1-1,10,21.116646,0.000000,0.000000,1.000000,0.000000,0.000000,0.000000,0.000000,0.000000,21.116646,0.000000,0.000000,0.000000,316,0.000000,21.116646,-0.0,21.116646,31.000000
316_STEAM_1-2,10,21.287879,0.000000,0.000000,1.000000,0.000000,0.000000,0.000000,0.171233,0.000000,21.116646,0.000000,0.000000,0.000000,316,0.000000,21.287879,-0.0,21.287879,31.000000
316_STEAM_1-3,10,27.274699,0.000000,0.000000,1.000000,0.000000,0.000000,0.000000,6.158053,0.000000,21.116646,0.000000,0.000000,0.000000,316,0.000000,27.274699,-0.0,27.274699,31.000000
302_CT_2-0,10,87.255791,0.000000,0.000000,1.000000,0.000000,0.000000,0.000000,0.000000,0.000000,87.255791,0.000000,0.000000,0.000000,302,0.000000,87.255791,-0.0,87.255791,8.000000
302_CT_2-1,10,87.255791,0.000000,0.000000,1.000000,0.000000,0.000000,0.000000,0.000000,0.000000,87.255791,0.000000,0.000000,0.000000,302,0.000000,87.255791,-0.0,87.255791,4.000000
302_CT_2-2,10,99.695770,0.000000,0.000000,1.000000,0.000000,0.000000,0.000000,12.439979,0.000000,87.255791,0.000000,0.000000,0.000000,302,0.000000,99.695770,-0.0,99.695770,4.000000
302_CT_2-3,10,105.367241,0.000000,0.000000,1.000000,0.000000,0.000000,0.000000,18.111450,0.000000,87.255791,0.000000,0.000000,0.000000,302,0.000000,105.367241,-0.0,105.367241,4.000000
323_CC_2-0,10,26.429209,0.000000,0.000000,1.000000,0.000000,0.000000,0.000000,0.000000,0.000000,26.429209,0.000000,0.000000,0.000000,323,0.000000,26.429209,-0.0,26.429209,170.000000
323_CC_2-1,10,26.429209,0.000000,0.000000,1.000000,0.000000,0.000000,0.000000,0.000000,0.000000,26.429209,0.000000,0.000000,0.000000,323,0.000000,26.429209,-0.0,26.429209,61.666667
323_CC_2-2,10,30.277557,0.000000,0.000000,1.000000,0.000000,0.000000,0.000000,3.848348,0.000000,26.429209,0.000000,0.000000,0.000000,323,0.000000,30.277557,-0.0,30.277557,61.666667
323_CC_2-3,10,31.727490,0.000000,0.000000,1.000000,0.000000,0.000000,0.000000,5.298281,0.000000,26.429209,0.000000,0.000000,0.000000,323,0.000000,31.727490,-0.0,31.727490,61.666667
315_STEAM_1-0,10,75.436777,0.000000,0.000000,1.000000,0.000000,0.000000,0.000000,0.000000,0.000000,75.436777,0.000000,0.000000,0.000000,315,0.000000,75.436777,-0.0,75.436777,5.000000
315_STEAM_1-1,10,75.436777,0.000000,0.000000,1.000000,0.000000,0.000000,0.000000,0.000000,0.000000,75.436777,0.000000,0.000000,0.000000,315,0.000000,75.436777,-0.0,75.436777,2.333333
315_STEAM_1-2,10,100.399529,0.000000,0.000000,1.000000,0.000000,0.000000,0.000000,24.962753,0.000000,75.436777,0.000000,0.000000,0.000000,315,0.000000,100.399529,-0.0,100.399529,2.333333
315_STEAM_1-3,10,124.099655,0.000000,0.000000,1.000000,0.000000,0.000000,0.000000,48.662879,0.000000,75.436777,0.000000,0.000000,0.000000,315,0.000000,124.099655,-0.0,124.099655,2.333333
313_CC_1-0,10,15.731579,0.000000,0.000000,1.000000,0.000000,0.000000,0.000000,0.000000,0.000000,15.731579,0.000000,0.000000,0.000000,313,0.000000,15.731579,-0.0,15.731579,170.000000
313_CC_1-1,10,15.731579,0.000000,0.000000,1.000000,0.000000,0.000000,0.000000,0.000000,0.000000,15.731579,0.000000,0.000000,0.000000,313,0.000000,15.731579,-0.0,15.731579,61.666667
313_CC_1-2,10,26.755735,0.000000,0.000000,1.000000,0.000000,0.000000,0.000000,11.024156,0.000000,15.731579,0.000000,0.000000,0.000000,313,0.000000,26.755735,-0.0,26.755735,61.666667
313_CC_1-3,10,33.752731,0.000000,0.000000,1.000000,0.000000,0.000000,0.000000,18.021152,0.000000,15.731579,0.000000,0.000000,0.000000,313,0.000000,33.752731,-0.0,33.752731,61.666667
323_CC_1-0,10,26.429209,0.000000,0.000000,1.000000,0.000000,0.000000,0.000000,0.000000,0.000000,26.429209,0.000000,0.000000,0.000000,323,0.000000,26.429209,-0.0,26.429209,170.000000
323_CC_1-1,10,26.429209,0.000000,0.000000,1.000000,0.000000,0.000000,0.000000,0.000000,0.000000,26.429209,0.000000,0.000000,0.000000,323,0.000000,26.429209,-0.0,26.429209,61.666667
323_CC_1-2,10,30.277557,0.000000,0.000000,1.000000,0.000000,0.000000,0.000000,3.848348,0.000000,26.429209,0.000000,0.000000,0.000000,323,0.000000,30.277557,-0.0,30.277557,61.666667
323_CC_1-3,10,31.727490,0.000000,0.000000,1.000000,0.000000,0.000000,0.000000,5.298281,0.000000,26.429209,0.000000,0.000000,0.000000,323,0.000000,31.727490,-0.0,31.727490,61.666667
301_CT_1-0,10,87.255791,0.000000,0.000000,1.000000,0.000000,0.000000,0.000000,0.000000,0.000000,87.255791,0.000000,0.000000,0.000000,301,0.000000,87.255791,-0.0,87.255791,8.000000
301_CT_1-1,10,87.255791,0.000000,0.000000,1.000000,0.000000,0.000000,0.000000,0.000000,0.000000,87.255791,0.000000,0.000000,0.000000,301,0.000000,87.255791,-0.0,87.255791,4.000000
301_CT_1-2,10,99.695770,0.000000,0.000000,1.000000,0.000000,0.000000,0.000000,12.439979,0.000000,87.255791,0.000000,0.000000,0.000000,301,0.000000,99.695770,-0.0,99.695770,4.000000
301_CT_1-3,10,105.367241,0.000000,0.000000,1.000000,0.000000,0.000000,0.000000,18.111450,0.000000,87.255791,0.000000,0.000000,0.000000,301,0.000000,105.367241,-0.0,105.367241,4.000000
307_CT_1-0,10,27.894691,0.000000,0.000000,1.000000,0.000000,0.000000,0.000000,0.000000,0.000000,27.894691,0.000000,0.000000,0.000000,307,0.000000,27.894691,-0.0,27.894691,22.000000
307_CT_1-1,10,27.894691,0.000000,0.000000,1.000000,0.000000,0.000000,0.000000,0.000000,0.000000,27.894691,0.000000,0.000000,0.000000,307,0.000000,27.894691,-0.0,27.894691,11.000000
307_CT_1-2,10,29.220233,0.000000,0.000000,1.000000,0.000000,0.000000,0.000000,1.325542,0.000000,27.894691,0.000000,0.000000,0.000000,307,0.000000,29.220233,-0.0,29.220233,11.000000
307_CT_1-3,10,35.474770,0.000000,0.000000,1.000000,0.000000,0.000000,0.000000,7.580079,0.000000,27.894691,0.000000,0.000000,0.000000,307,0.000000,35.474770,-0.0,35.474770,11.000000
315_STEAM_4-0,10,75.436777,0.000000,0.000000,1.000000,0.000000,0.000000,0.000000,0.000000,0.000000,75.436777,0.000000,0.000000,0.000000,315,0.000000,75.436777,-0.0,75.436777,5.000000
315_STEAM_4-1,10,75.436777,0.000000,0.000000,1.000000,0.000000,0.000000,0.000000,0.000000,0.000000,75.436777,0.000000,0.000000,0.000000,315,0.000000,75.436777,-0.0,75.436777,2.333333
315_STEAM_4-2,10,100.399529,0.000000,0.000000,1.000000,0.000000,0.000000,0.000000,24.962753,0.000000,75.436777,0.000000,0.000000,0.000000,315,0.000000,100.399529,-0.0,100.399529,2.333333
315_STEAM_4-3,10,124.099655,0.000000,0.000000,1.000000,0.000000,0.000000,0.000000,48.662879,0.000000,75.436777,0.000000,0.000000,0.000000,315,0.000000,124.099655,-0.0,124.099655,2.333333
315_CT_8-0,10,26.401998,0.000000,0.000000,1.000000,0.000000,0.000000,0.000000,0.000000,0.000000,26.401998,0.000000,0.000000,0.000000,315,0.000000,26.401998,-0.0,26.401998,22.000000
315_CT_8-1,10,26.401998,0.000000,0.000000,1.000000,0.000000,0.000000,0.000000,0.000000,0.000000,26.401998,0.000000,0.000000,0.000000,315,0.000000,26.401998,-0.0,26.401998,11.000000
315_CT_8-2,10,26.895675,0.000000,0.000000,1.000000,0.000000,0.000000,0.000000,0.493677,0.000000,26.401998,0.000000,0.000000,0.000000,315,0.000000,26.895675,-0.0,26.895675,11.000000
315_CT_8-3,10,31.855768,0.000000,0.000000,1.000000,0.000000,0.000000,0.000000,5.453770,0.000000,26.401998,0.000000,0.000000,0.000000,315,0.000000,31.855768,-0.0,31.855768,11.000000
322_CT_6-0,10,23.334982,0.000000,0.000000,1.000000,0.000000,0.000000,0.000000,0.000000,0.000000,23.334982,0.000000,0.000000,0.000000,322,0.000000,23.334982,-0.0,23.334982,22.000000
322_CT_6-1,10,23.334982,0.000000,0.000000,1.000000,0.000000,0.000000,0.000000,0.000000,0.000000,23.334982,0.000000,0.000000,0.000000,322,0.000000,23.334982,-0.0,23.334982,11.000000
322_CT_6-2,10,26.499179,0.000000,0.000000,1.000000,0.000000,0.000000,0.000000,3.164197,0.000000,23.334982,0.000000,0.000000,0.000000,322,0.000000,26.499179,-0.0,26.499179,11.000000
322_CT_6-3,10,27.894691,0.000000,0.000000,1.000000,0.000000,0.000000,0.000000,4.559709,0.000000,23.334982,0.000000,0.000000,0.000000,322,0.000000,27.894691,-0.0,27.894691,11.000000
321_CC_1-0,10,22.732463,0.000000,0.000000,1.000000,0.000000,0.000000,0.000000,0.000000,0.000000,22.732463,0.000000,0.000000,0.000000,321,0.000000,22.732463,-0.0,22.732463,170.000000
321_CC_1-1,10,22.732463,0.000000,0.000000,1.000000,0.000000,0.000000,0.000000,0.000000,0.000000,22.732463,0.000000,0.000000,0.000000,321,0.000000,22.732463,-0.0,22.732463,61.666667
321_CC_1-2,10,25.908321,0.000000,0.000000,1.000000,0.000000,0.000000,0.000000,3.175859,0.000000,22.732463,0.000000,0.000000,0.000000,321,0.000000,25.908321,-0.0,25.908321,61.666667
321_CC_1-3,10,33.947092,0.000000,0.000000,1.000000,0.000000,0.000000,0.000000,11.214630,0.000000,22.732463,0.000000,0.000000,0.000000,321,0.000000,33.947092,-0.0,33.947092,61.666667
318_CC_1-0,10,26.845141,0.000000,0.000000,1.000000,0.000000,0.000000,0.000000,0.000000,0.000000,26.845141,0.000000,0.000000,0.000000,318,0.000000,26.845141,-0.0,26.845141,170.000000
318_CC_1-1,10,26.845141,0.000000,0.000000,1.000000,0.000000,0.000000,0.000000,0.000000,0.000000,26.845141,0.000000,0.000000,0.000000,318,0.000000,26.845141,-0.0,26.845141,61.666667
318_CC_1-2,10,27.276623,0.000000,0.000000,1.000000,0.000000,0.000000,0.000000,0.431481,0.000000,26.845141,0.000000,0.000000,0.000000,318,0.000000,27.276623,-0.0,27.276623,61.666667
318_CC_1-3,10,31.529241,0.000000,0.000000,1.000000,0.000000,0.000000,0.000000,4.684100,0.000000,26.845141,0.000000,0.000000,0.000000,318,0.000000,31.529241,-0.0,31.529241,61.666667
301_CT_2-0,10,87.255791,0.000000,0.000000,1.000000,0.000000,0.000000,0.000000,0.000000,0.000000,87.255791,0.000000,0.000000,0.000000,301,0.000000,87.255791,-0.0,87.255791,8.000000
301_CT_2-1,10,87.255791,0.000000,0.000000,1.000000,0.000000,0.000000,0.000000,0.000000,0.000000,87.255791,0.000000,0.000000,0.000000,301,0.000000,87.255791,-0.0,87.255791,4.000000
301_CT_2-2,10,99.695770,0.000000,0.000000,1.000000,0.000000,0.000000,0.000000,12.439979,0.000000,87.255791,0.000000,0.000000,0.000000,301,0.000000,99.695770,-0.0,99.695770,4.000000
301_CT_2-3,10,105.367241,0.000000,0.000000,1.000000,0.000000,0.000000,0.000000,18.111450,0.000000,87.255791,0.000000,0.000000,0.000000,301,0.000000,105.367241,-0.0,105.367241,4.000000
315_CT_7-0,10,26.401998,0.000000,0.000000,1.000000,0.000000,0.000000,0.000000,0.000000,0.000000,26.401998,0.000000,0.000000,0.000000,315,0.000000,26.401998,-0.0,26.401998,22.000000
315_CT_7-1,10,26.401998,0.000000,0.000000,1.000000,0.000000,0.000000,0.000000,0.000000,0.000000,26.401998,0.000000,0.000000,0.000000,315,0.000000,26.401998,-0.0,26.401998,11.000000
315_CT_7-2,10,26.895675,0.000000,0.000000,1.000000,0.000000,0.000000,0.000000,0.493677,0.000000,26.401998,0.000000,0.000000,0.000000,315,0.000000,26.895675,-0.0,26.895675,11.000000
315_CT_7-3,10,31.855768,0.000000,0.000000,1.000000,0.000000,0.000000,0.000000,5.453770,0.000000,26.401998,0.000000,0.000000,0.000000,315,0.000000,31.855768,-0.0,31.855768,11.000000
322_HYDRO_2-0,10,0.000000,0.000000,0.000000,1.000000,0.000000,0.000000,0.000000,0.000000,0.000000,0.000000,0.000000,0.000000,0.000000,322,0.000000,0.000000,0.0,0.000000,11.945833
322_HYDRO_2-1,10,0.000000,0.000000,0.000000,1.000000,0.000000,0.000000,0.000000,0.000000,0.000000,0.000000,0.000000,0.000000,0.000000,322,0.000000,0.000000,0.0,0.000000,0.000000
322_HYDRO_2-2,10,0.000000,0.000000,0.000000,1.000000,0.000000,0.000000,0.000000,0.000000,0.000000,0.000000,0.000000,0.000000,0.000000,322,0.000000,0.000000,0.0,0.000000,0.000000
322_HYDRO_2-3,10,0.000000,0.000000,0.000000,1.000000,0.000000,0.000000,0.000000,0.000000,0.000000,0.000000,0.000000,0.000000,0.000000,322,0.000000,0.000000,0.0,0.000000,0.000000
301_CT_3-0,10,28.469999,0.000000,0.000000,1.000000,0.000000,0.000000,0.000000,0.000000,0.000000,28.469999,0.000000,0.000000,0.000000,301,0.000000,28.469999,-0.0,28.469999,22.000000
301_CT_3-1,10,28.469999,0.000000,0.000000,1.000000,0.000000,0.000000,0.000000,0.000000,0.000000,28.469999,0.000000,0.000000,0.000000,301,0.000000,28.469999,-0.0,28.469999,11.000000
301_CT_3-2,10,29.286315,0.000000,0.000000,1.000000,0.000000,0.000000,0.000000,0.816316,0.000000,28.469999,0.000000,0.000000,0.000000,301,0.000000,29.286315,-0.0,29.286315,11.000000
301_CT_3-3,10,43.742887,0.000000,0.000000,1.000000,0.000000,0.000000,0.000000,15.272887,0.000000,28.469999,0.000000,0.000000,0.000000,301,0.000000,43.742887,-0.0,43.742887,11.000000
302_CT_3-0,10,33.791603,0.000000,0.000000,1.000000,0.000000,0.000000,0.000000,0.000000,0.000000,33.791603,0.000000,0.000000,0.000000,302,0.000000,33.791603,-0.0,33.791603,22.000000
302_CT_3-1,10,33.791603,0.000000,0.000000,1.000000,0.000000,0.000000,0.000000,0.000000,0.000000,33.791603,0.000000,0.000000,0.000000,302,0.000000,33.791603,-0.0,33.791603,11.000000
302_CT_3-2,10,38.382410,0.000000,0.000000,1.000000,0.000000,0.000000,0.000000,4.590807,0.000000,33.791603,0.000000,0.000000,0.000000,302,0.000000,38.382410,-0.0,38.382410,11.000000
302_CT_3-3,10,38.635080,0.000000,0.000000,1.000000,0.000000,0.000000,0.000000,4.843476,0.000000,33.791603,0.000000,0.000000,0.000000,302,0.000000,38.635080,-0.0,38.635080,11.000000
315_STEAM_2-0,10,75.436777,0.000000,0.000000,1.000000,0.000000,0.000000,0.000000,0.000000,0.000000,75.436777,0.000000,0.000000,0.000000,315,0.000000,75.436777,-0.0,75.436777,5.000000
315_STEAM_2-1,10,75.436777,0.000000,0.000000,1.000000,0.000000,0.000000,0.000000,0.000000,0.000000,75.436777,0.000000,0.000000,0.000000,315,0.000000,75.436777,-0.0,75.436777,2.333333
315_STEAM_2-2,10,100.399529,0.000000,0.000000,1.000000,0.000000,0.000000,0.000000,24.962753,0.000000,75.436777,0.000000,0.000000,0.000000,315,0.000000,100.399529,-0.0,100.399529,2.333333
315_STEAM_2-3,10,124.099655,0.000000,0.000000,1.000000,0.000000,0.000000,0.000000,48.662879,0.000000,75.436777,0.000000,0.000000,0.000000,315,0.000000,124.099655,-0.0,124.099655,2.333333
302_CT_4-0,10,33.791603,0.000000,0.000000,1.000000,0.000000,0.000000,0.000000,0.000000,0.000000,33.791603,0.000000,0.000000,0.000000,302,0.000000,33.791603,-0.0,33.791603,22.000000
302_CT_4-1,10,33.791603,0.000000,0.000000,1.000000,0.000000,0.000000,0.000000,0.000000,0.000000,33.791603,0.000000,0.000000,0.000000,302,0.000000,33.791603,-0.0,33.791603,11.000000
302_CT_4-2,10,38.382410,0.000000,0.000000,1.000000,0.000000,0.000000,0.000000,4.590807,0.000000,33.791603,0.000000,0.000000,0.000000,302,0.000000,38.382410,-0.0,38.382410,11.000000
302_CT_4-3,10,38.635080,0.000000,0.000000,1.000000,0.000000,0.000000,0.000000,4.843476,0.000000,33.791603,0.000000,0.000000,0.000000,302,0.000000,38.635080,-0.0,38.635080,11.000000
315_STEAM_5-0,10,75.436777,0.000000,0.000000,1.000000,0.000000,0.000000,0.000000,0.000000,0.000000,75.436777,0.000000,0.000000,0.000000,315,0.000000,75.436777,-0.0,75.436777,5.000000
315_STEAM_5-1,10,75.436777,0.000000,0.000000,1.000000,0.000000,0.000000,0.000000,0.000000,0.000000,75.436777,0.000000,0.000000,0.000000,315,0.000000,75.436777,-0.0,75.436777,2.333333
315_STEAM_5-2,10,100.399529,0.000000,0.000000,1.000000,0.000000,0.000000,0.000000,24.962753,0.000000,75.436777,0.000000,0.000000,0.000000,315,0.000000,100.399529,-0.0,100.399529,2.333333
315_STEAM_5-3,10,124.099655,0.000000,0.000000,1.000000,0.000000,0.000000,0.000000,48.662879,0.000000,75.436777,0.000000,0.000000,0.000000,315,0.000000,124.099655,-0.0,124.099655,2.333333
315_STEAM_3-0,10,75.436777,0.000000,0.000000,1.000000,0.000000,0.000000,0.000000,0.000000,0.000000,75.436777,0.000000,0.000000,0.000000,315,0.000000,75.436777,-0.0,75.436777,5.000000
315_STEAM_3-1,10,75.436777,0.000000,0.000000,1.000000,0.000000,0.000000,0.000000,0.000000,0.000000,75.436777,0.000000,0.000000,0.000000,315,0.000000,75.436777,-0.0,75.436777,2.333333
315_STEAM_3-2,10,100.399529,0.000000,0.000000,1.000000,0.000000,0.000000,0.000000,24.962753,0.000000,75.436777,0.000000,0.000000,0.000000,315,0.000000,100.399529,-0.0,100.399529,2.333333
315_STEAM_3-3,10,124.099655,0.000000,0.000000,1.000000,0.000000,0.000000,0.000000,48.662879,0.000000,75.436777,0.000000,0.000000,0.000000,315,0.000000,124.099655,-0.0,124.099655,2.333333
302_CT_1-0,10,87.255791,0.000000,0.000000,1.000000,0.000000,0.000000,0.000000,0.000000,0.000000,87.255791,0.000000,0.000000,0.000000,302,0.000000,87.255791,-0.0,87.255791,8.000000
302_CT_1-1,10,87.255791,0.000000,0.000000,1.000000,0.000000,0.000000,0.000000,0.000000,0.000000,87.255791,0.000000,0.000000,0.000000,302,0.000000,87.255791,-0.0,87.255791,4.000000
302_CT_1-2,10,99.695770,0.000000,0.000000,1.000000,0.000000,0.000000,0.000000,12.439979,0.000000,87.255791,0.000000,0.000000,0.000000,302,0.000000,99.695770,-0.0,99.695770,4.000000
302_CT_1-3,10,105.367241,0.000000,0.000000,1.000000,0.000000,0.000000,0.000000,18.111450,0.000000,87.255791,0.000000,0.000000,0.000000,302,0.000000,105.367241,-0.0,105.367241,4.000000
322_CT_5-0,10,23.334982,0.000000,0.000000,1.000000,0.000000,0.000000,0.000000,0.000000,0.000000,23.334982,0.000000,0.000000,0.000000,322,0.000000,23.334982,-0.0,23.334982,22.000000
322_CT_5-1,10,23.334982,0.000000,0.000000,1.000000,0.000000,0.000000,0.000000,0.000000,0.000000,23.334982,0.000000,0.000000,0.000000,322,0.000000,23.334982,-0.0,23.334982,11.000000
322_CT_5-2,10,26.499179,0.000000,0.000000,1.000000,0.000000,0.000000,0.000000,3.164197,0.000000,23.334982,0.000000,0.000000,0.000000,322,0.000000,26.499179,-0.0,26.499179,11.000000
322_CT_5-3,10,27.894691,0.000000,0.000000,1.000000,0.000000,0.000000,0.000000,4.559709,0.000000,23.334982,0.000000,0.000000,0.000000,322,0.000000,27.894691,-0.0,27.894691,11.000000
307_CT_2-0,10,27.894691,0.000000,0.000000,1.000000,0.000000,0.000000,0.000000,0.000000,0.000000,27.894691,0.000000,0.000000,0.000000,307,0.000000,27.894691,-0.0,27.894691,22.000000
307_CT_2-1,10,27.894691,0.000000,0.000000,1.000000,0.000000,0.000000,0.000000,0.000000,0.000000,27.894691,0.000000,0.000000,0.000000,307,0.000000,27.894691,-0.0,27.894691,11.000000
307_CT_2-2,10,29.220233,0.000000,0.000000,1.000000,0.000000,0.000000,0.000000,1.325542,0.000000,27.894691,0.000000,0.000000,0.000000,307,0.000000,29.220233,-0.0,29.220233,11.000000
307_CT_2-3,10,35.474770,0.000000,0.000000,1.000000,0.000000,0.000000,0.000000,7.580079,0.000000,27.894691,0.000000,0.000000,0.000000,307,0.000000,35.474770,-0.0,35.474770,11.000000
322_HYDRO_1-0,11,0.000000,11.791667,0.000000,1.000000,0.000000,0.000000,0.000000,0.000000,0.000000,0.000000,0.000000,0.000000,0.000000,322,0.000000,0.000000,0.0,0.000000,11.791667
322_HYDRO_1-1,11,0.000000,0.000000,0.000000,1.000000,0.000000,0.000000,0.000000,0.000000,0.000000,0.000000,0.000000,0.000000,0.000000,322,0.000000,0.000000,0.0,0.000000,0.000000
322_HYDRO_1-2,11,0.000000,0.000000,0.000000,1.000000,0.000000,0.000000,0.000000,0.000000,0.000000,0.000000,0.000000,0.000000,0.000000,322,0.000000,0.000000,0.0,0.000000,0.000000
322_HYDRO_1-3,11,0.000000,0.000000,0.000000,1.000000,0.000000,0.000000,0.000000,0.000000,0.000000,0.000000,0.000000,0.000000,0.000000,322,0.000000,0.000000,0.0,0.000000,0.000000
322_HYDRO_4-0,11,0.000000,11.791667,0.000000,1.000000,0.000000,0.000000,0.000000,0.000000,0.000000,0.000000,0.000000,0.000000,0.000000,322,0.000000,0.000000,0.0,0.000000,11.791667
322_HYDRO_4-1,11,0.000000,0.000000,0.000000,1.000000,0.000000,0.000000,0.000000,0.000000,0.000000,0.000000,0.000000,0.000000,0.000000,322,0.000000,0.000000,0.0,0.000000,0.000000
322_HYDRO_4-2,11,0.000000,0.000000,0.000000,1.000000,0.000000,0.000000,0.000000,0.000000,0.000000,0.000000,0.000000,0.000000,0.000000,322,0.000000,0.000000,0.0,0.000000,0.000000
322_HYDRO_4-3,11,0.000000,0.000000,0.000000,1.000000,0.000000,0.000000,0.000000,0.000000,0.000000,0.000000,0.000000,0.000000,0.000000,322,0.000000,0.000000,0.0,0.000000,0.000000
315_CT_6-0,11,26.401998,0.000000,0.000000,1.000000,0.000000,0.000000,0.000000,0.000000,0.000000,26.401998,0.000000,0.000000,0.000000,315,0.000000,26.401998,-0.0,26.401998,22.000000
315_CT_6-1,11,26.401998,0.000000,0.000000,1.000000,0.000000,0.000000,0.000000,0.000000,0.000000,26.401998,0.000000,0.000000,0.000000,315,0.000000,26.401998,-0.0,26.401998,11.000000
315_CT_6-2,11,26.895675,0.000000,0.000000,1.000000,0.000000,0.000000,0.000000,0.493677,0.000000,26.401998,0.000000,0.000000,0.000000,315,0.000000,26.895675,-0.0,26.895675,11.000000
315_CT_6-3,11,31.855768,0.000000,0.000000,1.000000,0.000000,0.000000,0.000000,5.453770,0.000000,26.401998,0.000000,0.000000,0.000000,315,0.000000,31.855768,-0.0,31.855768,11.000000
322_HYDRO_3-0,11,0.000000,11.791667,0.000000,1.000000,0.000000,0.000000,0.000000,0.000000,0.000000,0.000000,0.000000,0.000000,0.000000,322,0.000000,0.000000,0.0,0.000000,11.791667
322_HYDRO_3-1,11,0.000000,0.000000,0.000000,1.000000,0.000000,0.000000,0.000000,0.000000,0.000000,0.000000,0.000000,0.000000,0.000000,322,0.000000,0.000000,0.0,0.000000,0.000000
322_HYDRO_3-2,11,0.000000,0.000000,0.000000,1.000000,0.000000,0.000000,0.000000,0.000000,0.000000,0.000000,0.000000,0.000000,0.000000,322,0.000000,0.000000,0.0,0.000000,0.000000
322_HYDRO_3-3,11,0.000000,0.000000,0.000000,1.000000,0.000000,0.000000,0.000000,0.000000,0.000000,0.000000,0.000000,0.000000,0.000000,322,0.000000,0.000000,0.0,0.000000,0.000000
301_CT_4-0,11,28.469999,0.000000,0.000000,1.000000,0.000000,0.000000,0.000000,0.000000,0.000000,28.469999,0.000000,0.000000,0.000000,301,0.000000,28.469999,-0.0,28.469999,22.000000
301_CT_4-1,11,28.469999,0.000000,0.000000,1.000000,0.000000,0.000000,0.000000,0.000000,0.000000,28.469999,0.000000,0.000000,0.000000,301,0.000000,28.469999,-0.0,28.469999,11.000000
301_CT_4-2,11,29.286315,0.000000,0.000000,1.000000,0.000000,0.000000,0.000000,0.816316,0.000000,28.469999,0.000000,0.000000,0.000000,301,0.000000,29.286315,-0.0,29.286315,11.000000
301_CT_4-3,11,43.742887,0.000000,0.000000,1.000000,0.000000,0.000000,0.000000,15.272887,0.000000,28.469999,0.000000,0.000000,0.000000,301,0.000000,43.742887,-0.0,43.742887,11.000000
316_STEAM_1-0,11,21.116646,0.000000,0.000000,1.000000,0.000000,0.000000,0.000000,0.000000,0.000000,21.116646,0.000000,0.000000,0.000000,316,0.000000,21.116646,-0.0,21.116646,62.000000
316_STEAM_1-1,11,21.116646,0.000000,0.000000,1.000000,0.000000,0.000000,0.000000,0.000000,0.000000,21.116646,0.000000,0.000000,0.000000,316,0.000000,21.116646,-0.0,21.116646,31.000000
316_STEAM_1-2,11,21.287879,0.000000,0.000000,1.000000,0.000000,0.000000,0.000000,0.171233,0.000000,21.116646,0.000000,0.000000,0.000000,316,0.000000,21.287879,-0.0,21.287879,31.000000
316_STEAM_1-3,11,27.274699,0.000000,0.000000,1.000000,0.000000,0.000000,0.000000,6.158053,0.000000,21.116646,0.000000,0.000000,0.000000,316,0.000000,27.274699,-0.0,27.274699,31.000000
302_CT_2-0,11,87.255791,0.000000,0.000000,1.000000,0.000000,0.000000,0.000000,0.000000,0.000000,87.255791,0.000000,0.000000,0.000000,302,0.000000,87.255791,-0.0,87.255791,8.000000
302_CT_2-1,11,87.255791,0.000000,0.000000,1.000000,0.000000,0.000000,0.000000,0.000000,0.000000,87.255791,0.000000,0.000000,0.000000,302,0.000000,87.255791,-0.0,87.255791,4.000000
302_CT_2-2,11,99.695770,0.000000,0.000000,1.000000,0.000000,0.000000,0.000000,12.439979,0.000000,87.255791,0.000000,0.000000,0.000000,302,0.000000,99.695770,-0.0,99.695770,4.000000
302_CT_2-3,11,105.367241,0.000000,0.000000,1.000000,0.000000,0.000000,0.000000,18.111450,0.000000,87.255791,0.000000,0.000000,0.000000,302,0.000000,105.367241,-0.0,105.367241,4.000000
323_CC_2-0,11,26.429209,0.000000,0.000000,1.000000,0.000000,0.000000,0.000000,0.000000,0.000000,26.429209,0.000000,0.000000,0.000000,323,0.000000,26.429209,-0.0,26.429209,170.000000
323_CC_2-1,11,26.429209,0.000000,0.000000,1.000000,0.000000,0.000000,0.000000,0.000000,0.000000,26.429209,0.000000,0.000000,0.000000,323,0.000000,26.429209,-0.0,26.429209,61.666667
323_CC_2-2,11,30.277557,0.000000,0.000000,1.000000,0.000000,0.000000,0.000000,3.848348,0.000000,26.429209,0.000000,0.000000,0.000000,323,0.000000,30.277557,-0.0,30.277557,61.666667
323_CC_2-3,11,31.727490,0.000000,0.000000,1.000000,0.000000,0.000000,0.000000,5.298281,0.000000,26.429209,0.000000,0.000000,0.000000,323,0.000000,31.727490,-0.0,31.727490,61.666667
315_STEAM_1-0,11,75.436777,0.000000,0.000000,1.000000,0.000000,0.000000,0.000000,0.000000,0.000000,75.436777,0.000000,0.000000,0.000000,315,0.000000,75.436777,-0.0,75.436777,5.000000
315_STEAM_1-1,11,75.436777,0.000000,0.000000,1.000000,0.000000,0.000000,0.000000,0.000000,0.000000,75.436777,0.000000,0.000000,0.000000,315,0.000000,75.436777,-0.0,75.436777,2.333333
315_STEAM_1-2,11,100.399529,0.000000,0.000000,1.000000,0.000000,0.000000,0.000000,24.962753,0.000000,75.436777,0.000000,0.000000,0.000000,315,0.000000,100.399529,-0.0,100.399529,2.333333
315_STEAM_1-3,11,124.099655,0.000000,0.000000,1.000000,0.000000,0.000000,0.000000,48.662879,0.000000,75.436777,0.000000,0.000000,0.000000,315,0.000000,124.099655,-0.0,124.099655,2.333333
313_CC_1-0,11,15.731579,0.000000,0.000000,1.000000,0.000000,0.000000,0.000000,0.000000,0.000000,15.731579,0.000000,0.000000,0.000000,313,0.000000,15.731579,-0.0,15.731579,170.000000
313_CC_1-1,11,15.731579,0.000000,0.000000,1.000000,0.000000,0.000000,0.000000,0.000000,0.000000,15.731579,0.000000,0.000000,0.000000,313,0.000000,15.731579,-0.0,15.731579,61.666667
313_CC_1-2,11,26.755735,0.000000,0.000000,1.000000,0.000000,0.000000,0.000000,11.024156,0.000000,15.731579,0.000000,0.000000,0.000000,313,0.000000,26.755735,-0.0,26.755735,61.666667
313_CC_1-3,11,33.752731,0.000000,0.000000,1.000000,0.000000,0.000000,0.000000,18.021152,0.000000,15.731579,0.000000,0.000000,0.000000,313,0.000000,33.752731,-0.0,33.752731,61.666667
323_CC_1-0,11,26.429209,0.000000,0.000000,1.000000,0.000000,0.000000,0.000000,0.000000,0.000000,26.429209,0.000000,0.000000,0.000000,323,0.000000,26.429209,-0.0,26.429209,170.000000
323_CC_1-1,11,26.429209,0.000000,0.000000,1.000000,0.000000,0.000000,0.000000,0.000000,0.000000,26.429209,0.000000,0.000000,0.000000,323,0.000000,26.429209,-0.0,26.429209,61.666667
323_CC_1-2,11,30.277557,0.000000,0.000000,1.000000,0.000000,0.000000,0.000000,3.848348,0.000000,26.429209,0.000000,0.000000,0.000000,323,0.000000,30.277557,-0.0,30.277557,61.666667
323_CC_1-3,11,31.727490,0.000000,0.000000,1.000000,0.000000,0.000000,0.000000,5.298281,0.000000,26.429209,0.000000,0.000000,0.000000,323,0.000000,31.727490,-0.0,31.727490,61.666667
301_CT_1-0,11,87.255791,0.000000,0.000000,1.000000,0.000000,0.000000,0.000000,0.000000,0.000000,87.255791,0.000000,0.000000,0.000000,301,0.000000,87.255791,-0.0,87.255791,8.000000
301_CT_1-1,11,87.255791,0.000000,0.000000,1.000000,0.000000,0.000000,0.000000,0.000000,0.000000,87.255791,0.000000,0.000000,0.000000,301,0.000000,87.255791,-0.0,87.255791,4.000000
301_CT_1-2,11,99.695770,0.000000,0.000000,1.000000,0.000000,0.000000,0.000000,12.439979,0.000000,87.255791,0.000000,0.000000,0.000000,301,0.000000,99.695770,-0.0,99.695770,4.000000
301_CT_1-3,11,105.367241,0.000000,0.000000,1.000000,0.000000,0.000000,0.000000,18.111450,0.000000,87.255791,0.000000,0.000000,0.000000,301,0.000000,105.367241,-0.0,105.367241,4.000000
307_CT_1-0,11,27.894691,0.000000,0.000000,1.000000,0.000000,0.000000,0.000000,0.000000,0.000000,27.894691,0.000000,0.000000,0.000000,307,0.000000,27.894691,-0.0,27.894691,22.000000
307_CT_1-1,11,27.894691,0.000000,0.000000,1.000000,0.000000,0.000000,0.000000,0.000000,0.000000,27.894691,0.000000,0.000000,0.000000,307,0.000000,27.894691,-0.0,27.894691,11.000000
307_CT_1-2,11,29.220233,0.000000,0.000000,1.000000,0.000000,0.000000,0.000000,1.325542,0.000000,27.894691,0.000000,0.000000,0.000000,307,0.000000,29.220233,-0.0,29.220233,11.000000
307_CT_1-3,11,35.474770,0.000000,0.000000,1.000000,0.000000,0.000000,0.000000,7.580079,0.000000,27.894691,0.000000,0.000000,0.000000,307,0.000000,35.474770,-0.0,35.474770,11.000000
315_STEAM_4-0,11,75.436777,0.000000,0.000000,1.000000,0.000000,0.000000,0.000000,0.000000,0.000000,75.436777,0.000000,0.000000,0.000000,315,0.000000,75.436777,-0.0,75.436777,5.000000
315_STEAM_4-1,11,75.436777,0.000000,0.000000,1.000000,0.000000,0.000000,0.000000,0.000000,0.000000,75.436777,0.000000,0.000000,0.000000,315,0.000000,75.436777,-0.0,75.436777,2.333333
315_STEAM_4-2,11,100.399529,0.000000,0.000000,1.000000,0.000000,0.000000,0.000000,24.962753,0.000000,75.436777,0.000000,0.000000,0.000000,315,0.000000,100.399529,-0.0,100.399529,2.333333
315_STEAM_4-3,11,124.099655,0.000000,0.000000,1.000000,0.000000,0.000000,0.000000,48.662879,0.000000,75.436777,0.000000,0.000000,0.000000,315,0.000000,124.099655,-0.0,124.099655,2.333333
315_CT_8-0,11,26.401998,0.000000,0.000000,1.000000,0.000000,0.000000,0.000000,0.000000,0.000000,26.401998,0.000000,0.000000,0.000000,315,0.000000,26.401998,-0.0,26.401998,22.000000
315_CT_8-1,11,26.401998,0.000000,0.000000,1.000000,0.000000,0.000000,0.000000,0.000000,0.000000,26.401998,0.000000,0.000000,0.000000,315,0.000000,26.401998,-0.0,26.401998,11.000000
315_CT_8-2,11,26.895675,0.000000,0.000000,1.000000,0.000000,0.000000,0.000000,0.493677,0.000000,26.401998,0.000000,0.000000,0.000000,315,0.000000,26.895675,-0.0,26.895675,11.000000
315_CT_8-3,11,31.855768,0.000000,0.000000,1.000000,0.000000,0.000000,0.000000,5.453770,0.000000,26.401998,0.000000,0.000000,0.000000,315,0.000000,31.855768,-0.0,31.855768,11.000000
322_CT_6-0,11,23.334982,0.000000,0.000000,1.000000,0.000000,0.000000,0.000000,0.000000,0.000000,23.334982,0.000000,0.000000,0.000000,322,0.000000,23.334982,-0.0,23.334982,22.000000
322_CT_6-1,11,23.334982,0.000000,0.000000,1.000000,0.000000,0.000000,0.000000,0.000000,0.000000,23.334982,0.000000,0.000000,0.000000,322,0.000000,23.334982,-0.0,23.334982,11.000000
322_CT_6-2,11,26.499179,0.000000,0.000000,1.000000,0.000000,0.000000,0.000000,3.164197,0.000000,23.334982,0.000000,0.000000,0.000000,322,0.000000,26.499179,-0.0,26.499179,11.000000
322_CT_6-3,11,27.894691,0.000000,0.000000,1.000000,0.000000,0.000000,0.000000,4.559709,0.000000,23.334982,0.000000,0.000000,0.000000,322,0.000000,27.894691,-0.0,27.894691,11.000000
321_CC_1-0,11,22.732463,0.000000,0.000000,1.000000,0.000000,0.000000,0.000000,0.000000,0.000000,22.732463,0.000000,0.000000,0.000000,321,0.000000,22.732463,-0.0,22.732463,170.000000
321_CC_1-1,11,22.732463,0.000000,0.000000,1.000000,0.000000,0.000000,0.000000,0.000000,0.000000,22.732463,0.000000,0.000000,0.000000,321,0.000000,22.732463,-0.0,22.732463,61.666667
321_CC_1-2,11,25.908321,0.000000,0.000000,1.000000,0.000000,0.000000,0.000000,3.175859,0.000000,22.732463,0.000000,0.000000,0.000000,321,0.000000,25.908321,-0.0,25.908321,61.666667
321_CC_1-3,11,33.947092,0.000000,0.000000,1.000000,0.000000,0.000000,0.000000,11.214630,0.000000,22.732463,0.000000,0.000000,0.000000,321,0.000000,33.947092,-0.0,33.947092,61.666667
318_CC_1-0,11,26.845141,0.000000,0.000000,1.000000,0.000000,0.000000,0.000000,0.000000,0.000000,26.845141,0.000000,0.000000,0.000000,318,0.000000,26.845141,-0.0,26.845141,170.000000
318_CC_1-1,11,26.845141,0.000000,0.000000,1.000000,0.000000,0.000000,0.000000,0.000000,0.000000,26.845141,0.000000,0.000000,0.000000,318,0.000000,26.845141,-0.0,26.845141,61.666667
318_CC_1-2,11,27.276623,0.000000,0.000000,1.000000,0.000000,0.000000,0.000000,0.431481,0.000000,26.845141,0.000000,0.000000,0.000000,318,0.000000,27.276623,-0.0,27.276623,61.666667
318_CC_1-3,11,31.529241,0.000000,0.000000,1.000000,0.000000,0.000000,0.000000,4.684100,0.000000,26.845141,0.000000,0.000000,0.000000,318,0.000000,31.529241,-0.0,31.529241,61.666667
301_CT_2-0,11,87.255791,0.000000,0.000000,1.000000,0.000000,0.000000,0.000000,0.000000,0.000000,87.255791,0.000000,0.000000,0.000000,301,0.000000,87.255791,-0.0,87.255791,8.000000
301_CT_2-1,11,87.255791,0.000000,0.000000,1.000000,0.000000,0.000000,0.000000,0.000000,0.000000,87.255791,0.000000,0.000000,0.000000,301,0.000000,87.255791,-0.0,87.255791,4.000000
301_CT_2-2,11,99.695770,0.000000,0.000000,1.000000,0.000000,0.000000,0.000000,12.439979,0.000000,87.255791,0.000000,0.000000,0.000000,301,0.000000,99.695770,-0.0,99.695770,4.000000
301_CT_2-3,11,105.367241,0.000000,0.000000,1.000000,0.000000,0.000000,0.000000,18.111450,0.000000,87.255791,0.000000,0.000000,0.000000,301,0.000000,105.367241,-0.0,105.367241,4.000000
315_CT_7-0,11,26.401998,0.000000,0.000000,1.000000,0.000000,0.000000,0.000000,0.000000,0.000000,26.401998,0.000000,0.000000,0.000000,315,0.000000,26.401998,-0.0,26.401998,22.000000
315_CT_7-1,11,26.401998,0.000000,0.000000,1.000000,0.000000,0.000000,0.000000,0.000000,0.000000,26.401998,0.000000,0.000000,0.000000,315,0.000000,26.401998,-0.0,26.401998,11.000000
315_CT_7-2,11,26.895675,0.000000,0.000000,1.000000,0.000000,0.000000,0.000000,0.493677,0.000000,26.401998,0.000000,0.000000,0.000000,315,0.000000,26.895675,-0.0,26.895675,11.000000
315_CT_7-3,11,31.855768,0.000000,0.000000,1.000000,0.000000,0.000000,0.000000,5.453770,0.000000,26.401998,0.000000,0.000000,0.000000,315,0.000000,31.855768,-0.0,31.855768,11.000000
322_HYDRO_2-0,11,0.000000,8.795161,0.000000,1.000000,0.000000,0.000000,0.000000,0.000000,0.000000,0.000000,0.000000,0.000000,0.000000,322,0.000000,0.000000,0.0,0.000000,11.791667
322_HYDRO_2-1,11,0.000000,0.000000,0.000000,1.000000,0.000000,0.000000,0.000000,0.000000,0.000000,0.000000,0.000000,0.000000,0.000000,322,0.000000,0.000000,0.0,0.000000,0.000000
322_HYDRO_2-2,11,0.000000,0.000000,0.000000,1.000000,0.000000,0.000000,0.000000,0.000000,0.000000,0.000000,0.000000,0.000000,0.000000,322,0.000000,0.000000,0.0,0.000000,0.000000
322_HYDRO_2-3,11,0.000000,0.000000,0.000000,1.000000,0.000000,0.000000,0.000000,0.000000,0.000000,0.000000,0.000000,0.000000,0.000000,322,0.000000,0.000000,0.0,0.000000,0.000000
301_CT_3-0,11,28.469999,0.000000,0.000000,1.000000,0.000000,0.000000,0.000000,0.000000,0.000000,28.469999,0.000000,0.000000,0.000000,301,0.000000,28.469999,-0.0,28.469999,22.000000
301_CT_3-1,11,28.469999,0.000000,0.000000,1.000000,0.000000,0.000000,0.000000,0.000000,0.000000,28.469999,0.000000,0.000000,0.000000,301,0.000000,28.469999,-0.0,28.469999,11.000000
301_CT_3-2,11,29.286315,0.000000,0.000000,1.000000,0.000000,0.000000,0.000000,0.816316,0.000000,28.469999,0.000000,0.000000,0.000000,301,0.000000,29.286315,-0.0,29.286315,11.000000
301_CT_3-3,11,43.742887,0.000000,0.000000,1.000000,0.000000,0.000000,0.000000,15.272887,0.000000,28.469999,0.000000,0.000000,0.000000,301,0.000000,43.742887,-0.0,43.742887,11.000000
302_CT_3-0,11,33.791603,0.000000,0.000000,1.000000,0.000000,0.000000,0.000000,0.000000,0.000000,33.791603,0.000000,0.000000,0.000000,302,0.000000,33.791603,-0.0,33.791603,22.000000
302_CT_3-1,11,33.791603,0.000000,0.000000,1.000000,0.000000,0.000000,0.000000,0.000000,0.000000,33.791603,0.000000,0.000000,0.000000,302,0.000000,33.791603,-0.0,33.791603,11.000000
302_CT_3-2,11,38.382410,0.000000,0.000000,1.000000,0.000000,0.000000,0.000000,4.590807,0.000000,33.791603,0.000000,0.000000,0.000000,302,0.000000,38.382410,-0.0,38.382410,11.000000
302_CT_3-3,11,38.635080,0.000000,0.000000,1.000000,0.000000,0.000000,0.000000,4.843476,0.000000,33.791603,0.000000,0.000000,0.000000,302,0.000000,38.635080,-0.0,38.635080,11.000000
315_STEAM_2-0,11,75.436777,0.000000,0.000000,1.000000,0.000000,0.000000,0.000000,0.000000,0.000000,75.436777,0.000000,0.000000,0.000000,315,0.000000,75.436777,-0.0,75.436777,5.000000
315_STEAM_2-1,11,75.436777,0.000000,0.000000,1.000000,0.000000,0.000000,0.000000,0.000000,0.000000,75.436777,0.000000,0.000000,0.000000,315,0.000000,75.436777,-0.0,75.436777,2.333333
315_STEAM_2-2,11,100.399529,0.000000,0.000000,1.000000,0.000000,0.000000,0.000000,24.962753,0.000000,75.436777,0.000000,0.000000,0.000000,315,0.000000,100.399529,-0.0,100.399529,2.333333
315_STEAM_2-3,11,124.099655,0.000000,0.000000,1.000000,0.000000,0.000000,0.000000,48.662879,0.000000,75.436777,0.000000,0.000000,0.000000,315,0.000000,124.099655,-0.0,124.099655,2.333333
302_CT_4-0,11,33.791603,0.000000,0.000000,1.000000,0.000000,0.000000,0.000000,0.000000,0.000000,33.791603,0.000000,0.000000,0.000000,302,0.000000,33.791603,-0.0,33.791603,22.000000
302_CT_4-1,11,33.791603,0.000000,0.000000,1.000000,0.000000,0.000000,0.000000,0.000000,0.000000,33.791603,0.000000,0.000000,0.000000,302,0.000000,33.791603,-0.0,33.791603,11.000000
302_CT_4-2,11,38.382410,0.000000,0.000000,1.000000,0.000000,0.000000,0.000000,4.590807,0.000000,33.791603,0.000000,0.000000,0.000000,302,0.000000,38.382410,-0.0,38.382410,11.000000
302_CT_4-3,11,38.635080,0.000000,0.000000,1.000000,0.000000,0.000000,0.000000,4.843476,0.000000,33.791603,0.000000,0.000000,0.000000,302,0.000000,38.635080,-0.0,38.635080,11.000000
315_STEAM_5-0,11,75.436777,0.000000,0.000000,1.000000,0.000000,0.000000,0.000000,0.000000,0.000000,75.436777,0.000000,0.000000,0.000000,315,0.000000,75.436777,-0.0,75.436777,5.000000
315_STEAM_5-1,11,75.436777,0.000000,0.000000,1.000000,0.000000,0.000000,0.000000,0.000000,0.000000,75.436777,0.000000,0.000000,0.000000,315,0.000000,75.436777,-0.0,75.436777,2.333333
315_STEAM_5-2,11,100.399529,0.000000,0.000000,1.000000,0.000000,0.000000,0.000000,24.962753,0.000000,75.436777,0.000000,0.000000,0.000000,315,0.000000,100.399529,-0.0,100.399529,2.333333
315_STEAM_5-3,11,124.099655,0.000000,0.000000,1.000000,0.000000,0.000000,0.000000,48.662879,0.000000,75.436777,0.000000,0.000000,0.000000,315,0.000000,124.099655,-0.0,124.099655,2.333333
315_STEAM_3-0,11,75.436777,0.000000,0.000000,1.000000,0.000000,0.000000,0.000000,0.000000,0.000000,75.436777,0.000000,0.000000,0.000000,315,0.000000,75.436777,-0.0,75.436777,5.000000
315_STEAM_3-1,11,75.436777,0.000000,0.000000,1.000000,0.000000,0.000000,0.000000,0.000000,0.000000,75.436777,0.000000,0.000000,0.000000,315,0.000000,75.436777,-0.0,75.436777,2.333333
315_STEAM_3-2,11,100.399529,0.000000,0.000000,1.000000,0.000000,0.000000,0.000000,24.962753,0.000000,75.436777,0.000000,0.000000,0.000000,315,0.000000,100.399529,-0.0,100.399529,2.333333
315_STEAM_3-3,11,124.099655,0.000000,0.000000,1.000000,0.000000,0.000000,0.000000,48.662879,0.000000,75.436777,0.000000,0.000000,0.000000,315,0.000000,124.099655,-0.0,124.099655,2.333333
302_CT_1-0,11,87.255791,0.000000,0.000000,1.000000,0.000000,0.000000,0.000000,0.000000,0.000000,87.255791,0.000000,0.000000,0.000000,302,0.000000,87.255791,-0.0,87.255791,8.000000
302_CT_1-1,11,87.255791,0.000000,0.000000,1.000000,0.000000,0.000000,0.000000,0.000000,0.000000,87.255791,0.000000,0.000000,0.000000,302,0.000000,87.255791,-0.0,87.255791,4.000000
302_CT_1-2,11,99.695770,0.000000,0.000000,1.000000,0.000000,0.000000,0.000000,12.439979,0.000000,87.255791,0.000000,0.000000,0.000000,302,0.000000,99.695770,-0.0,99.695770,4.000000
302_CT_1-3,11,105.367241,0.000000,0.000000,1.000000,0.000000,0.000000,0.000000,18.111450,0.000000,87.255791,0.000000,0.000000,0.000000,302,0.000000,105.367241,-0.0,105.367241,4.000000
322_CT_5-0,11,23.334982,0.000000,0.000000,1.000000,0.000000,0.000000,0.000000,0.000000,0.000000,23.334982,0.000000,0.000000,0.000000,322,0.000000,23.334982,-0.0,23.334982,22.000000
322_CT_5-1,11,23.334982,0.000000,0.000000,1.000000,0.000000,0.000000,0.000000,0.000000,0.000000,23.334982,0.000000,0.000000,0.000000,322,0.000000,23.334982,-0.0,23.334982,11.000000
322_CT_5-2,11,26.499179,0.000000,0.000000,1.000000,0.000000,0.000000,0.000000,3.164197,0.000000,23.334982,0.000000,0.000000,0.000000,322,0.000000,26.499179,-0.0,26.499179,11.000000
322_CT_5-3,11,27.894691,0.000000,0.000000,1.000000,0.000000,0.000000,0.000000,4.559709,0.000000,23.334982,0.000000,0.000000,0.000000,322,0.000000,27.894691,-0.0,27.894691,11.000000
307_CT_2-0,11,27.894691,0.000000,0.000000,1.000000,0.000000,0.000000,0.000000,0.000000,0.000000,27.894691,0.000000,0.000000,0.000000,307,0.000000,27.894691,-0.0,27.894691,22.000000
307_CT_2-1,11,27.894691,0.000000,0.000000,1.000000,0.000000,0.000000,0.000000,0.000000,0.000000,27.894691,0.000000,0.000000,0.000000,307,0.000000,27.894691,-0.0,27.894691,11.000000
307_CT_2-2,11,29.220233,0.000000,0.000000,1.000000,0.000000,0.000000,0.000000,1.325542,0.000000,27.894691,0.000000,0.000000,0.000000,307,0.000000,29.220233,-0.0,29.220233,11.000000
307_CT_2-3,11,35.474770,0.000000,0.000000,1.000000,0.000000,0.000000,0.000000,7.580079,0.000000,27.894691,0.000000,0.000000,0.000000,307,0.000000,35.474770,-0.0,35.474770,11.000000
322_HYDRO_1-0,12,0.000000,9.045833,0.000000,1.000000,0.000000,0.000000,0.000000,0.000000,0.000000,0.000000,0.000000,0.000000,0.000000,322,0.000000,0.000000,0.0,0.000000,9.045833
322_HYDRO_1-1,12,0.000000,0.000000,0.000000,1.000000,0.000000,0.000000,0.000000,0.000000,0.000000,0.000000,0.000000,0.000000,0.000000,322,0.000000,0.000000,0.0,0.000000,0.000000
322_HYDRO_1-2,12,0.000000,0.000000,0.000000,1.000000,0.000000,0.000000,0.000000,0.000000,0.000000,0.000000,0.000000,0.000000,0.000000,322,0.000000,0.000000,0.0,0.000000,0.000000
322_HYDRO_1-3,12,0.000000,0.000000,0.000000,1.000000,0.000000,0.000000,0.000000,0.000000,0.000000,0.000000,0.000000,0.000000,0.000000,322,0.000000,0.000000,0.0,0.000000,0.000000
322_HYDRO_4-0,12,0.000000,0.000000,0.000000,1.000000,0.000000,0.000000,0.000000,0.000000,0.000000,0.000000,0.000000,0.000000,0.000000,322,0.000000,0.000000,0.0,0.000000,9.045833
322_HYDRO_4-1,12,0.000000,0.000000,0.000000,1.000000,0.000000,0.000000,0.000000,0.000000,0.000000,0.000000,0.000000,0.000000,0.000000,322,0.000000,0.000000,0.0,0.000000,0.000000
322_HYDRO_4-2,12,0.000000,0.000000,0.000000,1.000000,0.000000,0.000000,0.000000,0.000000,0.000000,0.000000,0.000000,0.000000,0.000000,322,0.000000,0.000000,0.0,0.000000,0.000000
322_HYDRO_4-3,12,0.000000,0.000000,0.000000,1.000000,0.000000,0.000000,0.000000,0.000000,0.000000,0.000000,0.000000,0.000000,0.000000,322,0.000000,0.000000,0.0,0.000000,0.000000
315_CT_6-0,12,26.401998,0.000000,0.000000,1.000000,0.000000,0.000000,0.000000,0.000000,0.000000,26.401998,0.000000,0.000000,0.000000,315,0.000000,26.401998,-0.0,26.401998,22.000000
315_CT_6-1,12,26.401998,0.000000,0.000000,1.000000,0.000000,0.000000,0.000000,0.000000,0.000000,26.401998,0.000000,0.000000,0.000000,315,0.000000,26.401998,-0.0,26.401998,11.000000
315_CT_6-2,12,26.895675,0.000000,0.000000,1.000000,0.000000,0.000000,0.000000,0.493677,0.000000,26.401998,0.000000,0.000000,0.000000,315,0.000000,26.895675,-0.0,26.895675,11.000000
315_CT_6-3,12,31.855768,0.000000,0.000000,1.000000,0.000000,0.000000,0.000000,5.453770,0.000000,26.401998,0.000000,0.000000,0.000000,315,0.000000,31.855768,-0.0,31.855768,11.000000
322_HYDRO_3-0,12,0.000000,9.045833,0.000000,1.000000,0.000000,0.000000,0.000000,0.000000,0.000000,0.000000,0.000000,0.000000,0.000000,322,0.000000,0.000000,0.0,0.000000,9.045833
322_HYDRO_3-1,12,0.000000,0.000000,0.000000,1.000000,0.000000,0.000000,0.000000,0.000000,0.000000,0.000000,0.000000,0.000000,0.000000,322,0.000000,0.000000,0.0,0.000000,0.000000
322_HYDRO_3-2,12,0.000000,0.000000,0.000000,1.000000,0.000000,0.000000,0.000000,0.000000,0.000000,0.000000,0.000000,0.000000,0.000000,322,0.000000,0.000000,0.0,0.000000,0.000000
322_HYDRO_3-3,12,0.000000,0.000000,0.000000,1.000000,0.000000,0.000000,0.000000,0.000000,0.000000,0.000000,0.000000,0.000000,0.000000,322,0.000000,0.000000,0.0,0.000000,0.000000
301_CT_4-0,12,28.469999,0.000000,0.000000,1.000000,0.000000,0.000000,0.000000,0.000000,0.000000,28.469999,0.000000,0.000000,0.000000,301,0.000000,28.469999,-0.0,28.469999,22.000000
301_CT_4-1,12,28.469999,0.000000,0.000000,1.000000,0.000000,0.000000,0.000000,0.000000,0.000000,28.469999,0.000000,0.000000,0.000000,301,0.000000,28.469999,-0.0,28.469999,11.000000
301_CT_4-2,12,29.286315,0.000000,0.000000,1.000000,0.000000,0.000000,0.000000,0.816316,0.000000,28.469999,0.000000,0.000000,0.000000,301,0.000000,29.286315,-0.0,29.286315,11.000000
301_CT_4-3,12,43.742887,0.000000,0.000000,1.000000,0.000000,0.000000,0.000000,15.272887,0.000000,28.469999,0.000000,0.000000,0.000000,301,0.000000,43.742887,-0.0,43.742887,11.000000
316_STEAM_1-0,12,21.116646,0.000000,0.000000,1.000000,0.000000,0.000000,0.000000,0.000000,0.000000,21.116646,0.000000,0.000000,0.000000,316,0.000000,21.116646,-0.0,21.116646,62.000000
316_STEAM_1-1,12,21.116646,0.000000,0.000000,1.000000,0.000000,0.000000,0.000000,0.000000,0.000000,21.116646,0.000000,0.000000,0.000000,316,0.000000,21.116646,-0.0,21.116646,31.000000
316_STEAM_1-2,12,21.287879,0.000000,0.000000,1.000000,0.000000,0.000000,0.000000,0.171233,0.000000,21.116646,0.000000,0.000000,0.000000,316,0.000000,21.287879,-0.0,21.287879,31.000000
316_STEAM_1-3,12,27.274699,0.000000,0.000000,1.000000,0.000000,0.000000,0.000000,6.158053,0.000000,21.116646,0.000000,0.000000,0.000000,316,0.000000,27.274699,-0.0,27.274699,31.000000
302_CT_2-0,12,87.255791,0.000000,0.000000,1.000000,0.000000,0.000000,0.000000,0.000000,0.000000,87.255791,0.000000,0.000000,0.000000,302,0.000000,87.255791,-0.0,87.255791,8.000000
302_CT_2-1,12,87.255791,0.000000,0.000000,1.000000,0.000000,0.000000,0.000000,0.000000,0.000000,87.255791,0.000000,0.000000,0.000000,302,0.000000,87.255791,-0.0,87.255791,4.000000
302_CT_2-2,12,99.695770,0.000000,0.000000,1.000000,0.000000,0.000000,0.000000,12.439979,0.000000,87.255791,0.000000,0.000000,0.000000,302,0.000000,99.695770,-0.0,99.695770,4.000000
302_CT_2-3,12,105.367241,0.000000,0.000000,1.000000,0.000000,0.000000,0.000000,18.111450,0.000000,87.255791,0.000000,0.000000,0.000000,302,0.000000,105.367241,-0.0,105.367241,4.000000
323_CC_2-0,12,26.429209,0.000000,0.000000,1.000000,0.000000,0.000000,0.000000,0.000000,0.000000,26.429209,0.000000,0.000000,0.000000,323,0.000000,26.429209,-0.0,26.429209,170.000000
323_CC_2-1,12,26.429209,0.000000,0.000000,1.000000,0.000000,0.000000,0.000000,0.000000,0.000000,26.429209,0.000000,0.000000,0.000000,323,0.000000,26.429209,-0.0,26.429209,61.666667
323_CC_2-2,12,30.277557,0.000000,0.000000,1.000000,0.000000,0.000000,0.000000,3.848348,0.000000,26.429209,0.000000,0.000000,0.000000,323,0.000000,30.277557,-0.0,30.277557,61.666667
323_CC_2-3,12,31.727490,0.000000,0.000000,1.000000,0.000000,0.000000,0.000000,5.298281,0.000000,26.429209,0.000000,0.000000,0.000000,323,0.000000,31.727490,-0.0,31.727490,61.666667
315_STEAM_1-0,12,75.436777,0.000000,0.000000,1.000000,0.000000,0.000000,0.000000,0.000000,0.000000,75.436777,0.000000,0.000000,0.000000,315,0.000000,75.436777,-0.0,75.436777,5.000000
315_STEAM_1-1,12,75.436777,0.000000,0.000000,1.000000,0.000000,0.000000,0.000000,0.000000,0.000000,75.436777,0.000000,0.000000,0.000000,315,0.000000,75.436777,-0.0,75.436777,2.333333
315_STEAM_1-2,12,100.399529,0.000000,0.000000,1.000000,0.000000,0.000000,0.000000,24.962753,0.000000,75.436777,0.000000,0.000000,0.000000,315,0.000000,100.399529,-0.0,100.399529,2.333333
315_STEAM_1-3,12,124.099655,0.000000,0.000000,1.000000,0.000000,0.000000,0.000000,48.662879,0.000000,75.436777,0.000000,0.000000,0.000000,315,0.000000,124.099655,-0.0,124.099655,2.333333
313_CC_1-0,12,15.731579,0.000000,0.000000,1.000000,0.000000,0.000000,0.000000,0.000000,0.000000,15.731579,0.000000,0.000000,0.000000,313,0.000000,15.731579,-0.0,15.731579,170.000000
313_CC_1-1,12,15.731579,0.000000,0.000000,1.000000,0.000000,0.000000,0.000000,0.000000,0.000000,15.731579,0.000000,0.000000,0.000000,313,0.000000,15.731579,-0.0,15.731579,61.666667
313_CC_1-2,12,26.755735,0.000000,0.000000,1.000000,0.000000,0.000000,0.000000,11.024156,0.000000,15.731579,0.000000,0.000000,0.000000,313,0.000000,26.755735,-0.0,26.755735,61.666667
313_CC_1-3,12,33.752731,0.000000,0.000000,1.000000,0.000000,0.000000,0.000000,18.021152,0.000000,15.731579,0.000000,0.000000,0.000000,313,0.000000,33.752731,-0.0,33.752731,61.666667
323_CC_1-0,12,26.429209,0.000000,0.000000,1.000000,0.000000,0.000000,0.000000,0.000000,0.000000,26.429209,0.000000,0.000000,0.000000,323,0.000000,26.429209,-0.0,26.429209,170.000000
323_CC_1-1,12,26.429209,0.000000,0.000000,1.000000,0.000000,0.000000,0.000000,0.000000,0.000000,26.429209,0.000000,0.000000,0.000000,323,0.000000,26.429209,-0.0,26.429209,61.666667
323_CC_1-2,12,30.277557,0.000000,0.000000,1.000000,0.000000,0.000000,0.000000,3.848348,0.000000,26.429209,0.000000,0.000000,0.000000,323,0.000000,30.277557,-0.0,30.277557,61.666667
323_CC_1-3,12,31.727490,0.000000,0.000000,1.000000,0.000000,0.000000,0.000000,5.298281,0.000000,26.429209,0.000000,0.000000,0.000000,323,0.000000,31.727490,-0.0,31.727490,61.666667
301_CT_1-0,12,87.255791,0.000000,0.000000,1.000000,0.000000,0.000000,0.000000,0.000000,0.000000,87.255791,0.000000,0.000000,0.000000,301,0.000000,87.255791,-0.0,87.255791,8.000000
301_CT_1-1,12,87.255791,0.000000,0.000000,1.000000,0.000000,0.000000,0.000000,0.000000,0.000000,87.255791,0.000000,0.000000,0.000000,301,0.000000,87.255791,-0.0,87.255791,4.000000
301_CT_1-2,12,99.695770,0.000000,0.000000,1.000000,0.000000,0.000000,0.000000,12.439979,0.000000,87.255791,0.000000,0.000000,0.000000,301,0.000000,99.695770,-0.0,99.695770,4.000000
301_CT_1-3,12,105.367241,0.000000,0.000000,1.000000,0.000000,0.000000,0.000000,18.111450,0.000000,87.255791,0.000000,0.000000,0.000000,301,0.000000,105.367241,-0.0,105.367241,4.000000
307_CT_1-0,12,27.894691,0.000000,0.000000,1.000000,0.000000,0.000000,0.000000,0.000000,0.000000,27.894691,0.000000,0.000000,0.000000,307,0.000000,27.894691,-0.0,27.894691,22.000000
307_CT_1-1,12,27.894691,0.000000,0.000000,1.000000,0.000000,0.000000,0.000000,0.000000,0.000000,27.894691,0.000000,0.000000,0.000000,307,0.000000,27.894691,-0.0,27.894691,11.000000
307_CT_1-2,12,29.220233,0.000000,0.000000,1.000000,0.000000,0.000000,0.000000,1.325542,0.000000,27.894691,0.000000,0.000000,0.000000,307,0.000000,29.220233,-0.0,29.220233,11.000000
307_CT_1-3,12,35.474770,0.000000,0.000000,1.000000,0.000000,0.000000,0.000000,7.580079,0.000000,27.894691,0.000000,0.000000,0.000000,307,0.000000,35.474770,-0.0,35.474770,11.000000
315_STEAM_4-0,12,75.436777,0.000000,0.000000,1.000000,0.000000,0.000000,0.000000,0.000000,0.000000,75.436777,0.000000,0.000000,0.000000,315,0.000000,75.436777,-0.0,75.436777,5.000000
315_STEAM_4-1,12,75.436777,0.000000,0.000000,1.000000,0.000000,0.000000,0.000000,0.000000,0.000000,75.436777,0.000000,0.000000,0.000000,315,0.000000,75.436777,-0.0,75.436777,2.333333
315_STEAM_4-2,12,100.399529,0.000000,0.000000,1.000000,0.000000,0.000000,0.000000,24.962753,0.000000,75.436777,0.000000,0.000000,0.000000,315,0.000000,100.399529,-0.0,100.399529,2.333333
315_STEAM_4-3,12,124.099655,0.000000,0.000000,1.000000,0.000000,0.000000,0.000000,48.662879,0.000000,75.436777,0.000000,0.000000,0.000000,315,0.000000,124.099655,-0.0,124.099655,2.333333
315_CT_8-0,12,26.401998,0.000000,0.000000,1.000000,0.000000,0.000000,0.000000,0.000000,0.000000,26.401998,0.000000,0.000000,0.000000,315,0.000000,26.401998,-0.0,26.401998,22.000000
315_CT_8-1,12,26.401998,0.000000,0.000000,1.000000,0.000000,0.000000,0.000000,0.000000,0.000000,26.401998,0.000000,0.000000,0.000000,315,0.000000,26.401998,-0.0,26.401998,11.000000
315_CT_8-2,12,26.895675,0.000000,0.000000,1.000000,0.000000,0.000000,0.000000,0.493677,0.000000,26.401998,0.000000,0.000000,0.000000,315,0.000000,26.895675,-0.0,26.895675,11.000000
315_CT_8-3,12,31.855768,0.000000,0.000000,1.000000,0.000000,0.000000,0.000000,5.453770,0.000000,26.401998,0.000000,0.000000,0.000000,315,0.000000,31.855768,-0.0,31.855768,11.000000
322_CT_6-0,12,23.334982,0.000000,0.000000,1.000000,0.000000,0.000000,0.000000,0.000000,0.000000,23.334982,0.000000,0.000000,0.000000,322,0.000000,23.334982,-0.0,23.334982,22.000000
322_CT_6-1,12,23.334982,0.000000,0.000000,1.000000,0.000000,0.000000,0.000000,0.000000,0.000000,23.334982,0.000000,0.000000,0.000000,322,0.000000,23.334982,-0.0,23.334982,11.000000
322_CT_6-2,12,26.499179,0.000000,0.000000,1.000000,0.000000,0.000000,0.000000,3.164197,0.000000,23.334982,0.000000,0.000000,0.000000,322,0.000000,26.499179,-0.0,26.499179,11.000000
322_CT_6-3,12,27.894691,0.000000,0.000000,1.000000,0.000000,0.000000,0.000000,4.559709,0.000000,23.334982,0.000000,0.000000,0.000000,322,0.000000,27.894691,-0.0,27.894691,11.000000
321_CC_1-0,12,22.732463,0.000000,0.000000,1.000000,0.000000,0.000000,0.000000,0.000000,0.000000,22.732463,0.000000,0.000000,0.000000,321,0.000000,22.732463,-0.0,22.732463,170.000000
321_CC_1-1,12,22.732463,0.000000,0.000000,1.000000,0.000000,0.000000,0.000000,0.000000,0.000000,22.732463,0.000000,0.000000,0.000000,321,0.000000,22.732463,-0.0,22.732463,61.666667
321_CC_1-2,12,25.908321,0.000000,0.000000,1.000000,0.000000,0.000000,0.000000,3.175859,0.000000,22.732463,0.000000,0.000000,0.000000,321,0.000000,25.908321,-0.0,25.908321,61.666667
321_CC_1-3,12,33.947092,0.000000,0.000000,1.000000,0.000000,0.000000,0.000000,11.214630,0.000000,22.732463,0.000000,0.000000,0.000000,321,0.000000,33.947092,-0.0,33.947092,61.666667
318_CC_1-0,12,26.845141,0.000000,0.000000,1.000000,0.000000,0.000000,0.000000,0.000000,0.000000,26.845141,0.000000,0.000000,0.000000,318,0.000000,26.845141,-0.0,26.845141,170.000000
318_CC_1-1,12,26.845141,0.000000,0.000000,1.000000,0.000000,0.000000,0.000000,0.000000,0.000000,26.845141,0.000000,0.000000,0.000000,318,0.000000,26.845141,-0.0,26.845141,61.666667
318_CC_1-2,12,27.276623,0.000000,0.000000,1.000000,0.000000,0.000000,0.000000,0.431481,0.000000,26.845141,0.000000,0.000000,0.000000,318,0.000000,27.276623,-0.0,27.276623,61.666667
318_CC_1-3,12,31.529241,0.000000,0.000000,1.000000,0.000000,0.000000,0.000000,4.684100,0.000000,26.845141,0.000000,0.000000,0.000000,318,0.000000,31.529241,-0.0,31.529241,61.666667
301_CT_2-0,12,87.255791,0.000000,0.000000,1.000000,0.000000,0.000000,0.000000,0.000000,0.000000,87.255791,0.000000,0.000000,0.000000,301,0.000000,87.255791,-0.0,87.255791,8.000000
301_CT_2-1,12,87.255791,0.000000,0.000000,1.000000,0.000000,0.000000,0.000000,0.000000,0.000000,87.255791,0.000000,0.000000,0.000000,301,0.000000,87.255791,-0.0,87.255791,4.000000
301_CT_2-2,12,99.695770,0.000000,0.000000,1.000000,0.000000,0.000000,0.000000,12.439979,0.000000,87.255791,0.000000,0.000000,0.000000,301,0.000000,99.695770,-0.0,99.695770,4.000000
301_CT_2-3,12,105.367241,0.000000,0.000000,1.000000,0.000000,0.000000,0.000000,18.111450,0.000000,87.255791,0.000000,0.000000,0.000000,301,0.000000,105.367241,-0.0,105.367241,4.000000
315_CT_7-0,12,26.401998,0.000000,0.000000,1.000000,0.000000,0.000000,0.000000,0.000000,0.000000,26.401998,0.000000,0.000000,0.000000,315,0.000000,26.401998,-0.0,26.401998,22.000000
315_CT_7-1,12,26.401998,0.000000,0.000000,1.000000,0.000000,0.000000,0.000000,0.000000,0.000000,26.401998,0.000000,0.000000,0.000000,315,0.000000,26.401998,-0.0,26.401998,11.000000
315_CT_7-2,12,26.895675,0.000000,0.000000,1.000000,0.000000,0.000000,0.000000,0.493677,0.000000,26.401998,0.000000,0.000000,0.000000,315,0.000000,26.895675,-0.0,26.895675,11.000000
315_CT_7-3,12,31.855768,0.000000,0.000000,1.000000,0.000000,0.000000,0.000000,5.453770,0.000000,26.401998,0.000000,0.000000,0.000000,315,0.000000,31.855768,-0.0,31.855768,11.000000
322_HYDRO_2-0,12,0.000000,9.045833,0.000000,1.000000,0.000000,0.000000,0.000000,0.000000,0.000000,0.000000,0.000000,0.000000,0.000000,322,0.000000,0.000000,0.0,0.000000,9.045833
322_HYDRO_2-1,12,0.000000,0.000000,0.000000,1.000000,0.000000,0.000000,0.000000,0.000000,0.000000,0.000000,0.000000,0.000000,0.000000,322,0.000000,0.000000,0.0,0.000000,0.000000
322_HYDRO_2-2,12,0.000000,0.000000,0.000000,1.000000,0.000000,0.000000,0.000000,0.000000,0.000000,0.000000,0.000000,0.000000,0.000000,322,0.000000,0.000000,0.0,0.000000,0.000000
322_HYDRO_2-3,12,0.000000,0.000000,0.000000,1.000000,0.000000,0.000000,0.000000,0.000000,0.000000,0.000000,0.000000,0.000000,0.000000,322,0.000000,0.000000,0.0,0.000000,0.000000
301_CT_3-0,12,28.469999,0.000000,0.000000,1.000000,0.000000,0.000000,0.000000,0.000000,0.000000,28.469999,0.000000,0.000000,0.000000,301,0.000000,28.469999,-0.0,28.469999,22.000000
301_CT_3-1,12,28.469999,0.000000,0.000000,1.000000,0.000000,0.000000,0.000000,0.000000,0.000000,28.469999,0.000000,0.000000,0.000000,301,0.000000,28.469999,-0.0,28.469999,11.000000
301_CT_3-2,12,29.286315,0.000000,0.000000,1.000000,0.000000,0.000000,0.000000,0.816316,0.000000,28.469999,0.000000,0.000000,0.000000,301,0.000000,29.286315,-0.0,29.286315,11.000000
301_CT_3-3,12,43.742887,0.000000,0.000000,1.000000,0.000000,0.000000,0.000000,15.272887,0.000000,28.469999,0.000000,0.000000,0.000000,301,0.000000,43.742887,-0.0,43.742887,11.000000
302_CT_3-0,12,33.791603,0.000000,0.000000,1.000000,0.000000,0.000000,0.000000,0.000000,0.000000,33.791603,0.000000,0.000000,0.000000,302,0.000000,33.791603,-0.0,33.791603,22.000000
302_CT_3-1,12,33.791603,0.000000,0.000000,1.000000,0.000000,0.000000,0.000000,0.000000,0.000000,33.791603,0.000000,0.000000,0.000000,302,0.000000,33.791603,-0.0,33.791603,11.000000
302_CT_3-2,12,38.382410,0.000000,0.000000,1.000000,0.000000,0.000000,0.000000,4.590807,0.000000,33.791603,0.000000,0.000000,0.000000,302,0.000000,38.382410,-0.0,38.382410,11.000000
302_CT_3-3,12,38.635080,0.000000,0.000000,1.000000,0.000000,0.000000,0.000000,4.843476,0.000000,33.791603,0.000000,0.000000,0.000000,302,0.000000,38.635080,-0.0,38.635080,11.000000
315_STEAM_2-0,12,75.436777,0.000000,0.000000,1.000000,0.000000,0.000000,0.000000,0.000000,0.000000,75.436777,0.000000,0.000000,0.000000,315,0.000000,75.436777,-0.0,75.436777,5.000000
315_STEAM_2-1,12,75.436777,0.000000,0.000000,1.000000,0.000000,0.000000,0.000000,0.000000,0.000000,75.436777,0.000000,0.000000,0.000000,315,0.000000,75.436777,-0.0,75.436777,2.333333
315_STEAM_2-2,12,100.399529,0.000000,0.000000,1.000000,0.000000,0.000000,0.000000,24.962753,0.000000,75.436777,0.000000,0.000000,0.000000,315,0.000000,100.399529,-0.0,100.399529,2.333333
315_STEAM_2-3,12,124.099655,0.000000,0.000000,1.000000,0.000000,0.000000,0.000000,48.662879,0.000000,75.436777,0.000000,0.000000,0.000000,315,0.000000,124.099655,-0.0,124.099655,2.333333
302_CT_4-0,12,33.791603,0.000000,0.000000,1.000000,0.000000,0.000000,0.000000,0.000000,0.000000,33.791603,0.000000,0.000000,0.000000,302,0.000000,33.791603,-0.0,33.791603,22.000000
302_CT_4-1,12,33.791603,0.000000,0.000000,1.000000,0.000000,0.000000,0.000000,0.000000,0.000000,33.791603,0.000000,0.000000,0.000000,302,0.000000,33.791603,-0.0,33.791603,11.000000
302_CT_4-2,12,38.382410,0.000000,0.000000,1.000000,0.000000,0.000000,0.000000,4.590807,0.000000,33.791603,0.000000,0.000000,0.000000,302,0.000000,38.382410,-0.0,38.382410,11.000000
302_CT_4-3,12,38.635080,0.000000,0.000000,1.000000,0.000000,0.000000,0.000000,4.843476,0.000000,33.791603,0.000000,0.000000,0.000000,302,0.000000,38.635080,-0.0,38.635080,11.000000
315_STEAM_5-0,12,75.436777,0.000000,0.000000,1.000000,0.000000,0.000000,0.000000,0.000000,0.000000,75.436777,0.000000,0.000000,0.000000,315,0.000000,75.436777,-0.0,75.436777,5.000000
315_STEAM_5-1,12,75.436777,0.000000,0.000000,1.000000,0.000000,0.000000,0.000000,0.000000,0.000000,75.436777,0.000000,0.000000,0.000000,315,0.000000,75.436777,-0.0,75.436777,2.333333
315_STEAM_5-2,12,100.399529,0.000000,0.000000,1.000000,0.000000,0.000000,0.000000,24.962753,0.000000,75.436777,0.000000,0.000000,0.000000,315,0.000000,100.399529,-0.0,100.399529,2.333333
315_STEAM_5-3,12,124.099655,0.000000,0.000000,1.000000,0.000000,0.000000,0.000000,48.662879,0.000000,75.436777,0.000000,0.000000,0.000000,315,0.000000,124.099655,-0.0,124.099655,2.333333
315_STEAM_3-0,12,75.436777,0.000000,0.000000,1.000000,0.000000,0.000000,0.000000,0.000000,0.000000,75.436777,0.000000,0.000000,0.000000,315,0.000000,75.436777,-0.0,75.436777,5.000000
315_STEAM_3-1,12,75.436777,0.000000,0.000000,1.000000,0.000000,0.000000,0.000000,0.000000,0.000000,75.436777,0.000000,0.000000,0.000000,315,0.000000,75.436777,-0.0,75.436777,2.333333
315_STEAM_3-2,12,100.399529,0.000000,0.000000,1.000000,0.000000,0.000000,0.000000,24.962753,0.000000,75.436777,0.000000,0.000000,0.000000,315,0.000000,100.399529,-0.0,100.399529,2.333333
315_STEAM_3-3,12,124.099655,0.000000,0.000000,1.000000,0.000000,0.000000,0.000000,48.662879,0.000000,75.436777,0.000000,0.000000,0.000000,315,0.000000,124.099655,-0.0,124.099655,2.333333
302_CT_1-0,12,87.255791,0.000000,0.000000,1.000000,0.000000,0.000000,0.000000,0.000000,0.000000,87.255791,0.000000,0.000000,0.000000,302,0.000000,87.255791,-0.0,87.255791,8.000000
302_CT_1-1,12,87.255791,0.000000,0.000000,1.000000,0.000000,0.000000,0.000000,0.000000,0.000000,87.255791,0.000000,0.000000,0.000000,302,0.000000,87.255791,-0.0,87.255791,4.000000
302_CT_1-2,12,99.695770,0.000000,0.000000,1.000000,0.000000,0.000000,0.000000,12.439979,0.000000,87.255791,0.000000,0.000000,0.000000,302,0.000000,99.695770,-0.0,99.695770,4.000000
302_CT_1-3,12,105.367241,0.000000,0.000000,1.000000,0.000000,0.000000,0.000000,18.111450,0.000000,87.255791,0.000000,0.000000,0.000000,302,0.000000,105.367241,-0.0,105.367241,4.000000
322_CT_5-0,12,23.334982,0.000000,0.000000,1.000000,0.000000,0.000000,0.000000,0.000000,0.000000,23.334982,0.000000,0.000000,0.000000,322,0.000000,23.334982,-0.0,23.334982,22.000000
322_CT_5-1,12,23.334982,0.000000,0.000000,1.000000,0.000000,0.000000,0.000000,0.000000,0.000000,23.334982,0.000000,0.000000,0.000000,322,0.000000,23.334982,-0.0,23.334982,11.000000
322_CT_5-2,12,26.499179,0.000000,0.000000,1.000000,0.000000,0.000000,0.000000,3.164197,0.000000,23.334982,0.000000,0.000000,0.000000,322,0.000000,26.499179,-0.0,26.499179,11.000000
322_CT_5-3,12,27.894691,0.000000,0.000000,1.000000,0.000000,0.000000,0.000000,4.559709,0.000000,23.334982,0.000000,0.000000,0.000000,322,0.000000,27.894691,-0.0,27.894691,11.000000
307_CT_2-0,12,27.894691,0.000000,0.000000,1.000000,0.000000,0.000000,0.000000,0.000000,0.000000,27.894691,0.000000,0.000000,0.000000,307,0.000000,27.894691,-0.0,27.894691,22.000000
307_CT_2-1,12,27.894691,0.000000,0.000000,1.000000,0.000000,0.000000,0.000000,0.000000,0.000000,27.894691,0.000000,0.000000,0.000000,307,0.000000,27.894691,-0.0,27.894691,11.000000
307_CT_2-2,12,29.220233,0.000000,0.000000,1.000000,0.000000,0.000000,0.000000,1.325542,0.000000,27.894691,0.000000,0.000000,0.000000,307,0.000000,29.220233,-0.0,29.220233,11.000000
307_CT_2-3,12,35.474770,0.000000,0.000000,1.000000,0.000000,0.000000,0.000000,7.580079,0.000000,27.894691,0.000000,0.000000,0.000000,307,0.000000,35.474770,-0.0,35.474770,11.000000
322_HYDRO_1-0,13,0.000000,7.233333,0.000000,1.000000,0.000000,0.000000,0.000000,0.000000,0.000000,0.000000,0.000000,0.000000,0.000000,322,0.000000,0.000000,0.0,0.000000,7.233333
322_HYDRO_1-1,13,0.000000,0.000000,0.000000,1.000000,0.000000,0.000000,0.000000,0.000000,0.000000,0.000000,0.000000,0.000000,0.000000,322,0.000000,0.000000,0.0,0.000000,0.000000
322_HYDRO_1-2,13,0.000000,0.000000,0.000000,1.000000,0.000000,0.000000,0.000000,0.000000,0.000000,0.000000,0.000000,0.000000,0.000000,322,0.000000,0.000000,0.0,0.000000,0.000000
322_HYDRO_1-3,13,0.000000,0.000000,0.000000,1.000000,0.000000,0.000000,0.000000,0.000000,0.000000,0.000000,0.000000,0.000000,0.000000,322,0.000000,0.000000,0.0,0.000000,0.000000
322_HYDRO_4-0,13,0.000000,0.000000,0.000000,1.000000,0.000000,0.000000,0.000000,0.000000,0.000000,0.000000,0.000000,0.000000,0.000000,322,0.000000,0.000000,0.0,0.000000,7.233333
322_HYDRO_4-1,13,0.000000,0.000000,0.000000,1.000000,0.000000,0.000000,0.000000,0.000000,0.000000,0.000000,0.000000,0.000000,0.000000,322,0.000000,0.000000,0.0,0.000000,0.000000
322_HYDRO_4-2,13,0.000000,0.000000,0.000000,1.000000,0.000000,0.000000,0.000000,0.000000,0.000000,0.000000,0.000000,0.000000,0.000000,322,0.000000,0.000000,0.0,0.000000,0.000000
322_HYDRO_4-3,13,0.000000,0.000000,0.000000,1.000000,0.000000,0.000000,0.000000,0.000000,0.000000,0.000000,0.000000,0.000000,0.000000,322,0.000000,0.000000,0.0,0.000000,0.000000
315_CT_6-0,13,26.401998,0.000000,0.000000,1.000000,0.000000,0.000000,0.000000,0.000000,0.000000,26.401998,0.000000,0.000000,0.000000,315,0.000000,26.401998,-0.0,26.401998,22.000000
315_CT_6-1,13,26.401998,0.000000,0.000000,1.000000,0.000000,0.000000,0.000000,0.000000,0.000000,26.401998,0.000000,0.000000,0.000000,315,0.000000,26.401998,-0.0,26.401998,11.000000
315_CT_6-2,13,26.895675,0.000000,0.000000,1.000000,0.000000,0.000000,0.000000,0.493677,0.000000,26.401998,0.000000,0.000000,0.000000,315,0.000000,26.895675,-0.0,26.895675,11.000000
315_CT_6-3,13,31.855768,0.000000,0.000000,1.000000,0.000000,0.000000,0.000000,5.453770,0.000000,26.401998,0.000000,0.000000,0.000000,315,0.000000,31.855768,-0.0,31.855768,11.000000
322_HYDRO_3-0,13,0.000000,7.233333,0.000000,1.000000,0.000000,0.000000,0.000000,0.000000,0.000000,0.000000,0.000000,0.000000,0.000000,322,0.000000,0.000000,0.0,0.000000,7.233333
322_HYDRO_3-1,13,0.000000,0.000000,0.000000,1.000000,0.000000,0.000000,0.000000,0.000000,0.000000,0.000000,0.000000,0.000000,0.000000,322,0.000000,0.000000,0.0,0.000000,0.000000
322_HYDRO_3-2,13,0.000000,0.000000,0.000000,1.000000,0.000000,0.000000,0.000000,0.000000,0.000000,0.000000,0.000000,0.000000,0.000000,322,0.000000,0.000000,0.0,0.000000,0.000000
322_HYDRO_3-3,13,0.000000,0.000000,0.000000,1.000000,0.000000,0.000000,0.000000,0.000000,0.000000,0.000000,0.000000,0.000000,0.000000,322,0.000000,0.000000,0.0,0.000000,0.000000
301_CT_4-0,13,28.469999,0.000000,0.000000,1.000000,0.000000,0.000000,0.000000,0.000000,0.000000,28.469999,0.000000,0.000000,0.000000,301,0.000000,28.469999,-0.0,28.469999,22.000000
301_CT_4-1,13,28.469999,0.000000,0.000000,1.000000,0.000000,0.000000,0.000000,0.000000,0.000000,28.469999,0.000000,0.000000,0.000000,301,0.000000,28.469999,-0.0,28.469999,11.000000
301_CT_4-2,13,29.286315,0.000000,0.000000,1.000000,0.000000,0.000000,0.000000,0.816316,0.000000,28.469999,0.000000,0.000000,0.000000,301,0.000000,29.286315,-0.0,29.286315,11.000000
301_CT_4-3,13,43.742887,0.000000,0.000000,1.000000,0.000000,0.000000,0.000000,15.272887,0.000000,28.469999,0.000000,0.000000,0.000000,301,0.000000,43.742887,-0.0,43.742887,11.000000
316_STEAM_1-0,13,21.116646,0.000000,0.000000,1.000000,0.000000,0.000000,0.000000,0.000000,0.000000,21.116646,0.000000,0.000000,0.000000,316,0.000000,21.116646,-0.0,21.116646,62.000000
316_STEAM_1-1,13,21.116646,0.000000,0.000000,1.000000,0.000000,0.000000,0.000000,0.000000,0.000000,21.116646,0.000000,0.000000,0.000000,316,0.000000,21.116646,-0.0,21.116646,31.000000
316_STEAM_1-2,13,21.287879,0.000000,0.000000,1.000000,0.000000,0.000000,0.000000,0.171233,0.000000,21.116646,0.000000,0.000000,0.000000,316,0.000000,21.287879,-0.0,21.287879,31.000000
316_STEAM_1-3,13,27.274699,0.000000,0.000000,1.000000,0.000000,0.000000,0.000000,6.158053,0.000000,21.116646,0.000000,0.000000,0.000000,316,0.000000,27.274699,-0.0,27.274699,31.000000
302_CT_2-0,13,87.255791,0.000000,0.000000,1.000000,0.000000,0.000000,0.000000,0.000000,0.000000,87.255791,0.000000,0.000000,0.000000,302,0.000000,87.255791,-0.0,87.255791,8.000000
302_CT_2-1,13,87.255791,0.000000,0.000000,1.000000,0.000000,0.000000,0.000000,0.000000,0.000000,87.255791,0.000000,0.000000,0.000000,302,0.000000,87.255791,-0.0,87.255791,4.000000
302_CT_2-2,13,99.695770,0.000000,0.000000,1.000000,0.000000,0.000000,0.000000,12.439979,0.000000,87.255791,0.000000,0.000000,0.000000,302,0.000000,99.695770,-0.0,99.695770,4.000000
302_CT_2-3,13,105.367241,0.000000,0.000000,1.000000,0.000000,0.000000,0.000000,18.111450,0.000000,87.255791,0.000000,0.000000,0.000000,302,0.000000,105.367241,-0.0,105.367241,4.000000
323_CC_2-0,13,26.429209,0.000000,0.000000,1.000000,0.000000,0.000000,0.000000,0.000000,0.000000,26.429209,0.000000,0.000000,0.000000,323,0.000000,26.429209,-0.0,26.429209,170.000000
323_CC_2-1,13,26.429209,0.000000,0.000000,1.000000,0.000000,0.000000,0.000000,0.000000,0.000000,26.429209,0.000000,0.000000,0.000000,323,0.000000,26.429209,-0.0,26.429209,61.666667
323_CC_2-2,13,30.277557,0.000000,0.000000,1.000000,0.000000,0.000000,0.000000,3.848348,0.000000,26.429209,0.000000,0.000000,0.000000,323,0.000000,30.277557,-0.0,30.277557,61.666667
323_CC_2-3,13,31.727490,0.000000,0.000000,1.000000,0.000000,0.000000,0.000000,5.298281,0.000000,26.429209,0.000000,0.000000,0.000000,323,0.000000,31.727490,-0.0,31.727490,61.666667
315_STEAM_1-0,13,75.436777,0.000000,0.000000,1.000000,0.000000,0.000000,0.000000,0.000000,0.000000,75.436777,0.000000,0.000000,0.000000,315,0.000000,75.436777,-0.0,75.436777,5.000000
315_STEAM_1-1,13,75.436777,0.000000,0.000000,1.000000,0.000000,0.000000,0.000000,0.000000,0.000000,75.436777,0.000000,0.000000,0.000000,315,0.000000,75.436777,-0.0,75.436777,2.333333
315_STEAM_1-2,13,100.399529,0.000000,0.000000,1.000000,0.000000,0.000000,0.000000,24.962753,0.000000,75.436777,0.000000,0.000000,0.000000,315,0.000000,100.399529,-0.0,100.399529,2.333333
315_STEAM_1-3,13,124.099655,0.000000,0.000000,1.000000,0.000000,0.000000,0.000000,48.662879,0.000000,75.436777,0.000000,0.000000,0.000000,315,0.000000,124.099655,-0.0,124.099655,2.333333
313_CC_1-0,13,15.731579,0.000000,0.000000,1.000000,0.000000,0.000000,0.000000,0.000000,0.000000,15.731579,0.000000,0.000000,0.000000,313,0.000000,15.731579,-0.0,15.731579,170.000000
313_CC_1-1,13,15.731579,0.000000,0.000000,1.000000,0.000000,0.000000,0.000000,0.000000,0.000000,15.731579,0.000000,0.000000,0.000000,313,0.000000,15.731579,-0.0,15.731579,61.666667
313_CC_1-2,13,26.755735,0.000000,0.000000,1.000000,0.000000,0.000000,0.000000,11.024156,0.000000,15.731579,0.000000,0.000000,0.000000,313,0.000000,26.755735,-0.0,26.755735,61.666667
313_CC_1-3,13,33.752731,0.000000,0.000000,1.000000,0.000000,0.000000,0.000000,18.021152,0.000000,15.731579,0.000000,0.000000,0.000000,313,0.000000,33.752731,-0.0,33.752731,61.666667
323_CC_1-0,13,26.429209,0.000000,0.000000,1.000000,0.000000,0.000000,0.000000,0.000000,0.000000,26.429209,0.000000,0.000000,0.000000,323,0.000000,26.429209,-0.0,26.429209,170.000000
323_CC_1-1,13,26.429209,0.000000,0.000000,1.000000,0.000000,0.000000,0.000000,0.000000,0.000000,26.429209,0.000000,0.000000,0.000000,323,0.000000,26.429209,-0.0,26.429209,61.666667
323_CC_1-2,13,30.277557,0.000000,0.000000,1.000000,0.000000,0.000000,0.000000,3.848348,0.000000,26.429209,0.000000,0.000000,0.000000,323,0.000000,30.277557,-0.0,30.277557,61.666667
323_CC_1-3,13,31.727490,0.000000,0.000000,1.000000,0.000000,0.000000,0.000000,5.298281,0.000000,26.429209,0.000000,0.000000,0.000000,323,0.000000,31.727490,-0.0,31.727490,61.666667
301_CT_1-0,13,87.255791,0.000000,0.000000,1.000000,0.000000,0.000000,0.000000,0.000000,0.000000,87.255791,0.000000,0.000000,0.000000,301,0.000000,87.255791,-0.0,87.255791,8.000000
301_CT_1-1,13,87.255791,0.000000,0.000000,1.000000,0.000000,0.000000,0.000000,0.000000,0.000000,87.255791,0.000000,0.000000,0.000000,301,0.000000,87.255791,-0.0,87.255791,4.000000
301_CT_1-2,13,99.695770,0.000000,0.000000,1.000000,0.000000,0.000000,0.000000,12.439979,0.000000,87.255791,0.000000,0.000000,0.000000,301,0.000000,99.695770,-0.0,99.695770,4.000000
301_CT_1-3,13,105.367241,0.000000,0.000000,1.000000,0.000000,0.000000,0.000000,18.111450,0.000000,87.255791,0.000000,0.000000,0.000000,301,0.000000,105.367241,-0.0,105.367241,4.000000
307_CT_1-0,13,27.894691,0.000000,0.000000,1.000000,0.000000,0.000000,0.000000,0.000000,0.000000,27.894691,0.000000,0.000000,0.000000,307,0.000000,27.894691,-0.0,27.894691,22.000000
307_CT_1-1,13,27.894691,0.000000,0.000000,1.000000,0.000000,0.000000,0.000000,0.000000,0.000000,27.894691,0.000000,0.000000,0.000000,307,0.000000,27.894691,-0.0,27.894691,11.000000
307_CT_1-2,13,29.220233,0.000000,0.000000,1.000000,0.000000,0.000000,0.000000,1.325542,0.000000,27.894691,0.000000,0.000000,0.000000,307,0.000000,29.220233,-0.0,29.220233,11.000000
307_CT_1-3,13,35.474770,0.000000,0.000000,1.000000,0.000000,0.000000,0.000000,7.580079,0.000000,27.894691,0.000000,0.000000,0.000000,307,0.000000,35.474770,-0.0,35.474770,11.000000
315_STEAM_4-0,13,75.436777,0.000000,0.000000,1.000000,0.000000,0.000000,0.000000,0.000000,0.000000,75.436777,0.000000,0.000000,0.000000,315,0.000000,75.436777,-0.0,75.436777,5.000000
315_STEAM_4-1,13,75.436777,0.000000,0.000000,1.000000,0.000000,0.000000,0.000000,0.000000,0.000000,75.436777,0.000000,0.000000,0.000000,315,0.000000,75.436777,-0.0,75.436777,2.333333
315_STEAM_4-2,13,100.399529,0.000000,0.000000,1.000000,0.000000,0.000000,0.000000,24.962753,0.000000,75.436777,0.000000,0.000000,0.000000,315,0.000000,100.399529,-0.0,100.399529,2.333333
315_STEAM_4-3,13,124.099655,0.000000,0.000000,1.000000,0.000000,0.000000,0.000000,48.662879,0.000000,75.436777,0.000000,0.000000,0.000000,315,0.000000,124.099655,-0.0,124.099655,2.333333
315_CT_8-0,13,26.401998,0.000000,0.000000,1.000000,0.000000,0.000000,0.000000,0.000000,0.000000,26.401998,0.000000,0.000000,0.000000,315,0.000000,26.401998,-0.0,26.401998,22.000000
315_CT_8-1,13,26.401998,0.000000,0.000000,1.000000,0.000000,0.000000,0.000000,0.000000,0.000000,26.401998,0.000000,0.000000,0.000000,315,0.000000,26.401998,-0.0,26.401998,11.000000
315_CT_8-2,13,26.895675,0.000000,0.000000,1.000000,0.000000,0.000000,0.000000,0.493677,0.000000,26.401998,0.000000,0.000000,0.000000,315,0.000000,26.895675,-0.0,26.895675,11.000000
315_CT_8-3,13,31.855768,0.000000,0.000000,1.000000,0.000000,0.000000,0.000000,5.453770,0.000000,26.401998,0.000000,0.000000,0.000000,315,0.000000,31.855768,-0.0,31.855768,11.000000
322_CT_6-0,13,23.334982,0.000000,0.000000,1.000000,0.000000,0.000000,0.000000,0.000000,0.000000,23.334982,0.000000,0.000000,0.000000,322,0.000000,23.334982,-0.0,23.334982,22.000000
322_CT_6-1,13,23.334982,0.000000,0.000000,1.000000,0.000000,0.000000,0.000000,0.000000,0.000000,23.334982,0.000000,0.000000,0.000000,322,0.000000,23.334982,-0.0,23.334982,11.000000
322_CT_6-2,13,26.499179,0.000000,0.000000,1.000000,0.000000,0.000000,0.000000,3.164197,0.000000,23.334982,0.000000,0.000000,0.000000,322,0.000000,26.499179,-0.0,26.499179,11.000000
322_CT_6-3,13,27.894691,0.000000,0.000000,1.000000,0.000000,0.000000,0.000000,4.559709,0.000000,23.334982,0.000000,0.000000,0.000000,322,0.000000,27.894691,-0.0,27.894691,11.000000
321_CC_1-0,13,22.732463,0.000000,0.000000,1.000000,0.000000,0.000000,0.000000,0.000000,0.000000,22.732463,0.000000,0.000000,0.000000,321,0.000000,22.732463,-0.0,22.732463,170.000000
321_CC_1-1,13,22.732463,0.000000,0.000000,1.000000,0.000000,0.000000,0.000000,0.000000,0.000000,22.732463,0.000000,0.000000,0.000000,321,0.000000,22.732463,-0.0,22.732463,61.666667
321_CC_1-2,13,25.908321,0.000000,0.000000,1.000000,0.000000,0.000000,0.000000,3.175859,0.000000,22.732463,0.000000,0.000000,0.000000,321,0.000000,25.908321,-0.0,25.908321,61.666667
321_CC_1-3,13,33.947092,0.000000,0.000000,1.000000,0.000000,0.000000,0.000000,11.214630,0.000000,22.732463,0.000000,0.000000,0.000000,321,0.000000,33.947092,-0.0,33.947092,61.666667
318_CC_1-0,13,26.845141,0.000000,0.000000,1.000000,0.000000,0.000000,0.000000,0.000000,0.000000,26.845141,0.000000,0.000000,0.000000,318,0.000000,26.845141,-0.0,26.845141,170.000000
318_CC_1-1,13,26.845141,0.000000,0.000000,1.000000,0.000000,0.000000,0.000000,0.000000,0.000000,26.845141,0.000000,0.000000,0.000000,318,0.000000,26.845141,-0.0,26.845141,61.666667
318_CC_1-2,13,27.276623,0.000000,0.000000,1.000000,0.000000,0.000000,0.000000,0.431481,0.000000,26.845141,0.000000,0.000000,0.000000,318,0.000000,27.276623,-0.0,27.276623,61.666667
318_CC_1-3,13,31.529241,0.000000,0.000000,1.000000,0.000000,0.000000,0.000000,4.684100,0.000000,26.845141,0.000000,0.000000,0.000000,318,0.000000,31.529241,-0.0,31.529241,61.666667
301_CT_2-0,13,87.255791,0.000000,0.000000,1.000000,0.000000,0.000000,0.000000,0.000000,0.000000,87.255791,0.000000,0.000000,0.000000,301,0.000000,87.255791,-0.0,87.255791,8.000000
301_CT_2-1,13,87.255791,0.000000,0.000000,1.000000,0.000000,0.000000,0.000000,0.000000,0.000000,87.255791,0.000000,0.000000,0.000000,301,0.000000,87.255791,-0.0,87.255791,4.000000
301_CT_2-2,13,99.695770,0.000000,0.000000,1.000000,0.000000,0.000000,0.000000,12.439979,0.000000,87.255791,0.000000,0.000000,0.000000,301,0.000000,99.695770,-0.0,99.695770,4.000000
301_CT_2-3,13,105.367241,0.000000,0.000000,1.000000,0.000000,0.000000,0.000000,18.111450,0.000000,87.255791,0.000000,0.000000,0.000000,301,0.000000,105.367241,-0.0,105.367241,4.000000
315_CT_7-0,13,26.401998,0.000000,0.000000,1.000000,0.000000,0.000000,0.000000,0.000000,0.000000,26.401998,0.000000,0.000000,0.000000,315,0.000000,26.401998,-0.0,26.401998,22.000000
315_CT_7-1,13,26.401998,0.000000,0.000000,1.000000,0.000000,0.000000,0.000000,0.000000,0.000000,26.401998,0.000000,0.000000,0.000000,315,0.000000,26.401998,-0.0,26.401998,11.000000
315_CT_7-2,13,26.895675,0.000000,0.000000,1.000000,0.000000,0.000000,0.000000,0.493677,0.000000,26.401998,0.000000,0.000000,0.000000,315,0.000000,26.895675,-0.0,26.895675,11.000000
315_CT_7-3,13,31.855768,0.000000,0.000000,1.000000,0.000000,0.000000,0.000000,5.453770,0.000000,26.401998,0.000000,0.000000,0.000000,315,0.000000,31.855768,-0.0,31.855768,11.000000
322_HYDRO_2-0,13,0.000000,7.233333,0.000000,1.000000,0.000000,0.000000,0.000000,0.000000,0.000000,0.000000,0.000000,0.000000,0.000000,322,0.000000,0.000000,0.0,0.000000,7.233333
322_HYDRO_2-1,13,0.000000,0.000000,0.000000,1.000000,0.000000,0.000000,0.000000,0.000000,0.000000,0.000000,0.000000,0.000000,0.000000,322,0.000000,0.000000,0.0,0.000000,0.000000
322_HYDRO_2-2,13,0.000000,0.000000,0.000000,1.000000,0.000000,0.000000,0.000000,0.000000,0.000000,0.000000,0.000000,0.000000,0.000000,322,0.000000,0.000000,0.0,0.000000,0.000000
322_HYDRO_2-3,13,0.000000,0.000000,0.000000,1.000000,0.000000,0.000000,0.000000,0.000000,0.000000,0.000000,0.000000,0.000000,0.000000,322,0.000000,0.000000,0.0,0.000000,0.000000
301_CT_3-0,13,28.469999,0.000000,0.000000,1.000000,0.000000,0.000000,0.000000,0.000000,0.000000,28.469999,0.000000,0.000000,0.000000,301,0.000000,28.469999,-0.0,28.469999,22.000000
301_CT_3-1,13,28.469999,0.000000,0.000000,1.000000,0.000000,0.000000,0.000000,0.000000,0.000000,28.469999,0.000000,0.000000,0.000000,301,0.000000,28.469999,-0.0,28.469999,11.000000
301_CT_3-2,13,29.286315,0.000000,0.000000,1.000000,0.000000,0.000000,0.000000,0.816316,0.000000,28.469999,0.000000,0.000000,0.000000,301,0.000000,29.286315,-0.0,29.286315,11.000000
301_CT_3-3,13,43.742887,0.000000,0.000000,1.000000,0.000000,0.000000,0.000000,15.272887,0.000000,28.469999,0.000000,0.000000,0.000000,301,0.000000,43.742887,-0.0,43.742887,11.000000
302_CT_3-0,13,33.791603,0.000000,0.000000,1.000000,0.000000,0.000000,0.000000,0.000000,0.000000,33.791603,0.000000,0.000000,0.000000,302,0.000000,33.791603,-0.0,33.791603,22.000000
302_CT_3-1,13,33.791603,0.000000,0.000000,1.000000,0.000000,0.000000,0.000000,0.000000,0.000000,33.791603,0.000000,0.000000,0.000000,302,0.000000,33.791603,-0.0,33.791603,11.000000
302_CT_3-2,13,38.382410,0.000000,0.000000,1.000000,0.000000,0.000000,0.000000,4.590807,0.000000,33.791603,0.000000,0.000000,0.000000,302,0.000000,38.382410,-0.0,38.382410,11.000000
302_CT_3-3,13,38.635080,0.000000,0.000000,1.000000,0.000000,0.000000,0.000000,4.843476,0.000000,33.791603,0.000000,0.000000,0.000000,302,0.000000,38.635080,-0.0,38.635080,11.000000
315_STEAM_2-0,13,75.436777,0.000000,0.000000,1.000000,0.000000,0.000000,0.000000,0.000000,0.000000,75.436777,0.000000,0.000000,0.000000,315,0.000000,75.436777,-0.0,75.436777,5.000000
315_STEAM_2-1,13,75.436777,0.000000,0.000000,1.000000,0.000000,0.000000,0.000000,0.000000,0.000000,75.436777,0.000000,0.000000,0.000000,315,0.000000,75.436777,-0.0,75.436777,2.333333
315_STEAM_2-2,13,100.399529,0.000000,0.000000,1.000000,0.000000,0.000000,0.000000,24.962753,0.000000,75.436777,0.000000,0.000000,0.000000,315,0.000000,100.399529,-0.0,100.399529,2.333333
315_STEAM_2-3,13,124.099655,0.000000,0.000000,1.000000,0.000000,0.000000,0.000000,48.662879,0.000000,75.436777,0.000000,0.000000,0.000000,315,0.000000,124.099655,-0.0,124.099655,2.333333
302_CT_4-0,13,33.791603,0.000000,0.000000,1.000000,0.000000,0.000000,0.000000,0.000000,0.000000,33.791603,0.000000,0.000000,0.000000,302,0.000000,33.791603,-0.0,33.791603,22.000000
302_CT_4-1,13,33.791603,0.000000,0.000000,1.000000,0.000000,0.000000,0.000000,0.000000,0.000000,33.791603,0.000000,0.000000,0.000000,302,0.000000,33.791603,-0.0,33.791603,11.000000
302_CT_4-2,13,38.382410,0.000000,0.000000,1.000000,0.000000,0.000000,0.000000,4.590807,0.000000,33.791603,0.000000,0.000000,0.000000,302,0.000000,38.382410,-0.0,38.382410,11.000000
302_CT_4-3,13,38.635080,0.000000,0.000000,1.000000,0.000000,0.000000,0.000000,4.843476,0.000000,33.791603,0.000000,0.000000,0.000000,302,0.000000,38.635080,-0.0,38.635080,11.000000
315_STEAM_5-0,13,75.436777,0.000000,0.000000,1.000000,0.000000,0.000000,0.000000,0.000000,0.000000,75.436777,0.000000,0.000000,0.000000,315,0.000000,75.436777,-0.0,75.436777,5.000000
315_STEAM_5-1,13,75.436777,0.000000,0.000000,1.000000,0.000000,0.000000,0.000000,0.000000,0.000000,75.436777,0.000000,0.000000,0.000000,315,0.000000,75.436777,-0.0,75.436777,2.333333
315_STEAM_5-2,13,100.399529,0.000000,0.000000,1.000000,0.000000,0.000000,0.000000,24.962753,0.000000,75.436777,0.000000,0.000000,0.000000,315,0.000000,100.399529,-0.0,100.399529,2.333333
315_STEAM_5-3,13,124.099655,0.000000,0.000000,1.000000,0.000000,0.000000,0.000000,48.662879,0.000000,75.436777,0.000000,0.000000,0.000000,315,0.000000,124.099655,-0.0,124.099655,2.333333
315_STEAM_3-0,13,75.436777,0.000000,0.000000,1.000000,0.000000,0.000000,0.000000,0.000000,0.000000,75.436777,0.000000,0.000000,0.000000,315,0.000000,75.436777,-0.0,75.436777,5.000000
315_STEAM_3-1,13,75.436777,0.000000,0.000000,1.000000,0.000000,0.000000,0.000000,0.000000,0.000000,75.436777,0.000000,0.000000,0.000000,315,0.000000,75.436777,-0.0,75.436777,2.333333
315_STEAM_3-2,13,100.399529,0.000000,0.000000,1.000000,0.000000,0.000000,0.000000,24.962753,0.000000,75.436777,0.000000,0.000000,0.000000,315,0.000000,100.399529,-0.0,100.399529,2.333333
315_STEAM_3-3,13,124.099655,0.000000,0.000000,1.000000,0.000000,0.000000,0.000000,48.662879,0.000000,75.436777,0.000000,0.000000,0.000000,315,0.000000,124.099655,-0.0,124.099655,2.333333
302_CT_1-0,13,87.255791,0.000000,0.000000,1.000000,0.000000,0.000000,0.000000,0.000000,0.000000,87.255791,0.000000,0.000000,0.000000,302,0.000000,87.255791,-0.0,87.255791,8.000000
302_CT_1-1,13,87.255791,0.000000,0.000000,1.000000,0.000000,0.000000,0.000000,0.000000,0.000000,87.255791,0.000000,0.000000,0.000000,302,0.000000,87.255791,-0.0,87.255791,4.000000
302_CT_1-2,13,99.695770,0.000000,0.000000,1.000000,0.000000,0.000000,0.000000,12.439979,0.000000,87.255791,0.000000,0.000000,0.000000,302,0.000000,99.695770,-0.0,99.695770,4.000000
302_CT_1-3,13,105.367241,0.000000,0.000000,1.000000,0.000000,0.000000,0.000000,18.111450,0.000000,87.255791,0.000000,0.000000,0.000000,302,0.000000,105.367241,-0.0,105.367241,4.000000
322_CT_5-0,13,23.334982,0.000000,0.000000,1.000000,0.000000,0.000000,0.000000,0.000000,0.000000,23.334982,0.000000,0.000000,0.000000,322,0.000000,23.334982,-0.0,23.334982,22.000000
322_CT_5-1,13,23.334982,0.000000,0.000000,1.000000,0.000000,0.000000,0.000000,0.000000,0.000000,23.334982,0.000000,0.000000,0.000000,322,0.000000,23.334982,-0.0,23.334982,11.000000
322_CT_5-2,13,26.499179,0.000000,0.000000,1.000000,0.000000,0.000000,0.000000,3.164197,0.000000,23.334982,0.000000,0.000000,0.000000,322,0.000000,26.499179,-0.0,26.499179,11.000000
322_CT_5-3,13,27.894691,0.000000,0.000000,1.000000,0.000000,0.000000,0.000000,4.559709,0.000000,23.334982,0.000000,0.000000,0.000000,322,0.000000,27.894691,-0.0,27.894691,11.000000
307_CT_2-0,13,27.894691,0.000000,0.000000,1.000000,0.000000,0.000000,0.000000,0.000000,0.000000,27.894691,0.000000,0.000000,0.000000,307,0.000000,27.894691,-0.0,27.894691,22.000000
307_CT_2-1,13,27.894691,0.000000,0.000000,1.000000,0.000000,0.000000,0.000000,0.000000,0.000000,27.894691,0.000000,0.000000,0.000000,307,0.000000,27.894691,-0.0,27.894691,11.000000
307_CT_2-2,13,29.220233,0.000000,0.000000,1.000000,0.000000,0.000000,0.000000,1.325542,0.000000,27.894691,0.000000,0.000000,0.000000,307,0.000000,29.220233,-0.0,29.220233,11.000000
307_CT_2-3,13,35.474770,0.000000,0.000000,1.000000,0.000000,0.000000,0.000000,7.580079,0.000000,27.894691,0.000000,0.000000,0.000000,307,0.000000,35.474770,-0.0,35.474770,11.000000
322_HYDRO_1-0,14,0.000000,13.883333,0.000000,1.000000,0.000000,0.000000,0.000000,0.000000,0.000000,0.000000,0.000000,0.000000,0.000000,322,0.000000,0.000000,0.0,0.000000,13.883333
322_HYDRO_1-1,14,0.000000,0.000000,0.000000,1.000000,0.000000,0.000000,0.000000,0.000000,0.000000,0.000000,0.000000,0.000000,0.000000,322,0.000000,0.000000,0.0,0.000000,0.000000
322_HYDRO_1-2,14,0.000000,0.000000,0.000000,1.000000,0.000000,0.000000,0.000000,0.000000,0.000000,0.000000,0.000000,0.000000,0.000000,322,0.000000,0.000000,0.0,0.000000,0.000000
322_HYDRO_1-3,14,0.000000,0.000000,0.000000,1.000000,0.000000,0.000000,0.000000,0.000000,0.000000,0.000000,0.000000,0.000000,0.000000,322,0.000000,0.000000,0.0,0.000000,0.000000
322_HYDRO_4-0,14,0.000000,13.883333,0.000000,1.000000,0.000000,0.000000,0.000000,0.000000,0.000000,0.000000,0.000000,0.000000,0.000000,322,0.000000,0.000000,0.0,0.000000,13.883333
322_HYDRO_4-1,14,0.000000,0.000000,0.000000,1.000000,0.000000,0.000000,0.000000,0.000000,0.000000,0.000000,0.000000,0.000000,0.000000,322,0.000000,0.000000,0.0,0.000000,0.000000
322_HYDRO_4-2,14,0.000000,0.000000,0.000000,1.000000,0.000000,0.000000,0.000000,0.000000,0.000000,0.000000,0.000000,0.000000,0.000000,322,0.000000,0.000000,0.0,0.000000,0.000000
322_HYDRO_4-3,14,0.000000,0.000000,0.000000,1.000000,0.000000,0.000000,0.000000,0.000000,0.000000,0.000000,0.000000,0.000000,0.000000,322,0.000000,0.000000,0.0,0.000000,0.000000
315_CT_6-0,14,26.401998,0.000000,0.000000,1.000000,0.000000,0.000000,0.000000,0.000000,0.000000,26.401998,0.000000,0.000000,0.000000,315,0.000000,26.401998,-0.0,26.401998,22.000000
315_CT_6-1,14,26.401998,0.000000,0.000000,1.000000,0.000000,0.000000,0.000000,0.000000,0.000000,26.401998,0.000000,0.000000,0.000000,315,0.000000,26.401998,-0.0,26.401998,11.000000
315_CT_6-2,14,26.895675,0.000000,0.000000,1.000000,0.000000,0.000000,0.000000,0.493677,0.000000,26.401998,0.000000,0.000000,0.000000,315,0.000000,26.895675,-0.0,26.895675,11.000000
315_CT_6-3,14,31.855768,0.000000,0.000000,1.000000,0.000000,0.000000,0.000000,5.453770,0.000000,26.401998,0.000000,0.000000,0.000000,315,0.000000,31.855768,-0.0,31.855768,11.000000
322_HYDRO_3-0,14,0.000000,0.000000,0.000000,1.000000,0.000000,0.000000,0.000000,0.000000,0.000000,0.000000,0.000000,0.000000,0.000000,322,0.000000,0.000000,0.0,0.000000,13.883333
322_HYDRO_3-1,14,0.000000,0.000000,0.000000,1.000000,0.000000,0.000000,0.000000,0.000000,0.000000,0.000000,0.000000,0.000000,0.000000,322,0.000000,0.000000,0.0,0.000000,0.000000
322_HYDRO_3-2,14,0.000000,0.000000,0.000000,1.000000,0.000000,0.000000,0.000000,0.000000,0.000000,0.000000,0.000000,0.000000,0.000000,322,0.000000,0.000000,0.0,0.000000,0.000000
322_HYDRO_3-3,14,0.000000,0.000000,0.000000,1.000000,0.000000,0.000000,0.000000,0.000000,0.000000,0.000000,0.000000,0.000000,0.000000,322,0.000000,0.000000,0.0,0.000000,0.000000
301_CT_4-0,14,28.469999,0.000000,0.000000,1.000000,0.000000,0.000000,0.000000,0.000000,0.000000,28.469999,0.000000,0.000000,0.000000,301,0.000000,28.469999,-0.0,28.469999,22.000000
301_CT_4-1,14,28.469999,0.000000,0.000000,1.000000,0.000000,0.000000,0.000000,0.000000,0.000000,28.469999,0.000000,0.000000,0.000000,301,0.000000,28.469999,-0.0,28.469999,11.000000
301_CT_4-2,14,29.286315,0.000000,0.000000,1.000000,0.000000,0.000000,0.000000,0.816316,0.000000,28.469999,0.000000,0.000000,0.000000,301,0.000000,29.286315,-0.0,29.286315,11.000000
301_CT_4-3,14,43.742887,0.000000,0.000000,1.000000,0.000000,0.000000,0.000000,15.272887,0.000000,28.469999,0.000000,0.000000,0.000000,301,0.000000,43.742887,-0.0,43.742887,11.000000
316_STEAM_1-0,14,21.116646,0.000000,0.000000,1.000000,0.000000,0.000000,0.000000,0.000000,0.000000,21.116646,0.000000,0.000000,0.000000,316,0.000000,21.116646,-0.0,21.116646,62.000000
316_STEAM_1-1,14,21.116646,0.000000,0.000000,1.000000,0.000000,0.000000,0.000000,0.000000,0.000000,21.116646,0.000000,0.000000,0.000000,316,0.000000,21.116646,-0.0,21.116646,31.000000
316_STEAM_1-2,14,21.287879,0.000000,0.000000,1.000000,0.000000,0.000000,0.000000,0.171233,0.000000,21.116646,0.000000,0.000000,0.000000,316,0.000000,21.287879,-0.0,21.287879,31.000000
316_STEAM_1-3,14,27.274699,0.000000,0.000000,1.000000,0.000000,0.000000,0.000000,6.158053,0.000000,21.116646,0.000000,0.000000,0.000000,316,0.000000,27.274699,-0.0,27.274699,31.000000
302_CT_2-0,14,87.255791,0.000000,0.000000,1.000000,0.000000,0.000000,0.000000,0.000000,0.000000,87.255791,0.000000,0.000000,0.000000,302,0.000000,87.255791,-0.0,87.255791,8.000000
302_CT_2-1,14,87.255791,0.000000,0.000000,1.000000,0.000000,0.000000,0.000000,0.000000,0.000000,87.255791,0.000000,0.000000,0.000000,302,0.000000,87.255791,-0.0,87.255791,4.000000
302_CT_2-2,14,99.695770,0.000000,0.000000,1.000000,0.000000,0.000000,0.000000,12.439979,0.000000,87.255791,0.000000,0.000000,0.000000,302,0.000000,99.695770,-0.0,99.695770,4.000000
302_CT_2-3,14,105.367241,0.000000,0.000000,1.000000,0.000000,0.000000,0.000000,18.111450,0.000000,87.255791,0.000000,0.000000,0.000000,302,0.000000,105.367241,-0.0,105.367241,4.000000
323_CC_2-0,14,26.429209,0.000000,0.000000,1.000000,0.000000,0.000000,0.000000,0.000000,0.000000,26.429209,0.000000,0.000000,0.000000,323,0.000000,26.429209,-0.0,26.429209,170.000000
323_CC_2-1,14,26.429209,0.000000,0.000000,1.000000,0.000000,0.000000,0.000000,0.000000,0.000000,26.429209,0.000000,0.000000,0.000000,323,0.000000,26.429209,-0.0,26.429209,61.666667
323_CC_2-2,14,30.277557,0.000000,0.000000,1.000000,0.000000,0.000000,0.000000,3.848348,0.000000,26.429209,0.000000,0.000000,0.000000,323,0.000000,30.277557,-0.0,30.277557,61.666667
323_CC_2-3,14,31.727490,0.000000,0.000000,1.000000,0.000000,0.000000,0.000000,5.298281,0.000000,26.429209,0.000000,0.000000,0.000000,323,0.000000,31.727490,-0.0,31.727490,61.666667
315_STEAM_1-0,14,75.436777,0.000000,0.000000,1.000000,0.000000,0.000000,0.000000,0.000000,0.000000,75.436777,0.000000,0.000000,0.000000,315,0.000000,75.436777,-0.0,75.436777,5.000000
315_STEAM_1-1,14,75.436777,0.000000,0.000000,1.000000,0.000000,0.000000,0.000000,0.000000,0.000000,75.436777,0.000000,0.000000,0.000000,315,0.000000,75.436777,-0.0,75.436777,2.333333
315_STEAM_1-2,14,100.399529,0.000000,0.000000,1.000000,0.000000,0.000000,0.000000,24.962753,0.000000,75.436777,0.000000,0.000000,0.000000,315,0.000000,100.399529,-0.0,100.399529,2.333333
315_STEAM_1-3,14,124.099655,0.000000,0.000000,1.000000,0.000000,0.000000,0.000000,48.662879,0.000000,75.436777,0.000000,0.000000,0.000000,315,0.000000,124.099655,-0.0,124.099655,2.333333
313_CC_1-0,14,15.731579,0.000000,0.000000,1.000000,0.000000,0.000000,0.000000,0.000000,0.000000,15.731579,0.000000,0.000000,0.000000,313,0.000000,15.731579,-0.0,15.731579,170.000000
313_CC_1-1,14,15.731579,0.000000,0.000000,1.000000,0.000000,0.000000,0.000000,0.000000,0.000000,15.731579,0.000000,0.000000,0.000000,313,0.000000,15.731579,-0.0,15.731579,61.666667
313_CC_1-2,14,26.755735,0.000000,0.000000,1.000000,0.000000,0.000000,0.000000,11.024156,0.000000,15.731579,0.000000,0.000000,0.000000,313,0.000000,26.755735,-0.0,26.755735,61.666667
313_CC_1-3,14,33.752731,0.000000,0.000000,1.000000,0.000000,0.000000,0.000000,18.021152,0.000000,15.731579,0.000000,0.000000,0.000000,313,0.000000,33.752731,-0.0,33.752731,61.666667
323_CC_1-0,14,26.429209,0.000000,0.000000,1.000000,0.000000,0.000000,0.000000,0.000000,0.000000,26.429209,0.000000,0.000000,0.000000,323,0.000000,26.429209,-0.0,26.429209,170.000000
323_CC_1-1,14,26.429209,0.000000,0.000000,1.000000,0.000000,0.000000,0.000000,0.000000,0.000000,26.429209,0.000000,0.000000,0.000000,323,0.000000,26.429209,-0.0,26.429209,61.666667
323_CC_1-2,14,30.277557,0.000000,0.000000,1.000000,0.000000,0.000000,0.000000,3.848348,0.000000,26.429209,0.000000,0.000000,0.000000,323,0.000000,30.277557,-0.0,30.277557,61.666667
323_CC_1-3,14,31.727490,0.000000,0.000000,1.000000,0.000000,0.000000,0.000000,5.298281,0.000000,26.429209,0.000000,0.000000,0.000000,323,0.000000,31.727490,-0.0,31.727490,61.666667
301_CT_1-0,14,87.255791,0.000000,0.000000,1.000000,0.000000,0.000000,0.000000,0.000000,0.000000,87.255791,0.000000,0.000000,0.000000,301,0.000000,87.255791,-0.0,87.255791,8.000000
301_CT_1-1,14,87.255791,0.000000,0.000000,1.000000,0.000000,0.000000,0.000000,0.000000,0.000000,87.255791,0.000000,0.000000,0.000000,301,0.000000,87.255791,-0.0,87.255791,4.000000
301_CT_1-2,14,99.695770,0.000000,0.000000,1.000000,0.000000,0.000000,0.000000,12.439979,0.000000,87.255791,0.000000,0.000000,0.000000,301,0.000000,99.695770,-0.0,99.695770,4.000000
301_CT_1-3,14,105.367241,0.000000,0.000000,1.000000,0.000000,0.000000,0.000000,18.111450,0.000000,87.255791,0.000000,0.000000,0.000000,301,0.000000,105.367241,-0.0,105.367241,4.000000
307_CT_1-0,14,27.894691,0.000000,0.000000,1.000000,0.000000,0.000000,0.000000,0.000000,0.000000,27.894691,0.000000,0.000000,0.000000,307,0.000000,27.894691,-0.0,27.894691,22.000000
307_CT_1-1,14,27.894691,0.000000,0.000000,1.000000,0.000000,0.000000,0.000000,0.000000,0.000000,27.894691,0.000000,0.000000,0.000000,307,0.000000,27.894691,-0.0,27.894691,11.000000
307_CT_1-2,14,29.220233,0.000000,0.000000,1.000000,0.000000,0.000000,0.000000,1.325542,0.000000,27.894691,0.000000,0.000000,0.000000,307,0.000000,29.220233,-0.0,29.220233,11.000000
307_CT_1-3,14,35.474770,0.000000,0.000000,1.000000,0.000000,0.000000,0.000000,7.580079,0.000000,27.894691,0.000000,0.000000,0.000000,307,0.000000,35.474770,-0.0,35.474770,11.000000
315_STEAM_4-0,14,75.436777,0.000000,0.000000,1.000000,0.000000,0.000000,0.000000,0.000000,0.000000,75.436777,0.000000,0.000000,0.000000,315,0.000000,75.436777,-0.0,75.436777,5.000000
315_STEAM_4-1,14,75.436777,0.000000,0.000000,1.000000,0.000000,0.000000,0.000000,0.000000,0.000000,75.436777,0.000000,0.000000,0.000000,315,0.000000,75.436777,-0.0,75.436777,2.333333
315_STEAM_4-2,14,100.399529,0.000000,0.000000,1.000000,0.000000,0.000000,0.000000,24.962753,0.000000,75.436777,0.000000,0.000000,0.000000,315,0.000000,100.399529,-0.0,100.399529,2.333333
315_STEAM_4-3,14,124.099655,0.000000,0.000000,1.000000,0.000000,0.000000,0.000000,48.662879,0.000000,75.436777,0.000000,0.000000,0.000000,315,0.000000,124.099655,-0.0,124.099655,2.333333
315_CT_8-0,14,26.401998,0.000000,0.000000,1.000000,0.000000,0.000000,0.000000,0.000000,0.000000,26.401998,0.000000,0.000000,0.000000,315,0.000000,26.401998,-0.0,26.401998,22.000000
315_CT_8-1,14,26.401998,0.000000,0.000000,1.000000,0.000000,0.000000,0.000000,0.000000,0.000000,26.401998,0.000000,0.000000,0.000000,315,0.000000,26.401998,-0.0,26.401998,11.000000
315_CT_8-2,14,26.895675,0.000000,0.000000,1.000000,0.000000,0.000000,0.000000,0.493677,0.000000,26.401998,0.000000,0.000000,0.000000,315,0.000000,26.895675,-0.0,26.895675,11.000000
315_CT_8-3,14,31.855768,0.000000,0.000000,1.000000,0.000000,0.000000,0.000000,5.453770,0.000000,26.401998,0.000000,0.000000,0.000000,315,0.000000,31.855768,-0.0,31.855768,11.000000
322_CT_6-0,14,23.334982,0.000000,0.000000,1.000000,0.000000,0.000000,0.000000,0.000000,0.000000,23.334982,0.000000,0.000000,0.000000,322,0.000000,23.334982,-0.0,23.334982,22.000000
322_CT_6-1,14,23.334982,0.000000,0.000000,1.000000,0.000000,0.000000,0.000000,0.000000,0.000000,23.334982,0.000000,0.000000,0.000000,322,0.000000,23.334982,-0.0,23.334982,11.000000
322_CT_6-2,14,26.499179,0.000000,0.000000,1.000000,0.000000,0.000000,0.000000,3.164197,0.000000,23.334982,0.000000,0.000000,0.000000,322,0.000000,26.499179,-0.0,26.499179,11.000000
322_CT_6-3,14,27.894691,0.000000,0.000000,1.000000,0.000000,0.000000,0.000000,4.559709,0.000000,23.334982,0.000000,0.000000,0.000000,322,0.000000,27.894691,-0.0,27.894691,11.000000
321_CC_1-0,14,22.732463,0.000000,0.000000,1.000000,0.000000,0.000000,0.000000,0.000000,0.000000,22.732463,0.000000,0.000000,0.000000,321,0.000000,22.732463,-0.0,22.732463,170.000000
321_CC_1-1,14,22.732463,0.000000,0.000000,1.000000,0.000000,0.000000,0.000000,0.000000,0.000000,22.732463,0.000000,0.000000,0.000000,321,0.000000,22.732463,-0.0,22.732463,61.666667
321_CC_1-2,14,25.908321,0.000000,0.000000,1.000000,0.000000,0.000000,0.000000,3.175859,0.000000,22.732463,0.000000,0.000000,0.000000,321,0.000000,25.908321,-0.0,25.908321,61.666667
321_CC_1-3,14,33.947092,0.000000,0.000000,1.000000,0.000000,0.000000,0.000000,11.214630,0.000000,22.732463,0.000000,0.000000,0.000000,321,0.000000,33.947092,-0.0,33.947092,61.666667
318_CC_1-0,14,26.845141,0.000000,0.000000,1.000000,0.000000,0.000000,0.000000,0.000000,0.000000,26.845141,0.000000,0.000000,0.000000,318,0.000000,26.845141,-0.0,26.845141,170.000000
318_CC_1-1,14,26.845141,0.000000,0.000000,1.000000,0.000000,0.000000,0.000000,0.000000,0.000000,26.845141,0.000000,0.000000,0.000000,318,0.000000,26.845141,-0.0,26.845141,61.666667
318_CC_1-2,14,27.276623,0.000000,0.000000,1.000000,0.000000,0.000000,0.000000,0.431481,0.000000,26.845141,0.000000,0.000000,0.000000,318,0.000000,27.276623,-0.0,27.276623,61.666667
318_CC_1-3,14,31.529241,0.000000,0.000000,1.000000,0.000000,0.000000,0.000000,4.684100,0.000000,26.845141,0.000000,0.000000,0.000000,318,0.000000,31.529241,-0.0,31.529241,61.666667
301_CT_2-0,14,87.255791,0.000000,0.000000,1.000000,0.000000,0.000000,0.000000,0.000000,0.000000,87.255791,0.000000,0.000000,0.000000,301,0.000000,87.255791,-0.0,87.255791,8.000000
301_CT_2-1,14,87.255791,0.000000,0.000000,1.000000,0.000000,0.000000,0.000000,0.000000,0.000000,87.255791,0.000000,0.000000,0.000000,301,0.000000,87.255791,-0.0,87.255791,4.000000
301_CT_2-2,14,99.695770,0.000000,0.000000,1.000000,0.000000,0.000000,0.000000,12.439979,0.000000,87.255791,0.000000,0.000000,0.000000,301,0.000000,99.695770,-0.0,99.695770,4.000000
301_CT_2-3,14,105.367241,0.000000,0.000000,1.000000,0.000000,0.000000,0.000000,18.111450,0.000000,87.255791,0.000000,0.000000,0.000000,301,0.000000,105.367241,-0.0,105.367241,4.000000
315_CT_7-0,14,26.401998,0.000000,0.000000,1.000000,0.000000,0.000000,0.000000,0.000000,0.000000,26.401998,0.000000,0.000000,0.000000,315,0.000000,26.401998,-0.0,26.401998,22.000000
315_CT_7-1,14,26.401998,0.000000,0.000000,1.000000,0.000000,0.000000,0.000000,0.000000,0.000000,26.401998,0.000000,0.000000,0.000000,315,0.000000,26.401998,-0.0,26.401998,11.000000
315_CT_7-2,14,26.895675,0.000000,0.000000,1.000000,0.000000,0.000000,0.000000,0.493677,0.000000,26.401998,0.000000,0.000000,0.000000,315,0.000000,26.895675,-0.0,26.895675,11.000000
315_CT_7-3,14,31.855768,0.000000,0.000000,1.000000,0.000000,0.000000,0.000000,5.453770,0.000000,26.401998,0.000000,0.000000,0.000000,315,0.000000,31.855768,-0.0,31.855768,11.000000
322_HYDRO_2-0,14,0.000000,13.883333,0.000000,1.000000,0.000000,0.000000,0.000000,0.000000,0.000000,0.000000,0.000000,0.000000,0.000000,322,0.000000,0.000000,0.0,0.000000,13.883333
322_HYDRO_2-1,14,0.000000,0.000000,0.000000,1.000000,0.000000,0.000000,0.000000,0.000000,0.000000,0.000000,0.000000,0.000000,0.000000,322,0.000000,0.000000,0.0,0.000000,0.000000
322_HYDRO_2-2,14,0.000000,0.000000,0.000000,1.000000,0.000000,0.000000,0.000000,0.000000,0.000000,0.000000,0.000000,0.000000,0.000000,322,0.000000,0.000000,0.0,0.000000,0.000000
322_HYDRO_2-3,14,0.000000,0.000000,0.000000,1.000000,0.000000,0.000000,0.000000,0.000000,0.000000,0.000000,0.000000,0.000000,0.000000,322,0.000000,0.000000,0.0,0.000000,0.000000
301_CT_3-0,14,28.469999,0.000000,0.000000,1.000000,0.000000,0.000000,0.000000,0.000000,0.000000,28.469999,0.000000,0.000000,0.000000,301,0.000000,28.469999,-0.0,28.469999,22.000000
301_CT_3-1,14,28.469999,0.000000,0.000000,1.000000,0.000000,0.000000,0.000000,0.000000,0.000000,28.469999,0.000000,0.000000,0.000000,301,0.000000,28.469999,-0.0,28.469999,11.000000
301_CT_3-2,14,29.286315,0.000000,0.000000,1.000000,0.000000,0.000000,0.000000,0.816316,0.000000,28.469999,0.000000,0.000000,0.000000,301,0.000000,29.286315,-0.0,29.286315,11.000000
301_CT_3-3,14,43.742887,0.000000,0.000000,1.000000,0.000000,0.000000,0.000000,15.272887,0.000000,28.469999,0.000000,0.000000,0.000000,301,0.000000,43.742887,-0.0,43.742887,11.000000
302_CT_3-0,14,33.791603,0.000000,0.000000,1.000000,0.000000,0.000000,0.000000,0.000000,0.000000,33.791603,0.000000,0.000000,0.000000,302,0.000000,33.791603,-0.0,33.791603,22.000000
302_CT_3-1,14,33.791603,0.000000,0.000000,1.000000,0.000000,0.000000,0.000000,0.000000,0.000000,33.791603,0.000000,0.000000,0.000000,302,0.000000,33.791603,-0.0,33.791603,11.000000
302_CT_3-2,14,38.382410,0.000000,0.000000,1.000000,0.000000,0.000000,0.000000,4.590807,0.000000,33.791603,0.000000,0.000000,0.000000,302,0.000000,38.382410,-0.0,38.382410,11.000000
302_CT_3-3,14,38.635080,0.000000,0.000000,1.000000,0.000000,0.000000,0.000000,4.843476,0.000000,33.791603,0.000000,0.000000,0.000000,302,0.000000,38.635080,-0.0,38.635080,11.000000
315_STEAM_2-0,14,75.436777,0.000000,0.000000,1.000000,0.000000,0.000000,0.000000,0.000000,0.000000,75.436777,0.000000,0.000000,0.000000,315,0.000000,75.436777,-0.0,75.436777,5.000000
315_STEAM_2-1,14,75.436777,0.000000,0.000000,1.000000,0.000000,0.000000,0.000000,0.000000,0.000000,75.436777,0.000000,0.000000,0.000000,315,0.000000,75.436777,-0.0,75.436777,2.333333
315_STEAM_2-2,14,100.399529,0.000000,0.000000,1.000000,0.000000,0.000000,0.000000,24.962753,0.000000,75.436777,0.000000,0.000000,0.000000,315,0.000000,100.399529,-0.0,100.399529,2.333333
315_STEAM_2-3,14,124.099655,0.000000,0.000000,1.000000,0.000000,0.000000,0.000000,48.662879,0.000000,75.436777,0.000000,0.000000,0.000000,315,0.000000,124.099655,-0.0,124.099655,2.333333
302_CT_4-0,14,33.791603,0.000000,0.000000,1.000000,0.000000,0.000000,0.000000,0.000000,0.000000,33.791603,0.000000,0.000000,0.000000,302,0.000000,33.791603,-0.0,33.791603,22.000000
302_CT_4-1,14,33.791603,0.000000,0.000000,1.000000,0.000000,0.000000,0.000000,0.000000,0.000000,33.791603,0.000000,0.000000,0.000000,302,0.000000,33.791603,-0.0,33.791603,11.000000
302_CT_4-2,14,38.382410,0.000000,0.000000,1.000000,0.000000,0.000000,0.000000,4.590807,0.000000,33.791603,0.000000,0.000000,0.000000,302,0.000000,38.382410,-0.0,38.382410,11.000000
302_CT_4-3,14,38.635080,0.000000,0.000000,1.000000,0.000000,0.000000,0.000000,4.843476,0.000000,33.791603,0.000000,0.000000,0.000000,302,0.000000,38.635080,-0.0,38.635080,11.000000
315_STEAM_5-0,14,75.436777,0.000000,0.000000,1.000000,0.000000,0.000000,0.000000,0.000000,0.000000,75.436777,0.000000,0.000000,0.000000,315,0.000000,75.436777,-0.0,75.436777,5.000000
315_STEAM_5-1,14,75.436777,0.000000,0.000000,1.000000,0.000000,0.000000,0.000000,0.000000,0.000000,75.436777,0.000000,0.000000,0.000000,315,0.000000,75.436777,-0.0,75.436777,2.333333
315_STEAM_5-2,14,100.399529,0.000000,0.000000,1.000000,0.000000,0.000000,0.000000,24.962753,0.000000,75.436777,0.000000,0.000000,0.000000,315,0.000000,100.399529,-0.0,100.399529,2.333333
315_STEAM_5-3,14,124.099655,0.000000,0.000000,1.000000,0.000000,0.000000,0.000000,48.662879,0.000000,75.436777,0.000000,0.000000,0.000000,315,0.000000,124.099655,-0.0,124.099655,2.333333
315_STEAM_3-0,14,75.436777,0.000000,0.000000,1.000000,0.000000,0.000000,0.000000,0.000000,0.000000,75.436777,0.000000,0.000000,0.000000,315,0.000000,75.436777,-0.0,75.436777,5.000000
315_STEAM_3-1,14,75.436777,0.000000,0.000000,1.000000,0.000000,0.000000,0.000000,0.000000,0.000000,75.436777,0.000000,0.000000,0.000000,315,0.000000,75.436777,-0.0,75.436777,2.333333
315_STEAM_3-2,14,100.399529,0.000000,0.000000,1.000000,0.000000,0.000000,0.000000,24.962753,0.000000,75.436777,0.000000,0.000000,0.000000,315,0.000000,100.399529,-0.0,100.399529,2.333333
315_STEAM_3-3,14,124.099655,0.000000,0.000000,1.000000,0.000000,0.000000,0.000000,48.662879,0.000000,75.436777,0.000000,0.000000,0.000000,315,0.000000,124.099655,-0.0,124.099655,2.333333
302_CT_1-0,14,87.255791,0.000000,0.000000,1.000000,0.000000,0.000000,0.000000,0.000000,0.000000,87.255791,0.000000,0.000000,0.000000,302,0.000000,87.255791,-0.0,87.255791,8.000000
302_CT_1-1,14,87.255791,0.000000,0.000000,1.000000,0.000000,0.000000,0.000000,0.000000,0.000000,87.255791,0.000000,0.000000,0.000000,302,0.000000,87.255791,-0.0,87.255791,4.000000
302_CT_1-2,14,99.695770,0.000000,0.000000,1.000000,0.000000,0.000000,0.000000,12.439979,0.000000,87.255791,0.000000,0.000000,0.000000,302,0.000000,99.695770,-0.0,99.695770,4.000000
302_CT_1-3,14,105.367241,0.000000,0.000000,1.000000,0.000000,0.000000,0.000000,18.111450,0.000000,87.255791,0.000000,0.000000,0.000000,302,0.000000,105.367241,-0.0,105.367241,4.000000
322_CT_5-0,14,23.334982,0.000000,0.000000,1.000000,0.000000,0.000000,0.000000,0.000000,0.000000,23.334982,0.000000,0.000000,0.000000,322,0.000000,23.334982,-0.0,23.334982,22.000000
322_CT_5-1,14,23.334982,0.000000,0.000000,1.000000,0.000000,0.000000,0.000000,0.000000,0.000000,23.334982,0.000000,0.000000,0.000000,322,0.000000,23.334982,-0.0,23.334982,11.000000
322_CT_5-2,14,26.499179,0.000000,0.000000,1.000000,0.000000,0.000000,0.000000,3.164197,0.000000,23.334982,0.000000,0.000000,0.000000,322,0.000000,26.499179,-0.0,26.499179,11.000000
322_CT_5-3,14,27.894691,0.000000,0.000000,1.000000,0.000000,0.000000,0.000000,4.559709,0.000000,23.334982,0.000000,0.000000,0.000000,322,0.000000,27.894691,-0.0,27.894691,11.000000
307_CT_2-0,14,27.894691,0.000000,0.000000,1.000000,0.000000,0.000000,0.000000,0.000000,0.000000,27.894691,0.000000,0.000000,0.000000,307,0.000000,27.894691,-0.0,27.894691,22.000000
307_CT_2-1,14,27.894691,0.000000,0.000000,1.000000,0.000000,0.000000,0.000000,0.000000,0.000000,27.894691,0.000000,0.000000,0.000000,307,0.000000,27.894691,-0.0,27.894691,11.000000
307_CT_2-2,14,29.220233,0.000000,0.000000,1.000000,0.000000,0.000000,0.000000,1.325542,0.000000,27.894691,0.000000,0.000000,0.000000,307,0.000000,29.220233,-0.0,29.220233,11.000000
307_CT_2-3,14,35.474770,0.000000,0.000000,1.000000,0.000000,0.000000,0.000000,7.580079,0.000000,27.894691,0.000000,0.000000,0.000000,307,0.000000,35.474770,-0.0,35.474770,11.000000
322_HYDRO_1-0,15,0.000000,14.704167,0.000000,1.000000,0.000000,0.000000,0.000000,0.000000,0.000000,0.000000,0.000000,0.000000,0.000000,322,0.000000,0.000000,0.0,0.000000,14.704167
322_HYDRO_1-1,15,0.000000,0.000000,0.000000,1.000000,0.000000,0.000000,0.000000,0.000000,0.000000,0.000000,0.000000,0.000000,0.000000,322,0.000000,0.000000,0.0,0.000000,0.000000
322_HYDRO_1-2,15,0.000000,0.000000,0.000000,1.000000,0.000000,0.000000,0.000000,0.000000,0.000000,0.000000,0.000000,0.000000,0.000000,322,0.000000,0.000000,0.0,0.000000,0.000000
322_HYDRO_1-3,15,0.000000,0.000000,0.000000,1.000000,0.000000,0.000000,0.000000,0.000000,0.000000,0.000000,0.000000,0.000000,0.000000,322,0.000000,0.000000,0.0,0.000000,0.000000
322_HYDRO_4-0,15,0.000000,14.704167,0.000000,1.000000,0.000000,0.000000,0.000000,0.000000,0.000000,0.000000,0.000000,0.000000,0.000000,322,0.000000,0.000000,0.0,0.000000,14.704167
322_HYDRO_4-1,15,0.000000,0.000000,0.000000,1.000000,0.000000,0.000000,0.000000,0.000000,0.000000,0.000000,0.000000,0.000000,0.000000,322,0.000000,0.000000,0.0,0.000000,0.000000
322_HYDRO_4-2,15,0.000000,0.000000,0.000000,1.000000,0.000000,0.000000,0.000000,0.000000,0.000000,0.000000,0.000000,0.000000,0.000000,322,0.000000,0.000000,0.0,0.000000,0.000000
322_HYDRO_4-3,15,0.000000,0.000000,0.000000,1.000000,0.000000,0.000000,0.000000,0.000000,0.000000,0.000000,0.000000,0.000000,0.000000,322,0.000000,0.000000,0.0,0.000000,0.000000
315_CT_6-0,15,26.401998,0.000000,0.000000,1.000000,0.000000,0.000000,0.000000,0.000000,0.000000,26.401998,0.000000,0.000000,0.000000,315,0.000000,26.401998,-0.0,26.401998,22.000000
315_CT_6-1,15,26.401998,0.000000,0.000000,1.000000,0.000000,0.000000,0.000000,0.000000,0.000000,26.401998,0.000000,0.000000,0.000000,315,0.000000,26.401998,-0.0,26.401998,11.000000
315_CT_6-2,15,26.895675,0.000000,0.000000,1.000000,0.000000,0.000000,0.000000,0.493677,0.000000,26.401998,0.000000,0.000000,0.000000,315,0.000000,26.895675,-0.0,26.895675,11.000000
315_CT_6-3,15,31.855768,0.000000,0.000000,1.000000,0.000000,0.000000,0.000000,5.453770,0.000000,26.401998,0.000000,0.000000,0.000000,315,0.000000,31.855768,-0.0,31.855768,11.000000
322_HYDRO_3-0,15,0.000000,14.704167,0.000000,1.000000,0.000000,0.000000,0.000000,0.000000,0.000000,0.000000,0.000000,0.000000,0.000000,322,0.000000,0.000000,0.0,0.000000,14.704167
322_HYDRO_3-1,15,0.000000,0.000000,0.000000,1.000000,0.000000,0.000000,0.000000,0.000000,0.000000,0.000000,0.000000,0.000000,0.000000,322,0.000000,0.000000,0.0,0.000000,0.000000
322_HYDRO_3-2,15,0.000000,0.000000,0.000000,1.000000,0.000000,0.000000,0.000000,0.000000,0.000000,0.000000,0.000000,0.000000,0.000000,322,0.000000,0.000000,0.0,0.000000,0.000000
322_HYDRO_3-3,15,0.000000,0.000000,0.000000,1.000000,0.000000,0.000000,0.000000,0.000000,0.000000,0.000000,0.000000,0.000000,0.000000,322,0.000000,0.000000,0.0,0.000000,0.000000
301_CT_4-0,15,28.469999,0.000000,0.000000,1.000000,0.000000,0.000000,0.000000,0.000000,0.000000,28.469999,0.000000,0.000000,0.000000,301,0.000000,28.469999,-0.0,28.469999,22.000000
301_CT_4-1,15,28.469999,0.000000,0.000000,1.000000,0.000000,0.000000,0.000000,0.000000,0.000000,28.469999,0.000000,0.000000,0.000000,301,0.000000,28.469999,-0.0,28.469999,11.000000
301_CT_4-2,15,29.286315,0.000000,0.000000,1.000000,0.000000,0.000000,0.000000,0.816316,0.000000,28.469999,0.000000,0.000000,0.000000,301,0.000000,29.286315,-0.0,29.286315,11.000000
301_CT_4-3,15,43.742887,0.000000,0.000000,1.000000,0.000000,0.000000,0.000000,15.272887,0.000000,28.469999,0.000000,0.000000,0.000000,301,0.000000,43.742887,-0.0,43.742887,11.000000
316_STEAM_1-0,15,21.116646,0.000000,0.000000,1.000000,0.000000,0.000000,0.000000,0.000000,0.000000,21.116646,0.000000,0.000000,0.000000,316,0.000000,21.116646,-0.0,21.116646,62.000000
316_STEAM_1-1,15,21.116646,0.000000,0.000000,1.000000,0.000000,0.000000,0.000000,0.000000,0.000000,21.116646,0.000000,0.000000,0.000000,316,0.000000,21.116646,-0.0,21.116646,31.000000
316_STEAM_1-2,15,21.287879,0.000000,0.000000,1.000000,0.000000,0.000000,0.000000,0.171233,0.000000,21.116646,0.000000,0.000000,0.000000,316,0.000000,21.287879,-0.0,21.287879,31.000000
316_STEAM_1-3,15,27.274699,0.000000,0.000000,1.000000,0.000000,0.000000,0.000000,6.158053,0.000000,21.116646,0.000000,0.000000,0.000000,316,0.000000,27.274699,-0.0,27.274699,31.000000
302_CT_2-0,15,87.255791,0.000000,0.000000,1.000000,0.000000,0.000000,0.000000,0.000000,0.000000,87.255791,0.000000,0.000000,0.000000,302,0.000000,87.255791,-0.0,87.255791,8.000000
302_CT_2-1,15,87.255791,0.000000,0.000000,1.000000,0.000000,0.000000,0.000000,0.000000,0.000000,87.255791,0.000000,0.000000,0.000000,302,0.000000,87.255791,-0.0,87.255791,4.000000
302_CT_2-2,15,99.695770,0.000000,0.000000,1.000000,0.000000,0.000000,0.000000,12.439979,0.000000,87.255791,0.000000,0.000000,0.000000,302,0.000000,99.695770,-0.0,99.695770,4.000000
302_CT_2-3,15,105.367241,0.000000,0.000000,1.000000,0.000000,0.000000,0.000000,18.111450,0.000000,87.255791,0.000000,0.000000,0.000000,302,0.000000,105.367241,-0.0,105.367241,4.000000
323_CC_2-0,15,26.429209,0.000000,0.000000,1.000000,0.000000,0.000000,0.000000,0.000000,0.000000,26.429209,0.000000,0.000000,0.000000,323,0.000000,26.429209,-0.0,26.429209,170.000000
323_CC_2-1,15,26.429209,0.000000,0.000000,1.000000,0.000000,0.000000,0.000000,0.000000,0.000000,26.429209,0.000000,0.000000,0.000000,323,0.000000,26.429209,-0.0,26.429209,61.666667
323_CC_2-2,15,30.277557,0.000000,0.000000,1.000000,0.000000,0.000000,0.000000,3.848348,0.000000,26.429209,0.000000,0.000000,0.000000,323,0.000000,30.277557,-0.0,30.277557,61.666667
323_CC_2-3,15,31.727490,0.000000,0.000000,1.000000,0.000000,0.000000,0.000000,5.298281,0.000000,26.429209,0.000000,0.000000,0.000000,323,0.000000,31.727490,-0.0,31.727490,61.666667
315_STEAM_1-0,15,75.436777,0.000000,0.000000,1.000000,0.000000,0.000000,0.000000,0.000000,0.000000,75.436777,0.000000,0.000000,0.000000,315,0.000000,75.436777,-0.0,75.436777,5.000000
315_STEAM_1-1,15,75.436777,0.000000,0.000000,1.000000,0.000000,0.000000,0.000000,0.000000,0.000000,75.436777,0.000000,0.000000,0.000000,315,0.000000,75.436777,-0.0,75.436777,2.333333
315_STEAM_1-2,15,100.399529,0.000000,0.000000,1.000000,0.000000,0.000000,0.000000,24.962753,0.000000,75.436777,0.000000,0.000000,0.000000,315,0.000000,100.399529,-0.0,100.399529,2.333333
315_STEAM_1-3,15,124.099655,0.000000,0.000000,1.000000,0.000000,0.000000,0.000000,48.662879,0.000000,75.436777,0.000000,0.000000,0.000000,315,0.000000,124.099655,-0.0,124.099655,2.333333
313_CC_1-0,15,15.731579,0.000000,0.000000,1.000000,0.000000,0.000000,0.000000,0.000000,0.000000,15.731579,0.000000,0.000000,0.000000,313,0.000000,15.731579,-0.0,15.731579,170.000000
313_CC_1-1,15,15.731579,0.000000,0.000000,1.000000,0.000000,0.000000,0.000000,0.000000,0.000000,15.731579,0.000000,0.000000,0.000000,313,0.000000,15.731579,-0.0,15.731579,61.666667
313_CC_1-2,15,26.755735,0.000000,0.000000,1.000000,0.000000,0.000000,0.000000,11.024156,0.000000,15.731579,0.000000,0.000000,0.000000,313,0.000000,26.755735,-0.0,26.755735,61.666667
313_CC_1-3,15,33.752731,0.000000,0.000000,1.000000,0.000000,0.000000,0.000000,18.021152,0.000000,15.731579,0.000000,0.000000,0.000000,313,0.000000,33.752731,-0.0,33.752731,61.666667
323_CC_1-0,15,26.429209,0.000000,0.000000,1.000000,0.000000,0.000000,0.000000,0.000000,0.000000,26.429209,0.000000,0.000000,0.000000,323,0.000000,26.429209,-0.0,26.429209,170.000000
323_CC_1-1,15,26.429209,0.000000,0.000000,1.000000,0.000000,0.000000,0.000000,0.000000,0.000000,26.429209,0.000000,0.000000,0.000000,323,0.000000,26.429209,-0.0,26.429209,61.666667
323_CC_1-2,15,30.277557,0.000000,0.000000,1.000000,0.000000,0.000000,0.000000,3.848348,0.000000,26.429209,0.000000,0.000000,0.000000,323,0.000000,30.277557,-0.0,30.277557,61.666667
323_CC_1-3,15,31.727490,0.000000,0.000000,1.000000,0.000000,0.000000,0.000000,5.298281,0.000000,26.429209,0.000000,0.000000,0.000000,323,0.000000,31.727490,-0.0,31.727490,61.666667
301_CT_1-0,15,87.255791,0.000000,0.000000,1.000000,0.000000,0.000000,0.000000,0.000000,0.000000,87.255791,0.000000,0.000000,0.000000,301,0.000000,87.255791,-0.0,87.255791,8.000000
301_CT_1-1,15,87.255791,0.000000,0.000000,1.000000,0.000000,0.000000,0.000000,0.000000,0.000000,87.255791,0.000000,0.000000,0.000000,301,0.000000,87.255791,-0.0,87.255791,4.000000
301_CT_1-2,15,99.695770,0.000000,0.000000,1.000000,0.000000,0.000000,0.000000,12.439979,0.000000,87.255791,0.000000,0.000000,0.000000,301,0.000000,99.695770,-0.0,99.695770,4.000000
301_CT_1-3,15,105.367241,0.000000,0.000000,1.000000,0.000000,0.000000,0.000000,18.111450,0.000000,87.255791,0.000000,0.000000,0.000000,301,0.000000,105.367241,-0.0,105.367241,4.000000
307_CT_1-0,15,27.894691,0.000000,0.000000,1.000000,0.000000,0.000000,0.000000,0.000000,0.000000,27.894691,0.000000,0.000000,0.000000,307,0.000000,27.894691,-0.0,27.894691,22.000000
307_CT_1-1,15,27.894691,0.000000,0.000000,1.000000,0.000000,0.000000,0.000000,0.000000,0.000000,27.894691,0.000000,0.000000,0.000000,307,0.000000,27.894691,-0.0,27.894691,11.000000
307_CT_1-2,15,29.220233,0.000000,0.000000,1.000000,0.000000,0.000000,0.000000,1.325542,0.000000,27.894691,0.000000,0.000000,0.000000,307,0.000000,29.220233,-0.0,29.220233,11.000000
307_CT_1-3,15,35.474770,0.000000,0.000000,1.000000,0.000000,0.000000,0.000000,7.580079,0.000000,27.894691,0.000000,0.000000,0.000000,307,0.000000,35.474770,-0.0,35.474770,11.000000
315_STEAM_4-0,15,75.436777,0.000000,0.000000,1.000000,0.000000,0.000000,0.000000,0.000000,0.000000,75.436777,0.000000,0.000000,0.000000,315,0.000000,75.436777,-0.0,75.436777,5.000000
315_STEAM_4-1,15,75.436777,0.000000,0.000000,1.000000,0.000000,0.000000,0.000000,0.000000,0.000000,75.436777,0.000000,0.000000,0.000000,315,0.000000,75.436777,-0.0,75.436777,2.333333
315_STEAM_4-2,15,100.399529,0.000000,0.000000,1.000000,0.000000,0.000000,0.000000,24.962753,0.000000,75.436777,0.000000,0.000000,0.000000,315,0.000000,100.399529,-0.0,100.399529,2.333333
315_STEAM_4-3,15,124.099655,0.000000,0.000000,1.000000,0.000000,0.000000,0.000000,48.662879,0.000000,75.436777,0.000000,0.000000,0.000000,315,0.000000,124.099655,-0.0,124.099655,2.333333
315_CT_8-0,15,26.401998,0.000000,0.000000,1.000000,0.000000,0.000000,0.000000,0.000000,0.000000,26.401998,0.000000,0.000000,0.000000,315,0.000000,26.401998,-0.0,26.401998,22.000000
315_CT_8-1,15,26.401998,0.000000,0.000000,1.000000,0.000000,0.000000,0.000000,0.000000,0.000000,26.401998,0.000000,0.000000,0.000000,315,0.000000,26.401998,-0.0,26.401998,11.000000
315_CT_8-2,15,26.895675,0.000000,0.000000,1.000000,0.000000,0.000000,0.000000,0.493677,0.000000,26.401998,0.000000,0.000000,0.000000,315,0.000000,26.895675,-0.0,26.895675,11.000000
315_CT_8-3,15,31.855768,0.000000,0.000000,1.000000,0.000000,0.000000,0.000000,5.453770,0.000000,26.401998,0.000000,0.000000,0.000000,315,0.000000,31.855768,-0.0,31.855768,11.000000
322_CT_6-0,15,23.334982,0.000000,0.000000,1.000000,0.000000,0.000000,0.000000,0.000000,0.000000,23.334982,0.000000,0.000000,0.000000,322,0.000000,23.334982,-0.0,23.334982,22.000000
322_CT_6-1,15,23.334982,0.000000,0.000000,1.000000,0.000000,0.000000,0.000000,0.000000,0.000000,23.334982,0.000000,0.000000,0.000000,322,0.000000,23.334982,-0.0,23.334982,11.000000
322_CT_6-2,15,26.499179,0.000000,0.000000,1.000000,0.000000,0.000000,0.000000,3.164197,0.000000,23.334982,0.000000,0.000000,0.000000,322,0.000000,26.499179,-0.0,26.499179,11.000000
322_CT_6-3,15,27.894691,0.000000,0.000000,1.000000,0.000000,0.000000,0.000000,4.559709,0.000000,23.334982,0.000000,0.000000,0.000000,322,0.000000,27.894691,-0.0,27.894691,11.000000
321_CC_1-0,15,22.732463,0.000000,0.000000,1.000000,0.000000,0.000000,0.000000,0.000000,0.000000,22.732463,0.000000,0.000000,0.000000,321,0.000000,22.732463,-0.0,22.732463,170.000000
321_CC_1-1,15,22.732463,0.000000,0.000000,1.000000,0.000000,0.000000,0.000000,0.000000,0.000000,22.732463,0.000000,0.000000,0.000000,321,0.000000,22.732463,-0.0,22.732463,61.666667
321_CC_1-2,15,25.908321,0.000000,0.000000,1.000000,0.000000,0.000000,0.000000,3.175859,0.000000,22.732463,0.000000,0.000000,0.000000,321,0.000000,25.908321,-0.0,25.908321,61.666667
321_CC_1-3,15,33.947092,0.000000,0.000000,1.000000,0.000000,0.000000,0.000000,11.214630,0.000000,22.732463,0.000000,0.000000,0.000000,321,0.000000,33.947092,-0.0,33.947092,61.666667
318_CC_1-0,15,26.845141,0.000000,0.000000,1.000000,0.000000,0.000000,0.000000,0.000000,0.000000,26.845141,0.000000,0.000000,0.000000,318,0.000000,26.845141,-0.0,26.845141,170.000000
318_CC_1-1,15,26.845141,0.000000,0.000000,1.000000,0.000000,0.000000,0.000000,0.000000,0.000000,26.845141,0.000000,0.000000,0.000000,318,0.000000,26.845141,-0.0,26.845141,61.666667
318_CC_1-2,15,27.276623,0.000000,0.000000,1.000000,0.000000,0.000000,0.000000,0.431481,0.000000,26.845141,0.000000,0.000000,0.000000,318,0.000000,27.276623,-0.0,27.276623,61.666667
318_CC_1-3,15,31.529241,0.000000,0.000000,1.000000,0.000000,0.000000,0.000000,4.684100,0.000000,26.845141,0.000000,0.000000,0.000000,318,0.000000,31.529241,-0.0,31.529241,61.666667
301_CT_2-0,15,87.255791,0.000000,0.000000,1.000000,0.000000,0.000000,0.000000,0.000000,0.000000,87.255791,0.000000,0.000000,0.000000,301,0.000000,87.255791,-0.0,87.255791,8.000000
301_CT_2-1,15,87.255791,0.000000,0.000000,1.000000,0.000000,0.000000,0.000000,0.000000,0.000000,87.255791,0.000000,0.000000,0.000000,301,0.000000,87.255791,-0.0,87.255791,4.000000
301_CT_2-2,15,99.695770,0.000000,0.000000,1.000000,0.000000,0.000000,0.000000,12.439979,0.000000,87.255791,0.000000,0.000000,0.000000,301,0.000000,99.695770,-0.0,99.695770,4.000000
301_CT_2-3,15,105.367241,0.000000,0.000000,1.000000,0.000000,0.000000,0.000000,18.111450,0.000000,87.255791,0.000000,0.000000,0.000000,301,0.000000,105.367241,-0.0,105.367241,4.000000
315_CT_7-0,15,26.401998,0.000000,0.000000,1.000000,0.000000,0.000000,0.000000,0.000000,0.000000,26.401998,0.000000,0.000000,0.000000,315,0.000000,26.401998,-0.0,26.401998,22.000000
315_CT_7-1,15,26.401998,0.000000,0.000000,1.000000,0.000000,0.000000,0.000000,0.000000,0.000000,26.401998,0.000000,0.000000,0.000000,315,0.000000,26.401998,-0.0,26.401998,11.000000
315_CT_7-2,15,26.895675,0.000000,0.000000,1.000000,0.000000,0.000000,0.000000,0.493677,0.000000,26.401998,0.000000,0.000000,0.000000,315,0.000000,26.895675,-0.0,26.895675,11.000000
315_CT_7-3,15,31.855768,0.000000,0.000000,1.000000,0.000000,0.000000,0.000000,5.453770,0.000000,26.401998,0.000000,0.000000,0.000000,315,0.000000,31.855768,-0.0,31.855768,11.000000
322_HYDRO_2-0,15,0.000000,14.704167,0.000000,1.000000,0.000000,0.000000,0.000000,0.000000,0.000000,0.000000,0.000000,0.000000,0.000000,322,0.000000,0.000000,0.0,0.000000,14.704167
322_HYDRO_2-1,15,0.000000,0.000000,0.000000,1.000000,0.000000,0.000000,0.000000,0.000000,0.000000,0.000000,0.000000,0.000000,0.000000,322,0.000000,0.000000,0.0,0.000000,0.000000
322_HYDRO_2-2,15,0.000000,0.000000,0.000000,1.000000,0.000000,0.000000,0.000000,0.000000,0.000000,0.000000,0.000000,0.000000,0.000000,322,0.000000,0.000000,0.0,0.000000,0.000000
322_HYDRO_2-3,15,0.000000,0.000000,0.000000,1.000000,0.000000,0.000000,0.000000,0.000000,0.000000,0.000000,0.000000,0.000000,0.000000,322,0.000000,0.000000,0.0,0.000000,0.000000
301_CT_3-0,15,28.469999,0.000000,0.000000,1.000000,0.000000,0.000000,0.000000,0.000000,0.000000,28.469999,0.000000,0.000000,0.000000,301,0.000000,28.469999,-0.0,28.469999,22.000000
301_CT_3-1,15,28.469999,0.000000,0.000000,1.000000,0.000000,0.000000,0.000000,0.000000,0.000000,28.469999,0.000000,0.000000,0.000000,301,0.000000,28.469999,-0.0,28.469999,11.000000
301_CT_3-2,15,29.286315,0.000000,0.000000,1.000000,0.000000,0.000000,0.000000,0.816316,0.000000,28.469999,0.000000,0.000000,0.000000,301,0.000000,29.286315,-0.0,29.286315,11.000000
301_CT_3-3,15,43.742887,0.000000,0.000000,1.000000,0.000000,0.000000,0.000000,15.272887,0.000000,28.469999,0.000000,0.000000,0.000000,301,0.000000,43.742887,-0.0,43.742887,11.000000
302_CT_3-0,15,33.791603,0.000000,0.000000,1.000000,0.000000,0.000000,0.000000,0.000000,0.000000,33.791603,0.000000,0.000000,0.000000,302,0.000000,33.791603,-0.0,33.791603,22.000000
302_CT_3-1,15,33.791603,0.000000,0.000000,1.000000,0.000000,0.000000,0.000000,0.000000,0.000000,33.791603,0.000000,0.000000,0.000000,302,0.000000,33.791603,-0.0,33.791603,11.000000
302_CT_3-2,15,38.382410,0.000000,0.000000,1.000000,0.000000,0.000000,0.000000,4.590807,0.000000,33.791603,0.000000,0.000000,0.000000,302,0.000000,38.382410,-0.0,38.382410,11.000000
302_CT_3-3,15,38.635080,0.000000,0.000000,1.000000,0.000000,0.000000,0.000000,4.843476,0.000000,33.791603,0.000000,0.000000,0.000000,302,0.000000,38.635080,-0.0,38.635080,11.000000
315_STEAM_2-0,15,75.436777,0.000000,0.000000,1.000000,0.000000,0.000000,0.000000,0.000000,0.000000,75.436777,0.000000,0.000000,0.000000,315,0.000000,75.436777,-0.0,75.436777,5.000000
315_STEAM_2-1,15,75.436777,0.000000,0.000000,1.000000,0.000000,0.000000,0.000000,0.000000,0.000000,75.436777,0.000000,0.000000,0.000000,315,0.000000,75.436777,-0.0,75.436777,2.333333
315_STEAM_2-2,15,100.399529,0.000000,0.000000,1.000000,0.000000,0.000000,0.000000,24.962753,0.000000,75.436777,0.000000,0.000000,0.000000,315,0.000000,100.399529,-0.0,100.399529,2.333333
315_STEAM_2-3,15,124.099655,0.000000,0.000000,1.000000,0.000000,0.000000,0.000000,48.662879,0.000000,75.436777,0.000000,0.000000,0.000000,315,0.000000,124.099655,-0.0,124.099655,2.333333
302_CT_4-0,15,33.791603,0.000000,0.000000,1.000000,0.000000,0.000000,0.000000,0.000000,0.000000,33.791603,0.000000,0.000000,0.000000,302,0.000000,33.791603,-0.0,33.791603,22.000000
302_CT_4-1,15,33.791603,0.000000,0.000000,1.000000,0.000000,0.000000,0.000000,0.000000,0.000000,33.791603,0.000000,0.000000,0.000000,302,0.000000,33.791603,-0.0,33.791603,11.000000
302_CT_4-2,15,38.382410,0.000000,0.000000,1.000000,0.000000,0.000000,0.000000,4.590807,0.000000,33.791603,0.000000,0.000000,0.000000,302,0.000000,38.382410,-0.0,38.382410,11.000000
302_CT_4-3,15,38.635080,0.000000,0.000000,1.000000,0.000000,0.000000,0.000000,4.843476,0.000000,33.791603,0.000000,0.000000,0.000000,302,0.000000,38.635080,-0.0,38.635080,11.000000
315_STEAM_5-0,15,75.436777,0.000000,0.000000,1.000000,0.000000,0.000000,0.000000,0.000000,0.000000,75.436777,0.000000,0.000000,0.000000,315,0.000000,75.436777,-0.0,75.436777,5.000000
315_STEAM_5-1,15,75.436777,0.000000,0.000000,1.000000,0.000000,0.000000,0.000000,0.000000,0.000000,75.436777,0.000000,0.000000,0.000000,315,0.000000,75.436777,-0.0,75.436777,2.333333
315_STEAM_5-2,15,100.399529,0.000000,0.000000,1.000000,0.000000,0.000000,0.000000,24.962753,0.000000,75.436777,0.000000,0.000000,0.000000,315,0.000000,100.399529,-0.0,100.399529,2.333333
315_STEAM_5-3,15,124.099655,0.000000,0.000000,1.000000,0.000000,0.000000,0.000000,48.662879,0.000000,75.436777,0.000000,0.000000,0.000000,315,0.000000,124.099655,-0.0,124.099655,2.333333
315_STEAM_3-0,15,75.436777,0.000000,0.000000,1.000000,0.000000,0.000000,0.000000,0.000000,0.000000,75.436777,0.000000,0.000000,0.000000,315,0.000000,75.436777,-0.0,75.436777,5.000000
315_STEAM_3-1,15,75.436777,0.000000,0.000000,1.000000,0.000000,0.000000,0.000000,0.000000,0.000000,75.436777,0.000000,0.000000,0.000000,315,0.000000,75.436777,-0.0,75.436777,2.333333
315_STEAM_3-2,15,100.399529,0.000000,0.000000,1.000000,0.000000,0.000000,0.000000,24.962753,0.000000,75.436777,0.000000,0.000000,0.000000,315,0.000000,100.399529,-0.0,100.399529,2.333333
315_STEAM_3-3,15,124.099655,0.000000,0.000000,1.000000,0.000000,0.000000,0.000000,48.662879,0.000000,75.436777,0.000000,0.000000,0.000000,315,0.000000,124.099655,-0.0,124.099655,2.333333
302_CT_1-0,15,87.255791,0.000000,0.000000,1.000000,0.000000,0.000000,0.000000,0.000000,0.000000,87.255791,0.000000,0.000000,0.000000,302,0.000000,87.255791,-0.0,87.255791,8.000000
302_CT_1-1,15,87.255791,0.000000,0.000000,1.000000,0.000000,0.000000,0.000000,0.000000,0.000000,87.255791,0.000000,0.000000,0.000000,302,0.000000,87.255791,-0.0,87.255791,4.000000
302_CT_1-2,15,99.695770,0.000000,0.000000,1.000000,0.000000,0.000000,0.000000,12.439979,0.000000,87.255791,0.000000,0.000000,0.000000,302,0.000000,99.695770,-0.0,99.695770,4.000000
302_CT_1-3,15,105.367241,0.000000,0.000000,1.000000,0.000000,0.000000,0.000000,18.111450,0.000000,87.255791,0.000000,0.000000,0.000000,302,0.000000,105.367241,-0.0,105.367241,4.000000
322_CT_5-0,15,23.334982,0.000000,0.000000,1.000000,0.000000,0.000000,0.000000,0.000000,0.000000,23.334982,0.000000,0.000000,0.000000,322,0.000000,23.334982,-0.0,23.334982,22.000000
322_CT_5-1,15,23.334982,0.000000,0.000000,1.000000,0.000000,0.000000,0.000000,0.000000,0.000000,23.334982,0.000000,0.000000,0.000000,322,0.000000,23.334982,-0.0,23.334982,11.000000
322_CT_5-2,15,26.499179,0.000000,0.000000,1.000000,0.000000,0.000000,0.000000,3.164197,0.000000,23.334982,0.000000,0.000000,0.000000,322,0.000000,26.499179,-0.0,26.499179,11.000000
322_CT_5-3,15,27.894691,0.000000,0.000000,1.000000,0.000000,0.000000,0.000000,4.559709,0.000000,23.334982,0.000000,0.000000,0.000000,322,0.000000,27.894691,-0.0,27.894691,11.000000
307_CT_2-0,15,27.894691,0.000000,0.000000,1.000000,0.000000,0.000000,0.000000,0.000000,0.000000,27.894691,0.000000,0.000000,0.000000,307,0.000000,27.894691,-0.0,27.894691,22.000000
307_CT_2-1,15,27.894691,0.000000,0.000000,1.000000,0.000000,0.000000,0.000000,0.000000,0.000000,27.894691,0.000000,0.000000,0.000000,307,0.000000,27.894691,-0.0,27.894691,11.000000
307_CT_2-2,15,29.220233,0.000000,0.000000,1.000000,0.000000,0.000000,0.000000,1.325542,0.000000,27.894691,0.000000,0.000000,0.000000,307,0.000000,29.220233,-0.0,29.220233,11.000000
307_CT_2-3,15,35.474770,0.000000,0.000000,1.000000,0.000000,0.000000,0.000000,7.580079,0.000000,27.894691,0.000000,0.000000,0.000000,307,0.000000,35.474770,-0.0,35.474770,11.000000
322_HYDRO_1-0,16,0.000000,0.000000,0.000000,1.000000,0.000000,0.000000,0.000000,0.000000,0.000000,0.000000,0.000000,0.000000,0.000000,322,0.000000,0.000000,0.0,0.000000,22.708333
322_HYDRO_1-1,16,0.000000,0.000000,0.000000,1.000000,0.000000,0.000000,0.000000,0.000000,0.000000,0.000000,0.000000,0.000000,0.000000,322,0.000000,0.000000,0.0,0.000000,0.000000
322_HYDRO_1-2,16,0.000000,0.000000,0.000000,1.000000,0.000000,0.000000,0.000000,0.000000,0.000000,0.000000,0.000000,0.000000,0.000000,322,0.000000,0.000000,0.0,0.000000,0.000000
322_HYDRO_1-3,16,0.000000,0.000000,0.000000,1.000000,0.000000,0.000000,0.000000,0.000000,0.000000,0.000000,0.000000,0.000000,0.000000,322,0.000000,0.000000,0.0,0.000000,0.000000
322_HYDRO_4-0,16,0.000000,0.000000,0.000000,1.000000,0.000000,0.000000,0.000000,0.000000,0.000000,0.000000,0.000000,0.000000,0.000000,322,0.000000,0.000000,0.0,0.000000,22.708333
322_HYDRO_4-1,16,0.000000,0.000000,0.000000,1.000000,0.000000,0.000000,0.000000,0.000000,0.000000,0.000000,0.000000,0.000000,0.000000,322,0.000000,0.000000,0.0,0.000000,0.000000
322_HYDRO_4-2,16,0.000000,0.000000,0.000000,1.000000,0.000000,0.000000,0.000000,0.000000,0.000000,0.000000,0.000000,0.000000,0.000000,322,0.000000,0.000000,0.0,0.000000,0.000000
322_HYDRO_4-3,16,0.000000,0.000000,0.000000,1.000000,0.000000,0.000000,0.000000,0.000000,0.000000,0.000000,0.000000,0.000000,0.000000,322,0.000000,0.000000,0.0,0.000000,0.000000
315_CT_6-0,16,26.401998,0.000000,0.000000,1.000000,0.000000,0.000000,0.000000,0.000000,0.000000,26.401998,0.000000,0.000000,0.000000,315,0.000000,26.401998,-0.0,26.401998,22.000000
315_CT_6-1,16,26.401998,0.000000,0.000000,1.000000,0.000000,0.000000,0.000000,0.000000,0.000000,26.401998,0.000000,0.000000,0.000000,315,0.000000,26.401998,-0.0,26.401998,11.000000
315_CT_6-2,16,26.895675,0.000000,0.000000,1.000000,0.000000,0.000000,0.000000,0.493677,0.000000,26.401998,0.000000,0.000000,0.000000,315,0.000000,26.895675,-0.0,26.895675,11.000000
315_CT_6-3,16,31.855768,0.000000,0.000000,1.000000,0.000000,0.000000,0.000000,5.453770,0.000000,26.401998,0.000000,0.000000,0.000000,315,0.000000,31.855768,-0.0,31.855768,11.000000
322_HYDRO_3-0,16,0.000000,0.000000,0.000000,1.000000,0.000000,0.000000,0.000000,0.000000,0.000000,0.000000,0.000000,0.000000,0.000000,322,0.000000,0.000000,0.0,0.000000,22.708333
322_HYDRO_3-1,16,0.000000,0.000000,0.000000,1.000000,0.000000,0.000000,0.000000,0.000000,0.000000,0.000000,0.000000,0.000000,0.000000,322,0.000000,0.000000,0.0,0.000000,0.000000
322_HYDRO_3-2,16,0.000000,0.000000,0.000000,1.000000,0.000000,0.000000,0.000000,0.000000,0.000000,0.000000,0.000000,0.000000,0.000000,322,0.000000,0.000000,0.0,0.000000,0.000000
322_HYDRO_3-3,16,0.000000,0.000000,0.000000,1.000000,0.000000,0.000000,0.000000,0.000000,0.000000,0.000000,0.000000,0.000000,0.000000,322,0.000000,0.000000,0.0,0.000000,0.000000
301_CT_4-0,16,28.469999,0.000000,0.000000,1.000000,0.000000,0.000000,0.000000,0.000000,0.000000,28.469999,0.000000,0.000000,0.000000,301,0.000000,28.469999,-0.0,28.469999,22.000000
301_CT_4-1,16,28.469999,0.000000,0.000000,1.000000,0.000000,0.000000,0.000000,0.000000,0.000000,28.469999,0.000000,0.000000,0.000000,301,0.000000,28.469999,-0.0,28.469999,11.000000
301_CT_4-2,16,29.286315,0.000000,0.000000,1.000000,0.000000,0.000000,0.000000,0.816316,0.000000,28.469999,0.000000,0.000000,0.000000,301,0.000000,29.286315,-0.0,29.286315,11.000000
301_CT_4-3,16,43.742887,0.000000,0.000000,1.000000,0.000000,0.000000,0.000000,15.272887,0.000000,28.469999,0.000000,0.000000,0.000000,301,0.000000,43.742887,-0.0,43.742887,11.000000
316_STEAM_1-0,16,21.116646,0.000000,0.000000,1.000000,0.000000,0.000000,0.000000,0.000000,0.000000,21.116646,0.000000,0.000000,0.000000,316,0.000000,21.116646,-0.0,21.116646,62.000000
316_STEAM_1-1,16,21.116646,0.000000,0.000000,1.000000,0.000000,0.000000,0.000000,0.000000,0.000000,21.116646,0.000000,0.000000,0.000000,316,0.000000,21.116646,-0.0,21.116646,31.000000
316_STEAM_1-2,16,21.287879,0.000000,0.000000,1.000000,0.000000,0.000000,0.000000,0.171233,0.000000,21.116646,0.000000,0.000000,0.000000,316,0.000000,21.287879,-0.0,21.287879,31.000000
316_STEAM_1-3,16,27.274699,0.000000,0.000000,1.000000,0.000000,0.000000,0.000000,6.158053,0.000000,21.116646,0.000000,0.000000,0.000000,316,0.000000,27.274699,-0.0,27.274699,31.000000
302_CT_2-0,16,87.255791,0.000000,0.000000,1.000000,0.000000,0.000000,0.000000,0.000000,0.000000,87.255791,0.000000,0.000000,0.000000,302,0.000000,87.255791,-0.0,87.255791,8.000000
302_CT_2-1,16,87.255791,0.000000,0.000000,1.000000,0.000000,0.000000,0.000000,0.000000,0.000000,87.255791,0.000000,0.000000,0.000000,302,0.000000,87.255791,-0.0,87.255791,4.000000
302_CT_2-2,16,99.695770,0.000000,0.000000,1.000000,0.000000,0.000000,0.000000,12.439979,0.000000,87.255791,0.000000,0.000000,0.000000,302,0.000000,99.695770,-0.0,99.695770,4.000000
302_CT_2-3,16,105.367241,0.000000,0.000000,1.000000,0.000000,0.000000,0.000000,18.111450,0.000000,87.255791,0.000000,0.000000,0.000000,302,0.000000,105.367241,-0.0,105.367241,4.000000
323_CC_2-0,16,26.429209,0.000000,0.000000,1.000000,0.000000,0.000000,0.000000,0.000000,0.000000,26.429209,0.000000,0.000000,0.000000,323,0.000000,26.429209,-0.0,26.429209,170.000000
323_CC_2-1,16,26.429209,0.000000,0.000000,1.000000,0.000000,0.000000,0.000000,0.000000,0.000000,26.429209,0.000000,0.000000,0.000000,323,0.000000,26.429209,-0.0,26.429209,61.666667
323_CC_2-2,16,30.277557,0.000000,0.000000,1.000000,0.000000,0.000000,0.000000,3.848348,0.000000,26.429209,0.000000,0.000000,0.000000,323,0.000000,30.277557,-0.0,30.277557,61.666667
323_CC_2-3,16,31.727490,0.000000,0.000000,1.000000,0.000000,0.000000,0.000000,5.298281,0.000000,26.429209,0.000000,0.000000,0.000000,323,0.000000,31.727490,-0.0,31.727490,61.666667
315_STEAM_1-0,16,75.436777,0.000000,0.000000,1.000000,0.000000,0.000000,0.000000,0.000000,0.000000,75.436777,0.000000,0.000000,0.000000,315,0.000000,75.436777,-0.0,75.436777,5.000000
315_STEAM_1-1,16,75.436777,0.000000,0.000000,1.000000,0.000000,0.000000,0.000000,0.000000,0.000000,75.436777,0.000000,0.000000,0.000000,315,0.000000,75.436777,-0.0,75.436777,2.333333
315_STEAM_1-2,16,100.399529,0.000000,0.000000,1.000000,0.000000,0.000000,0.000000,24.962753,0.000000,75.436777,0.000000,0.000000,0.000000,315,0.000000,100.399529,-0.0,100.399529,2.333333
315_STEAM_1-3,16,124.099655,0.000000,0.000000,1.000000,0.000000,0.000000,0.000000,48.662879,0.000000,75.436777,0.000000,0.000000,0.000000,315,0.000000,124.099655,-0.0,124.099655,2.333333
313_CC_1-0,16,15.731579,0.000000,0.000000,1.000000,0.000000,0.000000,0.000000,0.000000,0.000000,15.731579,0.000000,0.000000,0.000000,313,0.000000,15.731579,-0.0,15.731579,170.000000
313_CC_1-1,16,15.731579,0.000000,0.000000,1.000000,0.000000,0.000000,0.000000,0.000000,0.000000,15.731579,0.000000,0.000000,0.000000,313,0.000000,15.731579,-0.0,15.731579,61.666667
313_CC_1-2,16,26.755735,0.000000,0.000000,1.000000,0.000000,0.000000,0.000000,11.024156,0.000000,15.731579,0.000000,0.000000,0.000000,313,0.000000,26.755735,-0.0,26.755735,61.666667
313_CC_1-3,16,33.752731,0.000000,0.000000,1.000000,0.000000,0.000000,0.000000,18.021152,0.000000,15.731579,0.000000,0.000000,0.000000,313,0.000000,33.752731,-0.0,33.752731,61.666667
323_CC_1-0,16,26.429209,0.000000,0.000000,1.000000,0.000000,0.000000,0.000000,0.000000,0.000000,26.429209,0.000000,0.000000,0.000000,323,0.000000,26.429209,-0.0,26.429209,170.000000
323_CC_1-1,16,26.429209,0.000000,0.000000,1.000000,0.000000,0.000000,0.000000,0.000000,0.000000,26.429209,0.000000,0.000000,0.000000,323,0.000000,26.429209,-0.0,26.429209,61.666667
323_CC_1-2,16,30.277557,0.000000,0.000000,1.000000,0.000000,0.000000,0.000000,3.848348,0.000000,26.429209,0.000000,0.000000,0.000000,323,0.000000,30.277557,-0.0,30.277557,61.666667
323_CC_1-3,16,31.727490,0.000000,0.000000,1.000000,0.000000,0.000000,0.000000,5.298281,0.000000,26.429209,0.000000,0.000000,0.000000,323,0.000000,31.727490,-0.0,31.727490,61.666667
301_CT_1-0,16,87.255791,0.000000,0.000000,1.000000,0.000000,0.000000,0.000000,0.000000,0.000000,87.255791,0.000000,0.000000,0.000000,301,0.000000,87.255791,-0.0,87.255791,8.000000
301_CT_1-1,16,87.255791,0.000000,0.000000,1.000000,0.000000,0.000000,0.000000,0.000000,0.000000,87.255791,0.000000,0.000000,0.000000,301,0.000000,87.255791,-0.0,87.255791,4.000000
301_CT_1-2,16,99.695770,0.000000,0.000000,1.000000,0.000000,0.000000,0.000000,12.439979,0.000000,87.255791,0.000000,0.000000,0.000000,301,0.000000,99.695770,-0.0,99.695770,4.000000
301_CT_1-3,16,105.367241,0.000000,0.000000,1.000000,0.000000,0.000000,0.000000,18.111450,0.000000,87.255791,0.000000,0.000000,0.000000,301,0.000000,105.367241,-0.0,105.367241,4.000000
307_CT_1-0,16,27.894691,0.000000,0.000000,1.000000,0.000000,0.000000,0.000000,0.000000,0.000000,27.894691,0.000000,0.000000,0.000000,307,0.000000,27.894691,-0.0,27.894691,22.000000
307_CT_1-1,16,27.894691,0.000000,0.000000,1.000000,0.000000,0.000000,0.000000,0.000000,0.000000,27.894691,0.000000,0.000000,0.000000,307,0.000000,27.894691,-0.0,27.894691,11.000000
307_CT_1-2,16,29.220233,0.000000,0.000000,1.000000,0.000000,0.000000,0.000000,1.325542,0.000000,27.894691,0.000000,0.000000,0.000000,307,0.000000,29.220233,-0.0,29.220233,11.000000
307_CT_1-3,16,35.474770,0.000000,0.000000,1.000000,0.000000,0.000000,0.000000,7.580079,0.000000,27.894691,0.000000,0.000000,0.000000,307,0.000000,35.474770,-0.0,35.474770,11.000000
315_STEAM_4-0,16,75.436777,0.000000,0.000000,1.000000,0.000000,0.000000,0.000000,0.000000,0.000000,75.436777,0.000000,0.000000,0.000000,315,0.000000,75.436777,-0.0,75.436777,5.000000
315_STEAM_4-1,16,75.436777,0.000000,0.000000,1.000000,0.000000,0.000000,0.000000,0.000000,0.000000,75.436777,0.000000,0.000000,0.000000,315,0.000000,75.436777,-0.0,75.436777,2.333333
315_STEAM_4-2,16,100.399529,0.000000,0.000000,1.000000,0.000000,0.000000,0.000000,24.962753,0.000000,75.436777,0.000000,0.000000,0.000000,315,0.000000,100.399529,-0.0,100.399529,2.333333
315_STEAM_4-3,16,124.099655,0.000000,0.000000,1.000000,0.000000,0.000000,0.000000,48.662879,0.000000,75.436777,0.000000,0.000000,0.000000,315,0.000000,124.099655,-0.0,124.099655,2.333333
315_CT_8-0,16,26.401998,0.000000,0.000000,1.000000,0.000000,0.000000,0.000000,0.000000,0.000000,26.401998,0.000000,0.000000,0.000000,315,0.000000,26.401998,-0.0,26.401998,22.000000
315_CT_8-1,16,26.401998,0.000000,0.000000,1.000000,0.000000,0.000000,0.000000,0.000000,0.000000,26.401998,0.000000,0.000000,0.000000,315,0.000000,26.401998,-0.0,26.401998,11.000000
315_CT_8-2,16,26.895675,0.000000,0.000000,1.000000,0.000000,0.000000,0.000000,0.493677,0.000000,26.401998,0.000000,0.000000,0.000000,315,0.000000,26.895675,-0.0,26.895675,11.000000
315_CT_8-3,16,31.855768,0.000000,0.000000,1.000000,0.000000,0.000000,0.000000,5.453770,0.000000,26.401998,0.000000,0.000000,0.000000,315,0.000000,31.855768,-0.0,31.855768,11.000000
322_CT_6-0,16,23.334982,0.000000,0.000000,1.000000,0.000000,0.000000,0.000000,0.000000,0.000000,23.334982,0.000000,0.000000,0.000000,322,0.000000,23.334982,-0.0,23.334982,22.000000
322_CT_6-1,16,23.334982,0.000000,0.000000,1.000000,0.000000,0.000000,0.000000,0.000000,0.000000,23.334982,0.000000,0.000000,0.000000,322,0.000000,23.334982,-0.0,23.334982,11.000000
322_CT_6-2,16,26.499179,0.000000,0.000000,1.000000,0.000000,0.000000,0.000000,3.164197,0.000000,23.334982,0.000000,0.000000,0.000000,322,0.000000,26.499179,-0.0,26.499179,11.000000
322_CT_6-3,16,27.894691,0.000000,0.000000,1.000000,0.000000,0.000000,0.000000,4.559709,0.000000,23.334982,0.000000,0.000000,0.000000,322,0.000000,27.894691,-0.0,27.894691,11.000000
321_CC_1-0,16,22.732463,0.000000,0.000000,1.000000,0.000000,0.000000,0.000000,0.000000,0.000000,22.732463,0.000000,0.000000,0.000000,321,0.000000,22.732463,-0.0,22.732463,170.000000
321_CC_1-1,16,22.732463,0.000000,0.000000,1.000000,0.000000,0.000000,0.000000,0.000000,0.000000,22.732463,0.000000,0.000000,0.000000,321,0.000000,22.732463,-0.0,22.732463,61.666667
321_CC_1-2,16,25.908321,0.000000,0.000000,1.000000,0.000000,0.000000,0.000000,3.175859,0.000000,22.732463,0.000000,0.000000,0.000000,321,0.000000,25.908321,-0.0,25.908321,61.666667
321_CC_1-3,16,33.947092,0.000000,0.000000,1.000000,0.000000,0.000000,0.000000,11.214630,0.000000,22.732463,0.000000,0.000000,0.000000,321,0.000000,33.947092,-0.0,33.947092,61.666667
318_CC_1-0,16,26.845141,0.000000,0.000000,1.000000,0.000000,0.000000,0.000000,0.000000,0.000000,26.845141,0.000000,0.000000,0.000000,318,0.000000,26.845141,-0.0,26.845141,170.000000
318_CC_1-1,16,26.845141,0.000000,0.000000,1.000000,0.000000,0.000000,0.000000,0.000000,0.000000,26.845141,0.000000,0.000000,0.000000,318,0.000000,26.845141,-0.0,26.845141,61.666667
318_CC_1-2,16,27.276623,0.000000,0.000000,1.000000,0.000000,0.000000,0.000000,0.431481,0.000000,26.845141,0.000000,0.000000,0.000000,318,0.000000,27.276623,-0.0,27.276623,61.666667
318_CC_1-3,16,31.529241,0.000000,0.000000,1.000000,0.000000,0.000000,0.000000,4.684100,0.000000,26.845141,0.000000,0.000000,0.000000,318,0.000000,31.529241,-0.0,31.529241,61.666667
301_CT_2-0,16,87.255791,0.000000,0.000000,1.000000,0.000000,0.000000,0.000000,0.000000,0.000000,87.255791,0.000000,0.000000,0.000000,301,0.000000,87.255791,-0.0,87.255791,8.000000
301_CT_2-1,16,87.255791,0.000000,0.000000,1.000000,0.000000,0.000000,0.000000,0.000000,0.000000,87.255791,0.000000,0.000000,0.000000,301,0.000000,87.255791,-0.0,87.255791,4.000000
301_CT_2-2,16,99.695770,0.000000,0.000000,1.000000,0.000000,0.000000,0.000000,12.439979,0.000000,87.255791,0.000000,0.000000,0.000000,301,0.000000,99.695770,-0.0,99.695770,4.000000
301_CT_2-3,16,105.367241,0.000000,0.000000,1.000000,0.000000,0.000000,0.000000,18.111450,0.000000,87.255791,0.000000,0.000000,0.000000,301,0.000000,105.367241,-0.0,105.367241,4.000000
315_CT_7-0,16,26.401998,0.000000,0.000000,1.000000,0.000000,0.000000,0.000000,0.000000,0.000000,26.401998,0.000000,0.000000,0.000000,315,0.000000,26.401998,-0.0,26.401998,22.000000
315_CT_7-1,16,26.401998,0.000000,0.000000,1.000000,0.000000,0.000000,0.000000,0.000000,0.000000,26.401998,0.000000,0.000000,0.000000,315,0.000000,26.401998,-0.0,26.401998,11.000000
315_CT_7-2,16,26.895675,0.000000,0.000000,1.000000,0.000000,0.000000,0.000000,0.493677,0.000000,26.401998,0.000000,0.000000,0.000000,315,0.000000,26.895675,-0.0,26.895675,11.000000
315_CT_7-3,16,31.855768,0.000000,0.000000,1.000000,0.000000,0.000000,0.000000,5.453770,0.000000,26.401998,0.000000,0.000000,0.000000,315,0.000000,31.855768,-0.0,31.855768,11.000000
322_HYDRO_2-0,16,0.000000,22.708333,0.000000,1.000000,0.000000,0.000000,0.000000,0.000000,0.000000,0.000000,0.000000,0.000000,0.000000,322,0.000000,0.000000,0.0,0.000000,22.708333
322_HYDRO_2-1,16,0.000000,0.000000,0.000000,1.000000,0.000000,0.000000,0.000000,0.000000,0.000000,0.000000,0.000000,0.000000,0.000000,322,0.000000,0.000000,0.0,0.000000,0.000000
322_HYDRO_2-2,16,0.000000,0.000000,0.000000,1.000000,0.000000,0.000000,0.000000,0.000000,0.000000,0.000000,0.000000,0.000000,0.000000,322,0.000000,0.000000,0.0,0.000000,0.000000
322_HYDRO_2-3,16,0.000000,0.000000,0.000000,1.000000,0.000000,0.000000,0.000000,0.000000,0.000000,0.000000,0.000000,0.000000,0.000000,322,0.000000,0.000000,0.0,0.000000,0.000000
301_CT_3-0,16,28.469999,0.000000,0.000000,1.000000,0.000000,0.000000,0.000000,0.000000,0.000000,28.469999,0.000000,0.000000,0.000000,301,0.000000,28.469999,-0.0,28.469999,22.000000
301_CT_3-1,16,28.469999,0.000000,0.000000,1.000000,0.000000,0.000000,0.000000,0.000000,0.000000,28.469999,0.000000,0.000000,0.000000,301,0.000000,28.469999,-0.0,28.469999,11.000000
301_CT_3-2,16,29.286315,0.000000,0.000000,1.000000,0.000000,0.000000,0.000000,0.816316,0.000000,28.469999,0.000000,0.000000,0.000000,301,0.000000,29.286315,-0.0,29.286315,11.000000
301_CT_3-3,16,43.742887,0.000000,0.000000,1.000000,0.000000,0.000000,0.000000,15.272887,0.000000,28.469999,0.000000,0.000000,0.000000,301,0.000000,43.742887,-0.0,43.742887,11.000000
302_CT_3-0,16,33.791603,0.000000,0.000000,1.000000,0.000000,0.000000,0.000000,0.000000,0.000000,33.791603,0.000000,0.000000,0.000000,302,0.000000,33.791603,-0.0,33.791603,22.000000
302_CT_3-1,16,33.791603,0.000000,0.000000,1.000000,0.000000,0.000000,0.000000,0.000000,0.000000,33.791603,0.000000,0.000000,0.000000,302,0.000000,33.791603,-0.0,33.791603,11.000000
302_CT_3-2,16,38.382410,0.000000,0.000000,1.000000,0.000000,0.000000,0.000000,4.590807,0.000000,33.791603,0.000000,0.000000,0.000000,302,0.000000,38.382410,-0.0,38.382410,11.000000
302_CT_3-3,16,38.635080,0.000000,0.000000,1.000000,0.000000,0.000000,0.000000,4.843476,0.000000,33.791603,0.000000,0.000000,0.000000,302,0.000000,38.635080,-0.0,38.635080,11.000000
315_STEAM_2-0,16,75.436777,0.000000,0.000000,1.000000,0.000000,0.000000,0.000000,0.000000,0.000000,75.436777,0.000000,0.000000,0.000000,315,0.000000,75.436777,-0.0,75.436777,5.000000
315_STEAM_2-1,16,75.436777,0.000000,0.000000,1.000000,0.000000,0.000000,0.000000,0.000000,0.000000,75.436777,0.000000,0.000000,0.000000,315,0.000000,75.436777,-0.0,75.436777,2.333333
315_STEAM_2-2,16,100.399529,0.000000,0.000000,1.000000,0.000000,0.000000,0.000000,24.962753,0.000000,75.436777,0.000000,0.000000,0.000000,315,0.000000,100.399529,-0.0,100.399529,2.333333
315_STEAM_2-3,16,124.099655,0.000000,0.000000,1.000000,0.000000,0.000000,0.000000,48.662879,0.000000,75.436777,0.000000,0.000000,0.000000,315,0.000000,124.099655,-0.0,124.099655,2.333333
302_CT_4-0,16,33.791603,0.000000,0.000000,1.000000,0.000000,0.000000,0.000000,0.000000,0.000000,33.791603,0.000000,0.000000,0.000000,302,0.000000,33.791603,-0.0,33.791603,22.000000
302_CT_4-1,16,33.791603,0.000000,0.000000,1.000000,0.000000,0.000000,0.000000,0.000000,0.000000,33.791603,0.000000,0.000000,0.000000,302,0.000000,33.791603,-0.0,33.791603,11.000000
302_CT_4-2,16,38.382410,0.000000,0.000000,1.000000,0.000000,0.000000,0.000000,4.590807,0.000000,33.791603,0.000000,0.000000,0.000000,302,0.000000,38.382410,-0.0,38.382410,11.000000
302_CT_4-3,16,38.635080,0.000000,0.000000,1.000000,0.000000,0.000000,0.000000,4.843476,0.000000,33.791603,0.000000,0.000000,0.000000,302,0.000000,38.635080,-0.0,38.635080,11.000000
315_STEAM_5-0,16,75.436777,0.000000,0.000000,1.000000,0.000000,0.000000,0.000000,0.000000,0.000000,75.436777,0.000000,0.000000,0.000000,315,0.000000,75.436777,-0.0,75.436777,5.000000
315_STEAM_5-1,16,75.436777,0.000000,0.000000,1.000000,0.000000,0.000000,0.000000,0.000000,0.000000,75.436777,0.000000,0.000000,0.000000,315,0.000000,75.436777,-0.0,75.436777,2.333333
315_STEAM_5-2,16,100.399529,0.000000,0.000000,1.000000,0.000000,0.000000,0.000000,24.962753,0.000000,75.436777,0.000000,0.000000,0.000000,315,0.000000,100.399529,-0.0,100.399529,2.333333
315_STEAM_5-3,16,124.099655,0.000000,0.000000,1.000000,0.000000,0.000000,0.000000,48.662879,0.000000,75.436777,0.000000,0.000000,0.000000,315,0.000000,124.099655,-0.0,124.099655,2.333333
315_STEAM_3-0,16,75.436777,0.000000,0.000000,1.000000,0.000000,0.000000,0.000000,0.000000,0.000000,75.436777,0.000000,0.000000,0.000000,315,0.000000,75.436777,-0.0,75.436777,5.000000
315_STEAM_3-1,16,75.436777,0.000000,0.000000,1.000000,0.000000,0.000000,0.000000,0.000000,0.000000,75.436777,0.000000,0.000000,0.000000,315,0.000000,75.436777,-0.0,75.436777,2.333333
315_STEAM_3-2,16,100.399529,0.000000,0.000000,1.000000,0.000000,0.000000,0.000000,24.962753,0.000000,75.436777,0.000000,0.000000,0.000000,315,0.000000,100.399529,-0.0,100.399529,2.333333
315_STEAM_3-3,16,124.099655,0.000000,0.000000,1.000000,0.000000,0.000000,0.000000,48.662879,0.000000,75.436777,0.000000,0.000000,0.000000,315,0.000000,124.099655,-0.0,124.099655,2.333333
302_CT_1-0,16,87.255791,0.000000,0.000000,1.000000,0.000000,0.000000,0.000000,0.000000,0.000000,87.255791,0.000000,0.000000,0.000000,302,0.000000,87.255791,-0.0,87.255791,8.000000
302_CT_1-1,16,87.255791,0.000000,0.000000,1.000000,0.000000,0.000000,0.000000,0.000000,0.000000,87.255791,0.000000,0.000000,0.000000,302,0.000000,87.255791,-0.0,87.255791,4.000000
302_CT_1-2,16,99.695770,0.000000,0.000000,1.000000,0.000000,0.000000,0.000000,12.439979,0.000000,87.255791,0.000000,0.000000,0.000000,302,0.000000,99.695770,-0.0,99.695770,4.000000
302_CT_1-3,16,105.367241,0.000000,0.000000,1.000000,0.000000,0.000000,0.000000,18.111450,0.000000,87.255791,0.000000,0.000000,0.000000,302,0.000000,105.367241,-0.0,105.367241,4.000000
322_CT_5-0,16,23.334982,0.000000,0.000000,1.000000,0.000000,0.000000,0.000000,0.000000,0.000000,23.334982,0.000000,0.000000,0.000000,322,0.000000,23.334982,-0.0,23.334982,22.000000
322_CT_5-1,16,23.334982,0.000000,0.000000,1.000000,0.000000,0.000000,0.000000,0.000000,0.000000,23.334982,0.000000,0.000000,0.000000,322,0.000000,23.334982,-0.0,23.334982,11.000000
322_CT_5-2,16,26.499179,0.000000,0.000000,1.000000,0.000000,0.000000,0.000000,3.164197,0.000000,23.334982,0.000000,0.000000,0.000000,322,0.000000,26.499179,-0.0,26.499179,11.000000
322_CT_5-3,16,27.894691,0.000000,0.000000,1.000000,0.000000,0.000000,0.000000,4.559709,0.000000,23.334982,0.000000,0.000000,0.000000,322,0.000000,27.894691,-0.0,27.894691,11.000000
307_CT_2-0,16,27.894691,0.000000,0.000000,1.000000,0.000000,0.000000,0.000000,0.000000,0.000000,27.894691,0.000000,0.000000,0.000000,307,0.000000,27.894691,-0.0,27.894691,22.000000
307_CT_2-1,16,27.894691,0.000000,0.000000,1.000000,0.000000,0.000000,0.000000,0.000000,0.000000,27.894691,0.000000,0.000000,0.000000,307,0.000000,27.894691,-0.0,27.894691,11.000000
307_CT_2-2,16,29.220233,0.000000,0.000000,1.000000,0.000000,0.000000,0.000000,1.325542,0.000000,27.894691,0.000000,0.000000,0.000000,307,0.000000,29.220233,-0.0,29.220233,11.000000
307_CT_2-3,16,35.474770,0.000000,0.000000,1.000000,0.000000,0.000000,0.000000,7.580079,0.000000,27.894691,0.000000,0.000000,0.000000,307,0.000000,35.474770,-0.0,35.474770,11.000000
322_HYDRO_1-0,17,0.000000,0.000000,0.000000,1.000000,0.000000,0.000000,0.000000,0.000000,0.000000,0.000000,0.000000,0.000000,0.000000,322,0.000000,0.000000,0.0,0.000000,34.054167
322_HYDRO_1-1,17,0.000000,0.000000,0.000000,1.000000,0.000000,0.000000,0.000000,0.000000,0.000000,0.000000,0.000000,0.000000,0.000000,322,0.000000,0.000000,0.0,0.000000,0.000000
322_HYDRO_1-2,17,0.000000,0.000000,0.000000,1.000000,0.000000,0.000000,0.000000,0.000000,0.000000,0.000000,0.000000,0.000000,0.000000,322,0.000000,0.000000,0.0,0.000000,0.000000
322_HYDRO_1-3,17,0.000000,0.000000,0.000000,1.000000,0.000000,0.000000,0.000000,0.000000,0.000000,0.000000,0.000000,0.000000,0.000000,322,0.000000,0.000000,0.0,0.000000,0.000000
322_HYDRO_4-0,17,0.000000,0.000000,0.000000,1.000000,0.000000,0.000000,0.000000,0.000000,0.000000,0.000000,0.000000,0.000000,0.000000,322,0.000000,0.000000,0.0,0.000000,34.054167
322_HYDRO_4-1,17,0.000000,0.000000,0.000000,1.000000,0.000000,0.000000,0.000000,0.000000,0.000000,0.000000,0.000000,0.000000,0.000000,322,0.000000,0.000000,0.0,0.000000,0.000000
322_HYDRO_4-2,17,0.000000,0.000000,0.000000,1.000000,0.000000,0.000000,0.000000,0.000000,0.000000,0.000000,0.000000,0.000000,0.000000,322,0.000000,0.000000,0.0,0.000000,0.000000
322_HYDRO_4-3,17,0.000000,0.000000,0.000000,1.000000,0.000000,0.000000,0.000000,0.000000,0.000000,0.000000,0.000000,0.000000,0.000000,322,0.000000,0.000000,0.0,0.000000,0.000000
315_CT_6-0,17,26.401998,0.000000,0.000000,1.000000,0.000000,0.000000,0.000000,0.000000,0.000000,26.401998,0.000000,0.000000,0.000000,315,0.000000,26.401998,-0.0,26.401998,22.000000
315_CT_6-1,17,26.401998,0.000000,0.000000,1.000000,0.000000,0.000000,0.000000,0.000000,0.000000,26.401998,0.000000,0.000000,0.000000,315,0.000000,26.401998,-0.0,26.401998,11.000000
315_CT_6-2,17,26.895675,0.000000,0.000000,1.000000,0.000000,0.000000,0.000000,0.493677,0.000000,26.401998,0.000000,0.000000,0.000000,315,0.000000,26.895675,-0.0,26.895675,11.000000
315_CT_6-3,17,31.855768,0.000000,0.000000,1.000000,0.000000,0.000000,0.000000,5.453770,0.000000,26.401998,0.000000,0.000000,0.000000,315,0.000000,31.855768,-0.0,31.855768,11.000000
322_HYDRO_3-0,17,0.000000,0.000000,0.000000,1.000000,0.000000,0.000000,0.000000,0.000000,0.000000,0.000000,0.000000,0.000000,0.000000,322,0.000000,0.000000,0.0,0.000000,34.054167
322_HYDRO_3-1,17,0.000000,0.000000,0.000000,1.000000,0.000000,0.000000,0.000000,0.000000,0.000000,0.000000,0.000000,0.000000,0.000000,322,0.000000,0.000000,0.0,0.000000,0.000000
322_HYDRO_3-2,17,0.000000,0.000000,0.000000,1.000000,0.000000,0.000000,0.000000,0.000000,0.000000,0.000000,0.000000,0.000000,0.000000,322,0.000000,0.000000,0.0,0.000000,0.000000
322_HYDRO_3-3,17,0.000000,0.000000,0.000000,1.000000,0.000000,0.000000,0.000000,0.000000,0.000000,0.000000,0.000000,0.000000,0.000000,322,0.000000,0.000000,0.0,0.000000,0.000000
301_CT_4-0,17,28.469999,0.000000,0.000000,1.000000,0.000000,0.000000,0.000000,0.000000,0.000000,28.469999,0.000000,0.000000,0.000000,301,0.000000,28.469999,-0.0,28.469999,22.000000
301_CT_4-1,17,28.469999,0.000000,0.000000,1.000000,0.000000,0.000000,0.000000,0.000000,0.000000,28.469999,0.000000,0.000000,0.000000,301,0.000000,28.469999,-0.0,28.469999,11.000000
301_CT_4-2,17,29.286315,0.000000,0.000000,1.000000,0.000000,0.000000,0.000000,0.816316,0.000000,28.469999,0.000000,0.000000,0.000000,301,0.000000,29.286315,-0.0,29.286315,11.000000
301_CT_4-3,17,43.742887,0.000000,0.000000,1.000000,0.000000,0.000000,0.000000,15.272887,0.000000,28.469999,0.000000,0.000000,0.000000,301,0.000000,43.742887,-0.0,43.742887,11.000000
316_STEAM_1-0,17,21.116646,0.000000,0.000000,1.000000,0.000000,0.000000,0.000000,0.000000,0.000000,21.116646,0.000000,0.000000,0.000000,316,0.000000,21.116646,-0.0,21.116646,62.000000
316_STEAM_1-1,17,21.116646,0.000000,0.000000,1.000000,0.000000,0.000000,0.000000,0.000000,0.000000,21.116646,0.000000,0.000000,0.000000,316,0.000000,21.116646,-0.0,21.116646,31.000000
316_STEAM_1-2,17,21.287879,0.000000,0.000000,1.000000,0.000000,0.000000,0.000000,0.171233,0.000000,21.116646,0.000000,0.000000,0.000000,316,0.000000,21.287879,-0.0,21.287879,31.000000
316_STEAM_1-3,17,27.274699,0.000000,0.000000,1.000000,0.000000,0.000000,0.000000,6.158053,0.000000,21.116646,0.000000,0.000000,0.000000,316,0.000000,27.274699,-0.0,27.274699,31.000000
302_CT_2-0,17,87.255791,0.000000,0.000000,1.000000,0.000000,0.000000,0.000000,0.000000,0.000000,87.255791,0.000000,0.000000,0.000000,302,0.000000,87.255791,-0.0,87.255791,8.000000
302_CT_2-1,17,87.255791,0.000000,0.000000,1.000000,0.000000,0.000000,0.000000,0.000000,0.000000,87.255791,0.000000,0.000000,0.000000,302,0.000000,87.255791,-0.0,87.255791,4.000000
302_CT_2-2,17,99.695770,0.000000,0.000000,1.000000,0.000000,0.000000,0.000000,12.439979,0.000000,87.255791,0.000000,0.000000,0.000000,302,0.000000,99.695770,-0.0,99.695770,4.000000
302_CT_2-3,17,105.367241,0.000000,0.000000,1.000000,0.000000,0.000000,0.000000,18.111450,0.000000,87.255791,0.000000,0.000000,0.000000,302,0.000000,105.367241,-0.0,105.367241,4.000000
323_CC_2-0,17,26.429209,0.000000,0.000000,1.000000,0.000000,0.000000,0.000000,0.000000,0.000000,26.429209,0.000000,0.000000,0.000000,323,0.000000,26.429209,-0.0,26.429209,170.000000
323_CC_2-1,17,26.429209,0.000000,0.000000,1.000000,0.000000,0.000000,0.000000,0.000000,0.000000,26.429209,0.000000,0.000000,0.000000,323,0.000000,26.429209,-0.0,26.429209,61.666667
323_CC_2-2,17,30.277557,0.000000,0.000000,1.000000,0.000000,0.000000,0.000000,3.848348,0.000000,26.429209,0.000000,0.000000,0.000000,323,0.000000,30.277557,-0.0,30.277557,61.666667
323_CC_2-3,17,31.727490,0.000000,0.000000,1.000000,0.000000,0.000000,0.000000,5.298281,0.000000,26.429209,0.000000,0.000000,0.000000,323,0.000000,31.727490,-0.0,31.727490,61.666667
315_STEAM_1-0,17,75.436777,0.000000,0.000000,1.000000,0.000000,0.000000,0.000000,0.000000,0.000000,75.436777,0.000000,0.000000,0.000000,315,0.000000,75.436777,-0.0,75.436777,5.000000
315_STEAM_1-1,17,75.436777,0.000000,0.000000,1.000000,0.000000,0.000000,0.000000,0.000000,0.000000,75.436777,0.000000,0.000000,0.000000,315,0.000000,75.436777,-0.0,75.436777,2.333333
315_STEAM_1-2,17,100.399529,0.000000,0.000000,1.000000,0.000000,0.000000,0.000000,24.962753,0.000000,75.436777,0.000000,0.000000,0.000000,315,0.000000,100.399529,-0.0,100.399529,2.333333
315_STEAM_1-3,17,124.099655,0.000000,0.000000,1.000000,0.000000,0.000000,0.000000,48.662879,0.000000,75.436777,0.000000,0.000000,0.000000,315,0.000000,124.099655,-0.0,124.099655,2.333333
313_CC_1-0,17,15.731579,0.000000,0.000000,1.000000,0.000000,0.000000,0.000000,0.000000,0.000000,15.731579,0.000000,0.000000,0.000000,313,0.000000,15.731579,-0.0,15.731579,170.000000
313_CC_1-1,17,15.731579,0.000000,0.000000,1.000000,0.000000,0.000000,0.000000,0.000000,0.000000,15.731579,0.000000,0.000000,0.000000,313,0.000000,15.731579,-0.0,15.731579,61.666667
313_CC_1-2,17,26.755735,0.000000,0.000000,1.000000,0.000000,0.000000,0.000000,11.024156,0.000000,15.731579,0.000000,0.000000,0.000000,313,0.000000,26.755735,-0.0,26.755735,61.666667
313_CC_1-3,17,33.752731,0.000000,0.000000,1.000000,0.000000,0.000000,0.000000,18.021152,0.000000,15.731579,0.000000,0.000000,0.000000,313,0.000000,33.752731,-0.0,33.752731,61.666667
323_CC_1-0,17,26.429209,0.000000,0.000000,1.000000,0.000000,0.000000,0.000000,0.000000,0.000000,26.429209,0.000000,0.000000,0.000000,323,0.000000,26.429209,-0.0,26.429209,170.000000
323_CC_1-1,17,26.429209,0.000000,0.000000,1.000000,0.000000,0.000000,0.000000,0.000000,0.000000,26.429209,0.000000,0.000000,0.000000,323,0.000000,26.429209,-0.0,26.429209,61.666667
323_CC_1-2,17,30.277557,0.000000,0.000000,1.000000,0.000000,0.000000,0.000000,3.848348,0.000000,26.429209,0.000000,0.000000,0.000000,323,0.000000,30.277557,-0.0,30.277557,61.666667
323_CC_1-3,17,31.727490,0.000000,0.000000,1.000000,0.000000,0.000000,0.000000,5.298281,0.000000,26.429209,0.000000,0.000000,0.000000,323,0.000000,31.727490,-0.0,31.727490,61.666667
301_CT_1-0,17,87.255791,0.000000,0.000000,1.000000,0.000000,0.000000,0.000000,0.000000,0.000000,87.255791,0.000000,0.000000,0.000000,301,0.000000,87.255791,-0.0,87.255791,8.000000
301_CT_1-1,17,87.255791,0.000000,0.000000,1.000000,0.000000,0.000000,0.000000,0.000000,0.000000,87.255791,0.000000,0.000000,0.000000,301,0.000000,87.255791,-0.0,87.255791,4.000000
301_CT_1-2,17,99.695770,0.000000,0.000000,1.000000,0.000000,0.000000,0.000000,12.439979,0.000000,87.255791,0.000000,0.000000,0.000000,301,0.000000,99.695770,-0.0,99.695770,4.000000
301_CT_1-3,17,105.367241,0.000000,0.000000,1.000000,0.000000,0.000000,0.000000,18.111450,0.000000,87.255791,0.000000,0.000000,0.000000,301,0.000000,105.367241,-0.0,105.367241,4.000000
307_CT_1-0,17,27.894691,0.000000,0.000000,1.000000,0.000000,0.000000,0.000000,0.000000,0.000000,27.894691,0.000000,0.000000,0.000000,307,0.000000,27.894691,-0.0,27.894691,22.000000
307_CT_1-1,17,27.894691,0.000000,0.000000,1.000000,0.000000,0.000000,0.000000,0.000000,0.000000,27.894691,0.000000,0.000000,0.000000,307,0.000000,27.894691,-0.0,27.894691,11.000000
307_CT_1-2,17,29.220233,0.000000,0.000000,1.000000,0.000000,0.000000,0.000000,1.325542,0.000000,27.894691,0.000000,0.000000,0.000000,307,0.000000,29.220233,-0.0,29.220233,11.000000
307_CT_1-3,17,35.474770,0.000000,0.000000,1.000000,0.000000,0.000000,0.000000,7.580079,0.000000,27.894691,0.000000,0.000000,0.000000,307,0.000000,35.474770,-0.0,35.474770,11.000000
315_STEAM_4-0,17,75.436777,0.000000,0.000000,1.000000,0.000000,0.000000,0.000000,0.000000,0.000000,75.436777,0.000000,0.000000,0.000000,315,0.000000,75.436777,-0.0,75.436777,5.000000
315_STEAM_4-1,17,75.436777,0.000000,0.000000,1.000000,0.000000,0.000000,0.000000,0.000000,0.000000,75.436777,0.000000,0.000000,0.000000,315,0.000000,75.436777,-0.0,75.436777,2.333333
315_STEAM_4-2,17,100.399529,0.000000,0.000000,1.000000,0.000000,0.000000,0.000000,24.962753,0.000000,75.436777,0.000000,0.000000,0.000000,315,0.000000,100.399529,-0.0,100.399529,2.333333
315_STEAM_4-3,17,124.099655,0.000000,0.000000,1.000000,0.000000,0.000000,0.000000,48.662879,0.000000,75.436777,0.000000,0.000000,0.000000,315,0.000000,124.099655,-0.0,124.099655,2.333333
315_CT_8-0,17,26.401998,0.000000,0.000000,1.000000,0.000000,0.000000,0.000000,0.000000,0.000000,26.401998,0.000000,0.000000,0.000000,315,0.000000,26.401998,-0.0,26.401998,22.000000
315_CT_8-1,17,26.401998,0.000000,0.000000,1.000000,0.000000,0.000000,0.000000,0.000000,0.000000,26.401998,0.000000,0.000000,0.000000,315,0.000000,26.401998,-0.0,26.401998,11.000000
315_CT_8-2,17,26.895675,0.000000,0.000000,1.000000,0.000000,0.000000,0.000000,0.493677,0.000000,26.401998,0.000000,0.000000,0.000000,315,0.000000,26.895675,-0.0,26.895675,11.000000
315_CT_8-3,17,31.855768,0.000000,0.000000,1.000000,0.000000,0.000000,0.000000,5.453770,0.000000,26.401998,0.000000,0.000000,0.000000,315,0.000000,31.855768,-0.0,31.855768,11.000000
322_CT_6-0,17,23.334982,0.000000,0.000000,1.000000,0.000000,0.000000,0.000000,0.000000,0.000000,23.334982,0.000000,0.000000,0.000000,322,0.000000,23.334982,-0.0,23.334982,22.000000
322_CT_6-1,17,23.334982,0.000000,0.000000,1.000000,0.000000,0.000000,0.000000,0.000000,0.000000,23.334982,0.000000,0.000000,0.000000,322,0.000000,23.334982,-0.0,23.334982,11.000000
322_CT_6-2,17,26.499179,0.000000,0.000000,1.000000,0.000000,0.000000,0.000000,3.164197,0.000000,23.334982,0.000000,0.000000,0.000000,322,0.000000,26.499179,-0.0,26.499179,11.000000
322_CT_6-3,17,27.894691,0.000000,0.000000,1.000000,0.000000,0.000000,0.000000,4.559709,0.000000,23.334982,0.000000,0.000000,0.000000,322,0.000000,27.894691,-0.0,27.894691,11.000000
321_CC_1-0,17,22.732463,0.000000,0.000000,1.000000,0.000000,0.000000,0.000000,0.000000,0.000000,22.732463,0.000000,0.000000,0.000000,321,0.000000,22.732463,-0.0,22.732463,170.000000
321_CC_1-1,17,22.732463,0.000000,0.000000,1.000000,0.000000,0.000000,0.000000,0.000000,0.000000,22.732463,0.000000,0.000000,0.000000,321,0.000000,22.732463,-0.0,22.732463,61.666667
321_CC_1-2,17,25.908321,0.000000,0.000000,1.000000,0.000000,0.000000,0.000000,3.175859,0.000000,22.732463,0.000000,0.000000,0.000000,321,0.000000,25.908321,-0.0,25.908321,61.666667
321_CC_1-3,17,33.947092,0.000000,0.000000,1.000000,0.000000,0.000000,0.000000,11.214630,0.000000,22.732463,0.000000,0.000000,0.000000,321,0.000000,33.947092,-0.0,33.947092,61.666667
318_CC_1-0,17,26.845141,0.000000,0.000000,1.000000,0.000000,0.000000,0.000000,0.000000,0.000000,26.845141,0.000000,0.000000,0.000000,318,0.000000,26.845141,-0.0,26.845141,170.000000
318_CC_1-1,17,26.845141,0.000000,0.000000,1.000000,0.000000,0.000000,0.000000,0.000000,0.000000,26.845141,0.000000,0.000000,0.000000,318,0.000000,26.845141,-0.0,26.845141,61.666667
318_CC_1-2,17,27.276623,0.000000,0.000000,1.000000,0.000000,0.000000,0.000000,0.431481,0.000000,26.845141,0.000000,0.000000,0.000000,318,0.000000,27.276623,-0.0,27.276623,61.666667
318_CC_1-3,17,31.529241,0.000000,0.000000,1.000000,0.000000,0.000000,0.000000,4.684100,0.000000,26.845141,0.000000,0.000000,0.000000,318,0.000000,31.529241,-0.0,31.529241,61.666667
301_CT_2-0,17,87.255791,0.000000,0.000000,1.000000,0.000000,0.000000,0.000000,0.000000,0.000000,87.255791,0.000000,0.000000,0.000000,301,0.000000,87.255791,-0.0,87.255791,8.000000
301_CT_2-1,17,87.255791,0.000000,0.000000,1.000000,0.000000,0.000000,0.000000,0.000000,0.000000,87.255791,0.000000,0.000000,0.000000,301,0.000000,87.255791,-0.0,87.255791,4.000000
301_CT_2-2,17,99.695770,0.000000,0.000000,1.000000,0.000000,0.000000,0.000000,12.439979,0.000000,87.255791,0.000000,0.000000,0.000000,301,0.000000,99.695770,-0.0,99.695770,4.000000
301_CT_2-3,17,105.367241,0.000000,0.000000,1.000000,0.000000,0.000000,0.000000,18.111450,0.000000,87.255791,0.000000,0.000000,0.000000,301,0.000000,105.367241,-0.0,105.367241,4.000000
315_CT_7-0,17,26.401998,0.000000,0.000000,1.000000,0.000000,0.000000,0.000000,0.000000,0.000000,26.401998,0.000000,0.000000,0.000000,315,0.000000,26.401998,-0.0,26.401998,22.000000
315_CT_7-1,17,26.401998,0.000000,0.000000,1.000000,0.000000,0.000000,0.000000,0.000000,0.000000,26.401998,0.000000,0.000000,0.000000,315,0.000000,26.401998,-0.0,26.401998,11.000000
315_CT_7-2,17,26.895675,0.000000,0.000000,1.000000,0.000000,0.000000,0.000000,0.493677,0.000000,26.401998,0.000000,0.000000,0.000000,315,0.000000,26.895675,-0.0,26.895675,11.000000
315_CT_7-3,17,31.855768,0.000000,0.000000,1.000000,0.000000,0.000000,0.000000,5.453770,0.000000,26.401998,0.000000,0.000000,0.000000,315,0.000000,31.855768,-0.0,31.855768,11.000000
322_HYDRO_2-0,17,0.000000,0.000000,0.000000,1.000000,0.000000,0.000000,0.000000,0.000000,0.000000,0.000000,0.000000,0.000000,0.000000,322,0.000000,0.000000,0.0,0.000000,34.054167
322_HYDRO_2-1,17,0.000000,0.000000,0.000000,1.000000,0.000000,0.000000,0.000000,0.000000,0.000000,0.000000,0.000000,0.000000,0.000000,322,0.000000,0.000000,0.0,0.000000,0.000000
322_HYDRO_2-2,17,0.000000,0.000000,0.000000,1.000000,0.000000,0.000000,0.000000,0.000000,0.000000,0.000000,0.000000,0.000000,0.000000,322,0.000000,0.000000,0.0,0.000000,0.000000
322_HYDRO_2-3,17,0.000000,0.000000,0.000000,1.000000,0.000000,0.000000,0.000000,0.000000,0.000000,0.000000,0.000000,0.000000,0.000000,322,0.000000,0.000000,0.0,0.000000,0.000000
301_CT_3-0,17,28.469999,0.000000,0.000000,1.000000,0.000000,0.000000,0.000000,0.000000,0.000000,28.469999,0.000000,0.000000,0.000000,301,0.000000,28.469999,-0.0,28.469999,22.000000
301_CT_3-1,17,28.469999,0.000000,0.000000,1.000000,0.000000,0.000000,0.000000,0.000000,0.000000,28.469999,0.000000,0.000000,0.000000,301,0.000000,28.469999,-0.0,28.469999,11.000000
301_CT_3-2,17,29.286315,0.000000,0.000000,1.000000,0.000000,0.000000,0.000000,0.816316,0.000000,28.469999,0.000000,0.000000,0.000000,301,0.000000,29.286315,-0.0,29.286315,11.000000
301_CT_3-3,17,43.742887,0.000000,0.000000,1.000000,0.000000,0.000000,0.000000,15.272887,0.000000,28.469999,0.000000,0.000000,0.000000,301,0.000000,43.742887,-0.0,43.742887,11.000000
302_CT_3-0,17,33.791603,0.000000,0.000000,1.000000,0.000000,0.000000,0.000000,0.000000,0.000000,33.791603,0.000000,0.000000,0.000000,302,0.000000,33.791603,-0.0,33.791603,22.000000
302_CT_3-1,17,33.791603,0.000000,0.000000,1.000000,0.000000,0.000000,0.000000,0.000000,0.000000,33.791603,0.000000,0.000000,0.000000,302,0.000000,33.791603,-0.0,33.791603,11.000000
302_CT_3-2,17,38.382410,0.000000,0.000000,1.000000,0.000000,0.000000,0.000000,4.590807,0.000000,33.791603,0.000000,0.000000,0.000000,302,0.000000,38.382410,-0.0,38.382410,11.000000
302_CT_3-3,17,38.635080,0.000000,0.000000,1.000000,0.000000,0.000000,0.000000,4.843476,0.000000,33.791603,0.000000,0.000000,0.000000,302,0.000000,38.635080,-0.0,38.635080,11.000000
315_STEAM_2-0,17,75.436777,0.000000,0.000000,1.000000,0.000000,0.000000,0.000000,0.000000,0.000000,75.436777,0.000000,0.000000,0.000000,315,0.000000,75.436777,-0.0,75.436777,5.000000
315_STEAM_2-1,17,75.436777,0.000000,0.000000,1.000000,0.000000,0.000000,0.000000,0.000000,0.000000,75.436777,0.000000,0.000000,0.000000,315,0.000000,75.436777,-0.0,75.436777,2.333333
315_STEAM_2-2,17,100.399529,0.000000,0.000000,1.000000,0.000000,0.000000,0.000000,24.962753,0.000000,75.436777,0.000000,0.000000,0.000000,315,0.000000,100.399529,-0.0,100.399529,2.333333
315_STEAM_2-3,17,124.099655,0.000000,0.000000,1.000000,0.000000,0.000000,0.000000,48.662879,0.000000,75.436777,0.000000,0.000000,0.000000,315,0.000000,124.099655,-0.0,124.099655,2.333333
302_CT_4-0,17,33.791603,0.000000,0.000000,1.000000,0.000000,0.000000,0.000000,0.000000,0.000000,33.791603,0.000000,0.000000,0.000000,302,0.000000,33.791603,-0.0,33.791603,22.000000
302_CT_4-1,17,33.791603,0.000000,0.000000,1.000000,0.000000,0.000000,0.000000,0.000000,0.000000,33.791603,0.000000,0.000000,0.000000,302,0.000000,33.791603,-0.0,33.791603,11.000000
302_CT_4-2,17,38.382410,0.000000,0.000000,1.000000,0.000000,0.000000,0.000000,4.590807,0.000000,33.791603,0.000000,0.000000,0.000000,302,0.000000,38.382410,-0.0,38.382410,11.000000
302_CT_4-3,17,38.635080,0.000000,0.000000,1.000000,0.000000,0.000000,0.000000,4.843476,0.000000,33.791603,0.000000,0.000000,0.000000,302,0.000000,38.635080,-0.0,38.635080,11.000000
315_STEAM_5-0,17,75.436777,0.000000,0.000000,1.000000,0.000000,0.000000,0.000000,0.000000,0.000000,75.436777,0.000000,0.000000,0.000000,315,0.000000,75.436777,-0.0,75.436777,5.000000
315_STEAM_5-1,17,75.436777,0.000000,0.000000,1.000000,0.000000,0.000000,0.000000,0.000000,0.000000,75.436777,0.000000,0.000000,0.000000,315,0.000000,75.436777,-0.0,75.436777,2.333333
315_STEAM_5-2,17,100.399529,0.000000,0.000000,1.000000,0.000000,0.000000,0.000000,24.962753,0.000000,75.436777,0.000000,0.000000,0.000000,315,0.000000,100.399529,-0.0,100.399529,2.333333
315_STEAM_5-3,17,124.099655,0.000000,0.000000,1.000000,0.000000,0.000000,0.000000,48.662879,0.000000,75.436777,0.000000,0.000000,0.000000,315,0.000000,124.099655,-0.0,124.099655,2.333333
315_STEAM_3-0,17,75.436777,0.000000,0.000000,1.000000,0.000000,0.000000,0.000000,0.000000,0.000000,75.436777,0.000000,0.000000,0.000000,315,0.000000,75.436777,-0.0,75.436777,5.000000
315_STEAM_3-1,17,75.436777,0.000000,0.000000,1.000000,0.000000,0.000000,0.000000,0.000000,0.000000,75.436777,0.000000,0.000000,0.000000,315,0.000000,75.436777,-0.0,75.436777,2.333333
315_STEAM_3-2,17,100.399529,0.000000,0.000000,1.000000,0.000000,0.000000,0.000000,24.962753,0.000000,75.436777,0.000000,0.000000,0.000000,315,0.000000,100.399529,-0.0,100.399529,2.333333
315_STEAM_3-3,17,124.099655,0.000000,0.000000,1.000000,0.000000,0.000000,0.000000,48.662879,0.000000,75.436777,0.000000,0.000000,0.000000,315,0.000000,124.099655,-0.0,124.099655,2.333333
302_CT_1-0,17,87.255791,0.000000,0.000000,1.000000,0.000000,0.000000,0.000000,0.000000,0.000000,87.255791,0.000000,0.000000,0.000000,302,0.000000,87.255791,-0.0,87.255791,8.000000
302_CT_1-1,17,87.255791,0.000000,0.000000,1.000000,0.000000,0.000000,0.000000,0.000000,0.000000,87.255791,0.000000,0.000000,0.000000,302,0.000000,87.255791,-0.0,87.255791,4.000000
302_CT_1-2,17,99.695770,0.000000,0.000000,1.000000,0.000000,0.000000,0.000000,12.439979,0.000000,87.255791,0.000000,0.000000,0.000000,302,0.000000,99.695770,-0.0,99.695770,4.000000
302_CT_1-3,17,105.367241,0.000000,0.000000,1.000000,0.000000,0.000000,0.000000,18.111450,0.000000,87.255791,0.000000,0.000000,0.000000,302,0.000000,105.367241,-0.0,105.367241,4.000000
322_CT_5-0,17,23.334982,0.000000,0.000000,1.000000,0.000000,0.000000,0.000000,0.000000,0.000000,23.334982,0.000000,0.000000,0.000000,322,0.000000,23.334982,-0.0,23.334982,22.000000
322_CT_5-1,17,23.334982,0.000000,0.000000,1.000000,0.000000,0.000000,0.000000,0.000000,0.000000,23.334982,0.000000,0.000000,0.000000,322,0.000000,23.334982,-0.0,23.334982,11.000000
322_CT_5-2,17,26.499179,0.000000,0.000000,1.000000,0.000000,0.000000,0.000000,3.164197,0.000000,23.334982,0.000000,0.000000,0.000000,322,0.000000,26.499179,-0.0,26.499179,11.000000
322_CT_5-3,17,27.894691,0.000000,0.000000,1.000000,0.000000,0.000000,0.000000,4.559709,0.000000,23.334982,0.000000,0.000000,0.000000,322,0.000000,27.894691,-0.0,27.894691,11.000000
307_CT_2-0,17,27.894691,0.000000,0.000000,1.000000,0.000000,0.000000,0.000000,0.000000,0.000000,27.894691,0.000000,0.000000,0.000000,307,0.000000,27.894691,-0.0,27.894691,22.000000
307_CT_2-1,17,27.894691,0.000000,0.000000,1.000000,0.000000,0.000000,0.000000,0.000000,0.000000,27.894691,0.000000,0.000000,0.000000,307,0.000000,27.894691,-0.0,27.894691,11.000000
307_CT_2-2,17,29.220233,0.000000,0.000000,1.000000,0.000000,0.000000,0.000000,1.325542,0.000000,27.894691,0.000000,0.000000,0.000000,307,0.000000,29.220233,-0.0,29.220233,11.000000
307_CT_2-3,17,35.474770,0.000000,0.000000,1.000000,0.000000,0.000000,0.000000,7.580079,0.000000,27.894691,0.000000,0.000000,0.000000,307,0.000000,35.474770,-0.0,35.474770,11.000000
322_HYDRO_1-0,18,0.000000,35.362500,0.000000,1.000000,0.000000,0.000000,0.000000,0.000000,0.000000,0.000000,0.000000,0.000000,0.000000,322,0.000000,0.000000,0.0,0.000000,35.362500
322_HYDRO_1-1,18,0.000000,0.000000,0.000000,1.000000,0.000000,0.000000,0.000000,0.000000,0.000000,0.000000,0.000000,0.000000,0.000000,322,0.000000,0.000000,0.0,0.000000,0.000000
322_HYDRO_1-2,18,0.000000,0.000000,0.000000,1.000000,0.000000,0.000000,0.000000,0.000000,0.000000,0.000000,0.000000,0.000000,0.000000,322,0.000000,0.000000,0.0,0.000000,0.000000
322_HYDRO_1-3,18,0.000000,0.000000,0.000000,1.000000,0.000000,0.000000,0.000000,0.000000,0.000000,0.000000,0.000000,0.000000,0.000000,322,0.000000,0.000000,0.0,0.000000,0.000000
322_HYDRO_4-0,18,0.000000,35.362500,0.000000,1.000000,0.000000,0.000000,0.000000,0.000000,0.000000,0.000000,0.000000,0.000000,0.000000,322,0.000000,0.000000,0.0,0.000000,35.362500
322_HYDRO_4-1,18,0.000000,0.000000,0.000000,1.000000,0.000000,0.000000,0.000000,0.000000,0.000000,0.000000,0.000000,0.000000,0.000000,322,0.000000,0.000000,0.0,0.000000,0.000000
322_HYDRO_4-2,18,0.000000,0.000000,0.000000,1.000000,0.000000,0.000000,0.000000,0.000000,0.000000,0.000000,0.000000,0.000000,0.000000,322,0.000000,0.000000,0.0,0.000000,0.000000
322_HYDRO_4-3,18,0.000000,0.000000,0.000000,1.000000,0.000000,0.000000,0.000000,0.000000,0.000000,0.000000,0.000000,0.000000,0.000000,322,0.000000,0.000000,0.0,0.000000,0.000000
315_CT_6-0,18,26.401998,0.000000,0.000000,1.000000,0.000000,0.000000,0.000000,0.000000,0.000000,26.401998,0.000000,0.000000,0.000000,315,0.000000,26.401998,-0.0,26.401998,22.000000
315_CT_6-1,18,26.401998,0.000000,0.000000,1.000000,0.000000,0.000000,0.000000,0.000000,0.000000,26.401998,0.000000,0.000000,0.000000,315,0.000000,26.401998,-0.0,26.401998,11.000000
315_CT_6-2,18,26.895675,0.000000,0.000000,1.000000,0.000000,0.000000,0.000000,0.493677,0.000000,26.401998,0.000000,0.000000,0.000000,315,0.000000,26.895675,-0.0,26.895675,11.000000
315_CT_6-3,18,31.855768,0.000000,0.000000,1.000000,0.000000,0.000000,0.000000,5.453770,0.000000,26.401998,0.000000,0.000000,0.000000,315,0.000000,31.855768,-0.0,31.855768,11.000000
322_HYDRO_3-0,18,0.000000,0.000000,0.000000,1.000000,0.000000,0.000000,0.000000,0.000000,0.000000,0.000000,0.000000,0.000000,0.000000,322,0.000000,0.000000,0.0,0.000000,35.362500
322_HYDRO_3-1,18,0.000000,0.000000,0.000000,1.000000,0.000000,0.000000,0.000000,0.000000,0.000000,0.000000,0.000000,0.000000,0.000000,322,0.000000,0.000000,0.0,0.000000,0.000000
322_HYDRO_3-2,18,0.000000,0.000000,0.000000,1.000000,0.000000,0.000000,0.000000,0.000000,0.000000,0.000000,0.000000,0.000000,0.000000,322,0.000000,0.000000,0.0,0.000000,0.000000
322_HYDRO_3-3,18,0.000000,0.000000,0.000000,1.000000,0.000000,0.000000,0.000000,0.000000,0.000000,0.000000,0.000000,0.000000,0.000000,322,0.000000,0.000000,0.0,0.000000,0.000000
301_CT_4-0,18,28.469999,0.000000,0.000000,1.000000,0.000000,0.000000,0.000000,0.000000,0.000000,28.469999,0.000000,0.000000,0.000000,301,0.000000,28.469999,-0.0,28.469999,22.000000
301_CT_4-1,18,28.469999,0.000000,0.000000,1.000000,0.000000,0.000000,0.000000,0.000000,0.000000,28.469999,0.000000,0.000000,0.000000,301,0.000000,28.469999,-0.0,28.469999,11.000000
301_CT_4-2,18,29.286315,0.000000,0.000000,1.000000,0.000000,0.000000,0.000000,0.816316,0.000000,28.469999,0.000000,0.000000,0.000000,301,0.000000,29.286315,-0.0,29.286315,11.000000
301_CT_4-3,18,43.742887,0.000000,0.000000,1.000000,0.000000,0.000000,0.000000,15.272887,0.000000,28.469999,0.000000,0.000000,0.000000,301,0.000000,43.742887,-0.0,43.742887,11.000000
316_STEAM_1-0,18,21.116646,0.000000,0.000000,1.000000,0.000000,0.000000,0.000000,0.000000,0.000000,21.116646,0.000000,0.000000,0.000000,316,0.000000,21.116646,-0.0,21.116646,62.000000
316_STEAM_1-1,18,21.116646,0.000000,0.000000,1.000000,0.000000,0.000000,0.000000,0.000000,0.000000,21.116646,0.000000,0.000000,0.000000,316,0.000000,21.116646,-0.0,21.116646,31.000000
316_STEAM_1-2,18,21.287879,0.000000,0.000000,1.000000,0.000000,0.000000,0.000000,0.171233,0.000000,21.116646,0.000000,0.000000,0.000000,316,0.000000,21.287879,-0.0,21.287879,31.000000
316_STEAM_1-3,18,27.274699,0.000000,0.000000,1.000000,0.000000,0.000000,0.000000,6.158053,0.000000,21.116646,0.000000,0.000000,0.000000,316,0.000000,27.274699,-0.0,27.274699,31.000000
302_CT_2-0,18,87.255791,0.000000,0.000000,1.000000,0.000000,0.000000,0.000000,0.000000,0.000000,87.255791,0.000000,0.000000,0.000000,302,0.000000,87.255791,-0.0,87.255791,8.000000
302_CT_2-1,18,87.255791,0.000000,0.000000,1.000000,0.000000,0.000000,0.000000,0.000000,0.000000,87.255791,0.000000,0.000000,0.000000,302,0.000000,87.255791,-0.0,87.255791,4.000000
302_CT_2-2,18,99.695770,0.000000,0.000000,1.000000,0.000000,0.000000,0.000000,12.439979,0.000000,87.255791,0.000000,0.000000,0.000000,302,0.000000,99.695770,-0.0,99.695770,4.000000
302_CT_2-3,18,105.367241,0.000000,0.000000,1.000000,0.000000,0.000000,0.000000,18.111450,0.000000,87.255791,0.000000,0.000000,0.000000,302,0.000000,105.367241,-0.0,105.367241,4.000000
323_CC_2-0,18,26.429209,0.000000,0.000000,1.000000,0.000000,0.000000,0.000000,0.000000,0.000000,26.429209,0.000000,0.000000,0.000000,323,0.000000,26.429209,-0.0,26.429209,170.000000
323_CC_2-1,18,26.429209,0.000000,0.000000,1.000000,0.000000,0.000000,0.000000,0.000000,0.000000,26.429209,0.000000,0.000000,0.000000,323,0.000000,26.429209,-0.0,26.429209,61.666667
323_CC_2-2,18,30.277557,0.000000,0.000000,1.000000,0.000000,0.000000,0.000000,3.848348,0.000000,26.429209,0.000000,0.000000,0.000000,323,0.000000,30.277557,-0.0,30.277557,61.666667
323_CC_2-3,18,31.727490,0.000000,0.000000,1.000000,0.000000,0.000000,0.000000,5.298281,0.000000,26.429209,0.000000,0.000000,0.000000,323,0.000000,31.727490,-0.0,31.727490,61.666667
315_STEAM_1-0,18,75.436777,0.000000,0.000000,1.000000,0.000000,0.000000,0.000000,0.000000,0.000000,75.436777,0.000000,0.000000,0.000000,315,0.000000,75.436777,-0.0,75.436777,5.000000
315_STEAM_1-1,18,75.436777,0.000000,0.000000,1.000000,0.000000,0.000000,0.000000,0.000000,0.000000,75.436777,0.000000,0.000000,0.000000,315,0.000000,75.436777,-0.0,75.436777,2.333333
315_STEAM_1-2,18,100.399529,0.000000,0.000000,1.000000,0.000000,0.000000,0.000000,24.962753,0.000000,75.436777,0.000000,0.000000,0.000000,315,0.000000,100.399529,-0.0,100.399529,2.333333
315_STEAM_1-3,18,124.099655,0.000000,0.000000,1.000000,0.000000,0.000000,0.000000,48.662879,0.000000,75.436777,0.000000,0.000000,0.000000,315,0.000000,124.099655,-0.0,124.099655,2.333333
313_CC_1-0,18,15.731579,0.000000,0.000000,1.000000,0.000000,0.000000,0.000000,0.000000,0.000000,15.731579,0.000000,0.000000,0.000000,313,0.000000,15.731579,-0.0,15.731579,170.000000
313_CC_1-1,18,15.731579,0.000000,0.000000,1.000000,0.000000,0.000000,0.000000,0.000000,0.000000,15.731579,0.000000,0.000000,0.000000,313,0.000000,15.731579,-0.0,15.731579,61.666667
313_CC_1-2,18,26.755735,0.000000,0.000000,1.000000,0.000000,0.000000,0.000000,11.024156,0.000000,15.731579,0.000000,0.000000,0.000000,313,0.000000,26.755735,-0.0,26.755735,61.666667
313_CC_1-3,18,33.752731,0.000000,0.000000,1.000000,0.000000,0.000000,0.000000,18.021152,0.000000,15.731579,0.000000,0.000000,0.000000,313,0.000000,33.752731,-0.0,33.752731,61.666667
323_CC_1-0,18,26.429209,0.000000,0.000000,1.000000,0.000000,0.000000,0.000000,0.000000,0.000000,26.429209,0.000000,0.000000,0.000000,323,0.000000,26.429209,-0.0,26.429209,170.000000
323_CC_1-1,18,26.429209,0.000000,0.000000,1.000000,0.000000,0.000000,0.000000,0.000000,0.000000,26.429209,0.000000,0.000000,0.000000,323,0.000000,26.429209,-0.0,26.429209,61.666667
323_CC_1-2,18,30.277557,0.000000,0.000000,1.000000,0.000000,0.000000,0.000000,3.848348,0.000000,26.429209,0.000000,0.000000,0.000000,323,0.000000,30.277557,-0.0,30.277557,61.666667
323_CC_1-3,18,31.727490,0.000000,0.000000,1.000000,0.000000,0.000000,0.000000,5.298281,0.000000,26.429209,0.000000,0.000000,0.000000,323,0.000000,31.727490,-0.0,31.727490,61.666667
301_CT_1-0,18,87.255791,0.000000,0.000000,1.000000,0.000000,0.000000,0.000000,0.000000,0.000000,87.255791,0.000000,0.000000,0.000000,301,0.000000,87.255791,-0.0,87.255791,8.000000
301_CT_1-1,18,87.255791,0.000000,0.000000,1.000000,0.000000,0.000000,0.000000,0.000000,0.000000,87.255791,0.000000,0.000000,0.000000,301,0.000000,87.255791,-0.0,87.255791,4.000000
301_CT_1-2,18,99.695770,0.000000,0.000000,1.000000,0.000000,0.000000,0.000000,12.439979,0.000000,87.255791,0.000000,0.000000,0.000000,301,0.000000,99.695770,-0.0,99.695770,4.000000
301_CT_1-3,18,105.367241,0.000000,0.000000,1.000000,0.000000,0.000000,0.000000,18.111450,0.000000,87.255791,0.000000,0.000000,0.000000,301,0.000000,105.367241,-0.0,105.367241,4.000000
307_CT_1-0,18,27.894691,0.000000,0.000000,1.000000,0.000000,0.000000,0.000000,0.000000,0.000000,27.894691,0.000000,0.000000,0.000000,307,0.000000,27.894691,-0.0,27.894691,22.000000
307_CT_1-1,18,27.894691,0.000000,0.000000,1.000000,0.000000,0.000000,0.000000,0.000000,0.000000,27.894691,0.000000,0.000000,0.000000,307,0.000000,27.894691,-0.0,27.894691,11.000000
307_CT_1-2,18,29.220233,0.000000,0.000000,1.000000,0.000000,0.000000,0.000000,1.325542,0.000000,27.894691,0.000000,0.000000,0.000000,307,0.000000,29.220233,-0.0,29.220233,11.000000
307_CT_1-3,18,35.474770,0.000000,0.000000,1.000000,0.000000,0.000000,0.000000,7.580079,0.000000,27.894691,0.000000,0.000000,0.000000,307,0.000000,35.474770,-0.0,35.474770,11.000000
315_STEAM_4-0,18,75.436777,0.000000,0.000000,1.000000,0.000000,0.000000,0.000000,0.000000,0.000000,75.436777,0.000000,0.000000,0.000000,315,0.000000,75.436777,-0.0,75.436777,5.000000
315_STEAM_4-1,18,75.436777,0.000000,0.000000,1.000000,0.000000,0.000000,0.000000,0.000000,0.000000,75.436777,0.000000,0.000000,0.000000,315,0.000000,75.436777,-0.0,75.436777,2.333333
315_STEAM_4-2,18,100.399529,0.000000,0.000000,1.000000,0.000000,0.000000,0.000000,24.962753,0.000000,75.436777,0.000000,0.000000,0.000000,315,0.000000,100.399529,-0.0,100.399529,2.333333
315_STEAM_4-3,18,124.099655,0.000000,0.000000,1.000000,0.000000,0.000000,0.000000,48.662879,0.000000,75.436777,0.000000,0.000000,0.000000,315,0.000000,124.099655,-0.0,124.099655,2.333333
315_CT_8-0,18,26.401998,0.000000,0.000000,1.000000,0.000000,0.000000,0.000000,0.000000,0.000000,26.401998,0.000000,0.000000,0.000000,315,0.000000,26.401998,-0.0,26.401998,22.000000
315_CT_8-1,18,26.401998,0.000000,0.000000,1.000000,0.000000,0.000000,0.000000,0.000000,0.000000,26.401998,0.000000,0.000000,0.000000,315,0.000000,26.401998,-0.0,26.401998,11.000000
315_CT_8-2,18,26.895675,0.000000,0.000000,1.000000,0.000000,0.000000,0.000000,0.493677,0.000000,26.401998,0.000000,0.000000,0.000000,315,0.000000,26.895675,-0.0,26.895675,11.000000
315_CT_8-3,18,31.855768,0.000000,0.000000,1.000000,0.000000,0.000000,0.000000,5.453770,0.000000,26.401998,0.000000,0.000000,0.000000,315,0.000000,31.855768,-0.0,31.855768,11.000000
322_CT_6-0,18,23.334982,0.000000,0.000000,1.000000,0.000000,0.000000,0.000000,0.000000,0.000000,23.334982,0.000000,0.000000,0.000000,322,0.000000,23.334982,-0.0,23.334982,22.000000
322_CT_6-1,18,23.334982,0.000000,0.000000,1.000000,0.000000,0.000000,0.000000,0.000000,0.000000,23.334982,0.000000,0.000000,0.000000,322,0.000000,23.334982,-0.0,23.334982,11.000000
322_CT_6-2,18,26.499179,0.000000,0.000000,1.000000,0.000000,0.000000,0.000000,3.164197,0.000000,23.334982,0.000000,0.000000,0.000000,322,0.000000,26.499179,-0.0,26.499179,11.000000
322_CT_6-3,18,27.894691,0.000000,0.000000,1.000000,0.000000,0.000000,0.000000,4.559709,0.000000,23.334982,0.000000,0.000000,0.000000,322,0.000000,27.894691,-0.0,27.894691,11.000000
321_CC_1-0,18,22.732463,0.000000,0.000000,1.000000,0.000000,0.000000,0.000000,0.000000,0.000000,22.732463,0.000000,0.000000,0.000000,321,0.000000,22.732463,-0.0,22.732463,170.000000
321_CC_1-1,18,22.732463,0.000000,0.000000,1.000000,0.000000,0.000000,0.000000,0.000000,0.000000,22.732463,0.000000,0.000000,0.000000,321,0.000000,22.732463,-0.0,22.732463,61.666667
321_CC_1-2,18,25.908321,0.000000,0.000000,1.000000,0.000000,0.000000,0.000000,3.175859,0.000000,22.732463,0.000000,0.000000,0.000000,321,0.000000,25.908321,-0.0,25.908321,61.666667
321_CC_1-3,18,33.947092,0.000000,0.000000,1.000000,0.000000,0.000000,0.000000,11.214630,0.000000,22.732463,0.000000,0.000000,0.000000,321,0.000000,33.947092,-0.0,33.947092,61.666667
318_CC_1-0,18,26.845141,0.000000,0.000000,1.000000,0.000000,0.000000,0.000000,0.000000,0.000000,26.845141,0.000000,0.000000,0.000000,318,0.000000,26.845141,-0.0,26.845141,170.000000
318_CC_1-1,18,26.845141,0.000000,0.000000,1.000000,0.000000,0.000000,0.000000,0.000000,0.000000,26.845141,0.000000,0.000000,0.000000,318,0.000000,26.845141,-0.0,26.845141,61.666667
318_CC_1-2,18,27.276623,0.000000,0.000000,1.000000,0.000000,0.000000,0.000000,0.431481,0.000000,26.845141,0.000000,0.000000,0.000000,318,0.000000,27.276623,-0.0,27.276623,61.666667
318_CC_1-3,18,31.529241,0.000000,0.000000,1.000000,0.000000,0.000000,0.000000,4.684100,0.000000,26.845141,0.000000,0.000000,0.000000,318,0.000000,31.529241,-0.0,31.529241,61.666667
301_CT_2-0,18,87.255791,0.000000,0.000000,1.000000,0.000000,0.000000,0.000000,0.000000,0.000000,87.255791,0.000000,0.000000,0.000000,301,0.000000,87.255791,-0.0,87.255791,8.000000
301_CT_2-1,18,87.255791,0.000000,0.000000,1.000000,0.000000,0.000000,0.000000,0.000000,0.000000,87.255791,0.000000,0.000000,0.000000,301,0.000000,87.255791,-0.0,87.255791,4.000000
301_CT_2-2,18,99.695770,0.000000,0.000000,1.000000,0.000000,0.000000,0.000000,12.439979,0.000000,87.255791,0.000000,0.000000,0.000000,301,0.000000,99.695770,-0.0,99.695770,4.000000
301_CT_2-3,18,105.367241,0.000000,0.000000,1.000000,0.000000,0.000000,0.000000,18.111450,0.000000,87.255791,0.000000,0.000000,0.000000,301,0.000000,105.367241,-0.0,105.367241,4.000000
315_CT_7-0,18,26.401998,0.000000,0.000000,1.000000,0.000000,0.000000,0.000000,0.000000,0.000000,26.401998,0.000000,0.000000,0.000000,315,0.000000,26.401998,-0.0,26.401998,22.000000
315_CT_7-1,18,26.401998,0.000000,0.000000,1.000000,0.000000,0.000000,0.000000,0.000000,0.000000,26.401998,0.000000,0.000000,0.000000,315,0.000000,26.401998,-0.0,26.401998,11.000000
315_CT_7-2,18,26.895675,0.000000,0.000000,1.000000,0.000000,0.000000,0.000000,0.493677,0.000000,26.401998,0.000000,0.000000,0.000000,315,0.000000,26.895675,-0.0,26.895675,11.000000
315_CT_7-3,18,31.855768,0.000000,0.000000,1.000000,0.000000,0.000000,0.000000,5.453770,0.000000,26.401998,0.000000,0.000000,0.000000,315,0.000000,31.855768,-0.0,31.855768,11.000000
322_HYDRO_2-0,18,0.000000,35.362500,0.000000,1.000000,0.000000,0.000000,0.000000,0.000000,0.000000,0.000000,0.000000,0.000000,0.000000,322,0.000000,0.000000,0.0,0.000000,35.362500
322_HYDRO_2-1,18,0.000000,0.000000,0.000000,1.000000,0.000000,0.000000,0.000000,0.000000,0.000000,0.000000,0.000000,0.000000,0.000000,322,0.000000,0.000000,0.0,0.000000,0.000000
322_HYDRO_2-2,18,0.000000,0.000000,0.000000,1.000000,0.000000,0.000000,0.000000,0.000000,0.000000,0.000000,0.000000,0.000000,0.000000,322,0.000000,0.000000,0.0,0.000000,0.000000
322_HYDRO_2-3,18,0.000000,0.000000,0.000000,1.000000,0.000000,0.000000,0.000000,0.000000,0.000000,0.000000,0.000000,0.000000,0.000000,322,0.000000,0.000000,0.0,0.000000,0.000000
301_CT_3-0,18,28.469999,0.000000,0.000000,1.000000,0.000000,0.000000,0.000000,0.000000,0.000000,28.469999,0.000000,0.000000,0.000000,301,0.000000,28.469999,-0.0,28.469999,22.000000
301_CT_3-1,18,28.469999,0.000000,0.000000,1.000000,0.000000,0.000000,0.000000,0.000000,0.000000,28.469999,0.000000,0.000000,0.000000,301,0.000000,28.469999,-0.0,28.469999,11.000000
301_CT_3-2,18,29.286315,0.000000,0.000000,1.000000,0.000000,0.000000,0.000000,0.816316,0.000000,28.469999,0.000000,0.000000,0.000000,301,0.000000,29.286315,-0.0,29.286315,11.000000
301_CT_3-3,18,43.742887,0.000000,0.000000,1.000000,0.000000,0.000000,0.000000,15.272887,0.000000,28.469999,0.000000,0.000000,0.000000,301,0.000000,43.742887,-0.0,43.742887,11.000000
302_CT_3-0,18,33.791603,0.000000,0.000000,1.000000,0.000000,0.000000,0.000000,0.000000,0.000000,33.791603,0.000000,0.000000,0.000000,302,0.000000,33.791603,-0.0,33.791603,22.000000
302_CT_3-1,18,33.791603,0.000000,0.000000,1.000000,0.000000,0.000000,0.000000,0.000000,0.000000,33.791603,0.000000,0.000000,0.000000,302,0.000000,33.791603,-0.0,33.791603,11.000000
302_CT_3-2,18,38.382410,0.000000,0.000000,1.000000,0.000000,0.000000,0.000000,4.590807,0.000000,33.791603,0.000000,0.000000,0.000000,302,0.000000,38.382410,-0.0,38.382410,11.000000
302_CT_3-3,18,38.635080,0.000000,0.000000,1.000000,0.000000,0.000000,0.000000,4.843476,0.000000,33.791603,0.000000,0.000000,0.000000,302,0.000000,38.635080,-0.0,38.635080,11.000000
315_STEAM_2-0,18,75.436777,0.000000,0.000000,1.000000,0.000000,0.000000,0.000000,0.000000,0.000000,75.436777,0.000000,0.000000,0.000000,315,0.000000,75.436777,-0.0,75.436777,5.000000
315_STEAM_2-1,18,75.436777,0.000000,0.000000,1.000000,0.000000,0.000000,0.000000,0.000000,0.000000,75.436777,0.000000,0.000000,0.000000,315,0.000000,75.436777,-0.0,75.436777,2.333333
315_STEAM_2-2,18,100.399529,0.000000,0.000000,1.000000,0.000000,0.000000,0.000000,24.962753,0.000000,75.436777,0.000000,0.000000,0.000000,315,0.000000,100.399529,-0.0,100.399529,2.333333
315_STEAM_2-3,18,124.099655,0.000000,0.000000,1.000000,0.000000,0.000000,0.000000,48.662879,0.000000,75.436777,0.000000,0.000000,0.000000,315,0.000000,124.099655,-0.0,124.099655,2.333333
302_CT_4-0,18,33.791603,0.000000,0.000000,1.000000,0.000000,0.000000,0.000000,0.000000,0.000000,33.791603,0.000000,0.000000,0.000000,302,0.000000,33.791603,-0.0,33.791603,22.000000
302_CT_4-1,18,33.791603,0.000000,0.000000,1.000000,0.000000,0.000000,0.000000,0.000000,0.000000,33.791603,0.000000,0.000000,0.000000,302,0.000000,33.791603,-0.0,33.791603,11.000000
302_CT_4-2,18,38.382410,0.000000,0.000000,1.000000,0.000000,0.000000,0.000000,4.590807,0.000000,33.791603,0.000000,0.000000,0.000000,302,0.000000,38.382410,-0.0,38.382410,11.000000
302_CT_4-3,18,38.635080,0.000000,0.000000,1.000000,0.000000,0.000000,0.000000,4.843476,0.000000,33.791603,0.000000,0.000000,0.000000,302,0.000000,38.635080,-0.0,38.635080,11.000000
315_STEAM_5-0,18,75.436777,0.000000,0.000000,1.000000,0.000000,0.000000,0.000000,0.000000,0.000000,75.436777,0.000000,0.000000,0.000000,315,0.000000,75.436777,-0.0,75.436777,5.000000
315_STEAM_5-1,18,75.436777,0.000000,0.000000,1.000000,0.000000,0.000000,0.000000,0.000000,0.000000,75.436777,0.000000,0.000000,0.000000,315,0.000000,75.436777,-0.0,75.436777,2.333333
315_STEAM_5-2,18,100.399529,0.000000,0.000000,1.000000,0.000000,0.000000,0.000000,24.962753,0.000000,75.436777,0.000000,0.000000,0.000000,315,0.000000,100.399529,-0.0,100.399529,2.333333
315_STEAM_5-3,18,124.099655,0.000000,0.000000,1.000000,0.000000,0.000000,0.000000,48.662879,0.000000,75.436777,0.000000,0.000000,0.000000,315,0.000000,124.099655,-0.0,124.099655,2.333333
315_STEAM_3-0,18,75.436777,0.000000,0.000000,1.000000,0.000000,0.000000,0.000000,0.000000,0.000000,75.436777,0.000000,0.000000,0.000000,315,0.000000,75.436777,-0.0,75.436777,5.000000
315_STEAM_3-1,18,75.436777,0.000000,0.000000,1.000000,0.000000,0.000000,0.000000,0.000000,0.000000,75.436777,0.000000,0.000000,0.000000,315,0.000000,75.436777,-0.0,75.436777,2.333333
315_STEAM_3-2,18,100.399529,0.000000,0.000000,1.000000,0.000000,0.000000,0.000000,24.962753,0.000000,75.436777,0.000000,0.000000,0.000000,315,0.000000,100.399529,-0.0,100.399529,2.333333
315_STEAM_3-3,18,124.099655,0.000000,0.000000,1.000000,0.000000,0.000000,0.000000,48.662879,0.000000,75.436777,0.000000,0.000000,0.000000,315,0.000000,124.099655,-0.0,124.099655,2.333333
302_CT_1-0,18,87.255791,0.000000,0.000000,1.000000,0.000000,0.000000,0.000000,0.000000,0.000000,87.255791,0.000000,0.000000,0.000000,302,0.000000,87.255791,-0.0,87.255791,8.000000
302_CT_1-1,18,87.255791,0.000000,0.000000,1.000000,0.000000,0.000000,0.000000,0.000000,0.000000,87.255791,0.000000,0.000000,0.000000,302,0.000000,87.255791,-0.0,87.255791,4.000000
302_CT_1-2,18,99.695770,0.000000,0.000000,1.000000,0.000000,0.000000,0.000000,12.439979,0.000000,87.255791,0.000000,0.000000,0.000000,302,0.000000,99.695770,-0.0,99.695770,4.000000
302_CT_1-3,18,105.367241,0.000000,0.000000,1.000000,0.000000,0.000000,0.000000,18.111450,0.000000,87.255791,0.000000,0.000000,0.000000,302,0.000000,105.367241,-0.0,105.367241,4.000000
322_CT_5-0,18,23.334982,0.000000,0.000000,1.000000,0.000000,0.000000,0.000000,0.000000,0.000000,23.334982,0.000000,0.000000,0.000000,322,0.000000,23.334982,-0.0,23.334982,22.000000
322_CT_5-1,18,23.334982,0.000000,0.000000,1.000000,0.000000,0.000000,0.000000,0.000000,0.000000,23.334982,0.000000,0.000000,0.000000,322,0.000000,23.334982,-0.0,23.334982,11.000000
322_CT_5-2,18,26.499179,0.000000,0.000000,1.000000,0.000000,0.000000,0.000000,3.164197,0.000000,23.334982,0.000000,0.000000,0.000000,322,0.000000,26.499179,-0.0,26.499179,11.000000
322_CT_5-3,18,27.894691,0.000000,0.000000,1.000000,0.000000,0.000000,0.000000,4.559709,0.000000,23.334982,0.000000,0.000000,0.000000,322,0.000000,27.894691,-0.0,27.894691,11.000000
307_CT_2-0,18,27.894691,0.000000,0.000000,1.000000,0.000000,0.000000,0.000000,0.000000,0.000000,27.894691,0.000000,0.000000,0.000000,307,0.000000,27.894691,-0.0,27.894691,22.000000
307_CT_2-1,18,27.894691,0.000000,0.000000,1.000000,0.000000,0.000000,0.000000,0.000000,0.000000,27.894691,0.000000,0.000000,0.000000,307,0.000000,27.894691,-0.0,27.894691,11.000000
307_CT_2-2,18,29.220233,0.000000,0.000000,1.000000,0.000000,0.000000,0.000000,1.325542,0.000000,27.894691,0.000000,0.000000,0.000000,307,0.000000,29.220233,-0.0,29.220233,11.000000
307_CT_2-3,18,35.474770,0.000000,0.000000,1.000000,0.000000,0.000000,0.000000,7.580079,0.000000,27.894691,0.000000,0.000000,0.000000,307,0.000000,35.474770,-0.0,35.474770,11.000000
322_HYDRO_1-0,19,0.000000,35.283333,0.000000,1.000000,0.000000,0.000000,0.000000,0.000000,0.000000,0.000000,0.000000,0.000000,0.000000,322,0.000000,0.000000,0.0,0.000000,35.283333
322_HYDRO_1-1,19,0.000000,0.000000,0.000000,1.000000,0.000000,0.000000,0.000000,0.000000,0.000000,0.000000,0.000000,0.000000,0.000000,322,0.000000,0.000000,0.0,0.000000,0.000000
322_HYDRO_1-2,19,0.000000,0.000000,0.000000,1.000000,0.000000,0.000000,0.000000,0.000000,0.000000,0.000000,0.000000,0.000000,0.000000,322,0.000000,0.000000,0.0,0.000000,0.000000
322_HYDRO_1-3,19,0.000000,0.000000,0.000000,1.000000,0.000000,0.000000,0.000000,0.000000,0.000000,0.000000,0.000000,0.000000,0.000000,322,0.000000,0.000000,0.0,0.000000,0.000000
322_HYDRO_4-0,19,0.000000,35.283333,0.000000,1.000000,0.000000,0.000000,0.000000,0.000000,0.000000,0.000000,0.000000,0.000000,0.000000,322,0.000000,0.000000,0.0,0.000000,35.283333
322_HYDRO_4-1,19,0.000000,0.000000,0.000000,1.000000,0.000000,0.000000,0.000000,0.000000,0.000000,0.000000,0.000000,0.000000,0.000000,322,0.000000,0.000000,0.0,0.000000,0.000000
322_HYDRO_4-2,19,0.000000,0.000000,0.000000,1.000000,0.000000,0.000000,0.000000,0.000000,0.000000,0.000000,0.000000,0.000000,0.000000,322,0.000000,0.000000,0.0,0.000000,0.000000
322_HYDRO_4-3,19,0.000000,0.000000,0.000000,1.000000,0.000000,0.000000,0.000000,0.000000,0.000000,0.000000,0.000000,0.000000,0.000000,322,0.000000,0.000000,0.0,0.000000,0.000000
315_CT_6-0,19,26.401998,0.000000,0.000000,1.000000,0.000000,0.000000,0.000000,0.000000,0.000000,26.401998,0.000000,0.000000,0.000000,315,0.000000,26.401998,-0.0,26.401998,22.000000
315_CT_6-1,19,26.401998,0.000000,0.000000,1.000000,0.000000,0.000000,0.000000,0.000000,0.000000,26.401998,0.000000,0.000000,0.000000,315,0.000000,26.401998,-0.0,26.401998,11.000000
315_CT_6-2,19,26.895675,0.000000,0.000000,1.000000,0.000000,0.000000,0.000000,0.493677,0.000000,26.401998,0.000000,0.000000,0.000000,315,0.000000,26.895675,-0.0,26.895675,11.000000
315_CT_6-3,19,31.855768,0.000000,0.000000,1.000000,0.000000,0.000000,0.000000,5.453770,0.000000,26.401998,0.000000,0.000000,0.000000,315,0.000000,31.855768,-0.0,31.855768,11.000000
322_HYDRO_3-0,19,0.000000,0.000000,0.000000,1.000000,0.000000,0.000000,0.000000,0.000000,0.000000,0.000000,0.000000,0.000000,0.000000,322,0.000000,0.000000,0.0,0.000000,35.283333
322_HYDRO_3-1,19,0.000000,0.000000,0.000000,1.000000,0.000000,0.000000,0.000000,0.000000,0.000000,0.000000,0.000000,0.000000,0.000000,322,0.000000,0.000000,0.0,0.000000,0.000000
322_HYDRO_3-2,19,0.000000,0.000000,0.000000,1.000000,0.000000,0.000000,0.000000,0.000000,0.000000,0.000000,0.000000,0.000000,0.000000,322,0.000000,0.000000,0.0,0.000000,0.000000
322_HYDRO_3-3,19,0.000000,0.000000,0.000000,1.000000,0.000000,0.000000,0.000000,0.000000,0.000000,0.000000,0.000000,0.000000,0.000000,322,0.000000,0.000000,0.0,0.000000,0.000000
301_CT_4-0,19,28.469999,0.000000,0.000000,1.000000,0.000000,0.000000,0.000000,0.000000,0.000000,28.469999,0.000000,0.000000,0.000000,301,0.000000,28.469999,-0.0,28.469999,22.000000
301_CT_4-1,19,28.469999,0.000000,0.000000,1.000000,0.000000,0.000000,0.000000,0.000000,0.000000,28.469999,0.000000,0.000000,0.000000,301,0.000000,28.469999,-0.0,28.469999,11.000000
301_CT_4-2,19,29.286315,0.000000,0.000000,1.000000,0.000000,0.000000,0.000000,0.816316,0.000000,28.469999,0.000000,0.000000,0.000000,301,0.000000,29.286315,-0.0,29.286315,11.000000
301_CT_4-3,19,43.742887,0.000000,0.000000,1.000000,0.000000,0.000000,0.000000,15.272887,0.000000,28.469999,0.000000,0.000000,0.000000,301,0.000000,43.742887,-0.0,43.742887,11.000000
316_STEAM_1-0,19,21.116646,0.000000,0.000000,1.000000,0.000000,0.000000,0.000000,0.000000,0.000000,21.116646,0.000000,0.000000,0.000000,316,0.000000,21.116646,-0.0,21.116646,62.000000
316_STEAM_1-1,19,21.116646,0.000000,0.000000,1.000000,0.000000,0.000000,0.000000,0.000000,0.000000,21.116646,0.000000,0.000000,0.000000,316,0.000000,21.116646,-0.0,21.116646,31.000000
316_STEAM_1-2,19,21.287879,0.000000,0.000000,1.000000,0.000000,0.000000,0.000000,0.171233,0.000000,21.116646,0.000000,0.000000,0.000000,316,0.000000,21.287879,-0.0,21.287879,31.000000
316_STEAM_1-3,19,27.274699,0.000000,0.000000,1.000000,0.000000,0.000000,0.000000,6.158053,0.000000,21.116646,0.000000,0.000000,0.000000,316,0.000000,27.274699,-0.0,27.274699,31.000000
302_CT_2-0,19,87.255791,0.000000,0.000000,1.000000,0.000000,0.000000,0.000000,0.000000,0.000000,87.255791,0.000000,0.000000,0.000000,302,0.000000,87.255791,-0.0,87.255791,8.000000
302_CT_2-1,19,87.255791,0.000000,0.000000,1.000000,0.000000,0.000000,0.000000,0.000000,0.000000,87.255791,0.000000,0.000000,0.000000,302,0.000000,87.255791,-0.0,87.255791,4.000000
302_CT_2-2,19,99.695770,0.000000,0.000000,1.000000,0.000000,0.000000,0.000000,12.439979,0.000000,87.255791,0.000000,0.000000,0.000000,302,0.000000,99.695770,-0.0,99.695770,4.000000
302_CT_2-3,19,105.367241,0.000000,0.000000,1.000000,0.000000,0.000000,0.000000,18.111450,0.000000,87.255791,0.000000,0.000000,0.000000,302,0.000000,105.367241,-0.0,105.367241,4.000000
323_CC_2-0,19,26.429209,0.000000,0.000000,1.000000,0.000000,0.000000,0.000000,0.000000,0.000000,26.429209,0.000000,0.000000,0.000000,323,0.000000,26.429209,-0.0,26.429209,170.000000
323_CC_2-1,19,26.429209,0.000000,0.000000,1.000000,0.000000,0.000000,0.000000,0.000000,0.000000,26.429209,0.000000,0.000000,0.000000,323,0.000000,26.429209,-0.0,26.429209,61.666667
323_CC_2-2,19,30.277557,0.000000,0.000000,1.000000,0.000000,0.000000,0.000000,3.848348,0.000000,26.429209,0.000000,0.000000,0.000000,323,0.000000,30.277557,-0.0,30.277557,61.666667
323_CC_2-3,19,31.727490,0.000000,0.000000,1.000000,0.000000,0.000000,0.000000,5.298281,0.000000,26.429209,0.000000,0.000000,0.000000,323,0.000000,31.727490,-0.0,31.727490,61.666667
315_STEAM_1-0,19,75.436777,0.000000,0.000000,1.000000,0.000000,0.000000,0.000000,0.000000,0.000000,75.436777,0.000000,0.000000,0.000000,315,0.000000,75.436777,-0.0,75.436777,5.000000
315_STEAM_1-1,19,75.436777,0.000000,0.000000,1.000000,0.000000,0.000000,0.000000,0.000000,0.000000,75.436777,0.000000,0.000000,0.000000,315,0.000000,75.436777,-0.0,75.436777,2.333333
315_STEAM_1-2,19,100.399529,0.000000,0.000000,1.000000,0.000000,0.000000,0.000000,24.962753,0.000000,75.436777,0.000000,0.000000,0.000000,315,0.000000,100.399529,-0.0,100.399529,2.333333
315_STEAM_1-3,19,124.099655,0.000000,0.000000,1.000000,0.000000,0.000000,0.000000,48.662879,0.000000,75.436777,0.000000,0.000000,0.000000,315,0.000000,124.099655,-0.0,124.099655,2.333333
313_CC_1-0,19,15.731579,0.000000,0.000000,1.000000,0.000000,0.000000,0.000000,0.000000,0.000000,15.731579,0.000000,0.000000,0.000000,313,0.000000,15.731579,-0.0,15.731579,170.000000
313_CC_1-1,19,15.731579,0.000000,0.000000,1.000000,0.000000,0.000000,0.000000,0.000000,0.000000,15.731579,0.000000,0.000000,0.000000,313,0.000000,15.731579,-0.0,15.731579,61.666667
313_CC_1-2,19,26.755735,0.000000,0.000000,1.000000,0.000000,0.000000,0.000000,11.024156,0.000000,15.731579,0.000000,0.000000,0.000000,313,0.000000,26.755735,-0.0,26.755735,61.666667
313_CC_1-3,19,33.752731,0.000000,0.000000,1.000000,0.000000,0.000000,0.000000,18.021152,0.000000,15.731579,0.000000,0.000000,0.000000,313,0.000000,33.752731,-0.0,33.752731,61.666667
323_CC_1-0,19,26.429209,0.000000,0.000000,1.000000,0.000000,0.000000,0.000000,0.000000,0.000000,26.429209,0.000000,0.000000,0.000000,323,0.000000,26.429209,-0.0,26.429209,170.000000
323_CC_1-1,19,26.429209,0.000000,0.000000,1.000000,0.000000,0.000000,0.000000,0.000000,0.000000,26.429209,0.000000,0.000000,0.000000,323,0.000000,26.429209,-0.0,26.429209,61.666667
323_CC_1-2,19,30.277557,0.000000,0.000000,1.000000,0.000000,0.000000,0.000000,3.848348,0.000000,26.429209,0.000000,0.000000,0.000000,323,0.000000,30.277557,-0.0,30.277557,61.666667
323_CC_1-3,19,31.727490,0.000000,0.000000,1.000000,0.000000,0.000000,0.000000,5.298281,0.000000,26.429209,0.000000,0.000000,0.000000,323,0.000000,31.727490,-0.0,31.727490,61.666667
301_CT_1-0,19,87.255791,0.000000,0.000000,1.000000,0.000000,0.000000,0.000000,0.000000,0.000000,87.255791,0.000000,0.000000,0.000000,301,0.000000,87.255791,-0.0,87.255791,8.000000
301_CT_1-1,19,87.255791,0.000000,0.000000,1.000000,0.000000,0.000000,0.000000,0.000000,0.000000,87.255791,0.000000,0.000000,0.000000,301,0.000000,87.255791,-0.0,87.255791,4.000000
301_CT_1-2,19,99.695770,0.000000,0.000000,1.000000,0.000000,0.000000,0.000000,12.439979,0.000000,87.255791,0.000000,0.000000,0.000000,301,0.000000,99.695770,-0.0,99.695770,4.000000
301_CT_1-3,19,105.367241,0.000000,0.000000,1.000000,0.000000,0.000000,0.000000,18.111450,0.000000,87.255791,0.000000,0.000000,0.000000,301,0.000000,105.367241,-0.0,105.367241,4.000000
307_CT_1-0,19,27.894691,0.000000,0.000000,1.000000,0.000000,0.000000,0.000000,0.000000,0.000000,27.894691,0.000000,0.000000,0.000000,307,0.000000,27.894691,-0.0,27.894691,22.000000
307_CT_1-1,19,27.894691,0.000000,0.000000,1.000000,0.000000,0.000000,0.000000,0.000000,0.000000,27.894691,0.000000,0.000000,0.000000,307,0.000000,27.894691,-0.0,27.894691,11.000000
307_CT_1-2,19,29.220233,0.000000,0.000000,1.000000,0.000000,0.000000,0.000000,1.325542,0.000000,27.894691,0.000000,0.000000,0.000000,307,0.000000,29.220233,-0.0,29.220233,11.000000
307_CT_1-3,19,35.474770,0.000000,0.000000,1.000000,0.000000,0.000000,0.000000,7.580079,0.000000,27.894691,0.000000,0.000000,0.000000,307,0.000000,35.474770,-0.0,35.474770,11.000000
315_STEAM_4-0,19,75.436777,0.000000,0.000000,1.000000,0.000000,0.000000,0.000000,0.000000,0.000000,75.436777,0.000000,0.000000,0.000000,315,0.000000,75.436777,-0.0,75.436777,5.000000
315_STEAM_4-1,19,75.436777,0.000000,0.000000,1.000000,0.000000,0.000000,0.000000,0.000000,0.000000,75.436777,0.000000,0.000000,0.000000,315,0.000000,75.436777,-0.0,75.436777,2.333333
315_STEAM_4-2,19,100.399529,0.000000,0.000000,1.000000,0.000000,0.000000,0.000000,24.962753,0.000000,75.436777,0.000000,0.000000,0.000000,315,0.000000,100.399529,-0.0,100.399529,2.333333
315_STEAM_4-3,19,124.099655,0.000000,0.000000,1.000000,0.000000,0.000000,0.000000,48.662879,0.000000,75.436777,0.000000,0.000000,0.000000,315,0.000000,124.099655,-0.0,124.099655,2.333333
315_CT_8-0,19,26.401998,0.000000,0.000000,1.000000,0.000000,0.000000,0.000000,0.000000,0.000000,26.401998,0.000000,0.000000,0.000000,315,0.000000,26.401998,-0.0,26.401998,22.000000
315_CT_8-1,19,26.401998,0.000000,0.000000,1.000000,0.000000,0.000000,0.000000,0.000000,0.000000,26.401998,0.000000,0.000000,0.000000,315,0.000000,26.401998,-0.0,26.401998,11.000000
315_CT_8-2,19,26.895675,0.000000,0.000000,1.000000,0.000000,0.000000,0.000000,0.493677,0.000000,26.401998,0.000000,0.000000,0.000000,315,0.000000,26.895675,-0.0,26.895675,11.000000
315_CT_8-3,19,31.855768,0.000000,0.000000,1.000000,0.000000,0.000000,0.000000,5.453770,0.000000,26.401998,0.000000,0.000000,0.000000,315,0.000000,31.855768,-0.0,31.855768,11.000000
322_CT_6-0,19,23.334982,0.000000,0.000000,1.000000,0.000000,0.000000,0.000000,0.000000,0.000000,23.334982,0.000000,0.000000,0.000000,322,0.000000,23.334982,-0.0,23.334982,22.000000
322_CT_6-1,19,23.334982,0.000000,0.000000,1.000000,0.000000,0.000000,0.000000,0.000000,0.000000,23.334982,0.000000,0.000000,0.000000,322,0.000000,23.334982,-0.0,23.334982,11.000000
322_CT_6-2,19,26.499179,0.000000,0.000000,1.000000,0.000000,0.000000,0.000000,3.164197,0.000000,23.334982,0.000000,0.000000,0.000000,322,0.000000,26.499179,-0.0,26.499179,11.000000
322_CT_6-3,19,27.894691,0.000000,0.000000,1.000000,0.000000,0.000000,0.000000,4.559709,0.000000,23.334982,0.000000,0.000000,0.000000,322,0.000000,27.894691,-0.0,27.894691,11.000000
321_CC_1-0,19,22.732463,0.000000,0.000000,1.000000,0.000000,0.000000,0.000000,0.000000,0.000000,22.732463,0.000000,0.000000,0.000000,321,0.000000,22.732463,-0.0,22.732463,170.000000
321_CC_1-1,19,22.732463,0.000000,0.000000,1.000000,0.000000,0.000000,0.000000,0.000000,0.000000,22.732463,0.000000,0.000000,0.000000,321,0.000000,22.732463,-0.0,22.732463,61.666667
321_CC_1-2,19,25.908321,0.000000,0.000000,1.000000,0.000000,0.000000,0.000000,3.175859,0.000000,22.732463,0.000000,0.000000,0.000000,321,0.000000,25.908321,-0.0,25.908321,61.666667
321_CC_1-3,19,33.947092,0.000000,0.000000,1.000000,0.000000,0.000000,0.000000,11.214630,0.000000,22.732463,0.000000,0.000000,0.000000,321,0.000000,33.947092,-0.0,33.947092,61.666667
318_CC_1-0,19,26.845141,0.000000,0.000000,1.000000,0.000000,0.000000,0.000000,0.000000,0.000000,26.845141,0.000000,0.000000,0.000000,318,0.000000,26.845141,-0.0,26.845141,170.000000
318_CC_1-1,19,26.845141,0.000000,0.000000,1.000000,0.000000,0.000000,0.000000,0.000000,0.000000,26.845141,0.000000,0.000000,0.000000,318,0.000000,26.845141,-0.0,26.845141,61.666667
318_CC_1-2,19,27.276623,0.000000,0.000000,1.000000,0.000000,0.000000,0.000000,0.431481,0.000000,26.845141,0.000000,0.000000,0.000000,318,0.000000,27.276623,-0.0,27.276623,61.666667
318_CC_1-3,19,31.529241,0.000000,0.000000,1.000000,0.000000,0.000000,0.000000,4.684100,0.000000,26.845141,0.000000,0.000000,0.000000,318,0.000000,31.529241,-0.0,31.529241,61.666667
301_CT_2-0,19,87.255791,0.000000,0.000000,1.000000,0.000000,0.000000,0.000000,0.000000,0.000000,87.255791,0.000000,0.000000,0.000000,301,0.000000,87.255791,-0.0,87.255791,8.000000
301_CT_2-1,19,87.255791,0.000000,0.000000,1.000000,0.000000,0.000000,0.000000,0.000000,0.000000,87.255791,0.000000,0.000000,0.000000,301,0.000000,87.255791,-0.0,87.255791,4.000000
301_CT_2-2,19,99.695770,0.000000,0.000000,1.000000,0.000000,0.000000,0.000000,12.439979,0.000000,87.255791,0.000000,0.000000,0.000000,301,0.000000,99.695770,-0.0,99.695770,4.000000
301_CT_2-3,19,105.367241,0.000000,0.000000,1.000000,0.000000,0.000000,0.000000,18.111450,0.000000,87.255791,0.000000,0.000000,0.000000,301,0.000000,105.367241,-0.0,105.367241,4.000000
315_CT_7-0,19,26.401998,0.000000,0.000000,1.000000,0.000000,0.000000,0.000000,0.000000,0.000000,26.401998,0.000000,0.000000,0.000000,315,0.000000,26.401998,-0.0,26.401998,22.000000
315_CT_7-1,19,26.401998,0.000000,0.000000,1.000000,0.000000,0.000000,0.000000,0.000000,0.000000,26.401998,0.000000,0.000000,0.000000,315,0.000000,26.401998,-0.0,26.401998,11.000000
315_CT_7-2,19,26.895675,0.000000,0.000000,1.000000,0.000000,0.000000,0.000000,0.493677,0.000000,26.401998,0.000000,0.000000,0.000000,315,0.000000,26.895675,-0.0,26.895675,11.000000
315_CT_7-3,19,31.855768,0.000000,0.000000,1.000000,0.000000,0.000000,0.000000,5.453770,0.000000,26.401998,0.000000,0.000000,0.000000,315,0.000000,31.855768,-0.0,31.855768,11.000000
322_HYDRO_2-0,19,0.000000,35.283333,0.000000,1.000000,0.000000,0.000000,0.000000,0.000000,0.000000,0.000000,0.000000,0.000000,0.000000,322,0.000000,0.000000,0.0,0.000000,35.283333
322_HYDRO_2-1,19,0.000000,0.000000,0.000000,1.000000,0.000000,0.000000,0.000000,0.000000,0.000000,0.000000,0.000000,0.000000,0.000000,322,0.000000,0.000000,0.0,0.000000,0.000000
322_HYDRO_2-2,19,0.000000,0.000000,0.000000,1.000000,0.000000,0.000000,0.000000,0.000000,0.000000,0.000000,0.000000,0.000000,0.000000,322,0.000000,0.000000,0.0,0.000000,0.000000
322_HYDRO_2-3,19,0.000000,0.000000,0.000000,1.000000,0.000000,0.000000,0.000000,0.000000,0.000000,0.000000,0.000000,0.000000,0.000000,322,0.000000,0.000000,0.0,0.000000,0.000000
301_CT_3-0,19,28.469999,0.000000,0.000000,1.000000,0.000000,0.000000,0.000000,0.000000,0.000000,28.469999,0.000000,0.000000,0.000000,301,0.000000,28.469999,-0.0,28.469999,22.000000
301_CT_3-1,19,28.469999,0.000000,0.000000,1.000000,0.000000,0.000000,0.000000,0.000000,0.000000,28.469999,0.000000,0.000000,0.000000,301,0.000000,28.469999,-0.0,28.469999,11.000000
301_CT_3-2,19,29.286315,0.000000,0.000000,1.000000,0.000000,0.000000,0.000000,0.816316,0.000000,28.469999,0.000000,0.000000,0.000000,301,0.000000,29.286315,-0.0,29.286315,11.000000
301_CT_3-3,19,43.742887,0.000000,0.000000,1.000000,0.000000,0.000000,0.000000,15.272887,0.000000,28.469999,0.000000,0.000000,0.000000,301,0.000000,43.742887,-0.0,43.742887,11.000000
302_CT_3-0,19,33.791603,0.000000,0.000000,1.000000,0.000000,0.000000,0.000000,0.000000,0.000000,33.791603,0.000000,0.000000,0.000000,302,0.000000,33.791603,-0.0,33.791603,22.000000
302_CT_3-1,19,33.791603,0.000000,0.000000,1.000000,0.000000,0.000000,0.000000,0.000000,0.000000,33.791603,0.000000,0.000000,0.000000,302,0.000000,33.791603,-0.0,33.791603,11.000000
302_CT_3-2,19,38.382410,0.000000,0.000000,1.000000,0.000000,0.000000,0.000000,4.590807,0.000000,33.791603,0.000000,0.000000,0.000000,302,0.000000,38.382410,-0.0,38.382410,11.000000
302_CT_3-3,19,38.635080,0.000000,0.000000,1.000000,0.000000,0.000000,0.000000,4.843476,0.000000,33.791603,0.000000,0.000000,0.000000,302,0.000000,38.635080,-0.0,38.635080,11.000000
315_STEAM_2-0,19,75.436777,0.000000,0.000000,1.000000,0.000000,0.000000,0.000000,0.000000,0.000000,75.436777,0.000000,0.000000,0.000000,315,0.000000,75.436777,-0.0,75.436777,5.000000
315_STEAM_2-1,19,75.436777,0.000000,0.000000,1.000000,0.000000,0.000000,0.000000,0.000000,0.000000,75.436777,0.000000,0.000000,0.000000,315,0.000000,75.436777,-0.0,75.436777,2.333333
315_STEAM_2-2,19,100.399529,0.000000,0.000000,1.000000,0.000000,0.000000,0.000000,24.962753,0.000000,75.436777,0.000000,0.000000,0.000000,315,0.000000,100.399529,-0.0,100.399529,2.333333
315_STEAM_2-3,19,124.099655,0.000000,0.000000,1.000000,0.000000,0.000000,0.000000,48.662879,0.000000,75.436777,0.000000,0.000000,0.000000,315,0.000000,124.099655,-0.0,124.099655,2.333333
302_CT_4-0,19,33.791603,0.000000,0.000000,1.000000,0.000000,0.000000,0.000000,0.000000,0.000000,33.791603,0.000000,0.000000,0.000000,302,0.000000,33.791603,-0.0,33.791603,22.000000
302_CT_4-1,19,33.791603,0.000000,0.000000,1.000000,0.000000,0.000000,0.000000,0.000000,0.000000,33.791603,0.000000,0.000000,0.000000,302,0.000000,33.791603,-0.0,33.791603,11.000000
302_CT_4-2,19,38.382410,0.000000,0.000000,1.000000,0.000000,0.000000,0.000000,4.590807,0.000000,33.791603,0.000000,0.000000,0.000000,302,0.000000,38.382410,-0.0,38.382410,11.000000
302_CT_4-3,19,38.635080,0.000000,0.000000,1.000000,0.000000,0.000000,0.000000,4.843476,0.000000,33.791603,0.000000,0.000000,0.000000,302,0.000000,38.635080,-0.0,38.635080,11.000000
315_STEAM_5-0,19,75.436777,0.000000,0.000000,1.000000,0.000000,0.000000,0.000000,0.000000,0.000000,75.436777,0.000000,0.000000,0.000000,315,0.000000,75.436777,-0.0,75.436777,5.000000
315_STEAM_5-1,19,75.436777,0.000000,0.000000,1.000000,0.000000,0.000000,0.000000,0.000000,0.000000,75.436777,0.000000,0.000000,0.000000,315,0.000000,75.436777,-0.0,75.436777,2.333333
315_STEAM_5-2,19,100.399529,0.000000,0.000000,1.000000,0.000000,0.000000,0.000000,24.962753,0.000000,75.436777,0.000000,0.000000,0.000000,315,0.000000,100.399529,-0.0,100.399529,2.333333
315_STEAM_5-3,19,124.099655,0.000000,0.000000,1.000000,0.000000,0.000000,0.000000,48.662879,0.000000,75.436777,0.000000,0.000000,0.000000,315,0.000000,124.099655,-0.0,124.099655,2.333333
315_STEAM_3-0,19,75.436777,0.000000,0.000000,1.000000,0.000000,0.000000,0.000000,0.000000,0.000000,75.436777,0.000000,0.000000,0.000000,315,0.000000,75.436777,-0.0,75.436777,5.000000
315_STEAM_3-1,19,75.436777,0.000000,0.000000,1.000000,0.000000,0.000000,0.000000,0.000000,0.000000,75.436777,0.000000,0.000000,0.000000,315,0.000000,75.436777,-0.0,75.436777,2.333333
315_STEAM_3-2,19,100.399529,0.000000,0.000000,1.000000,0.000000,0.000000,0.000000,24.962753,0.000000,75.436777,0.000000,0.000000,0.000000,315,0.000000,100.399529,-0.0,100.399529,2.333333
315_STEAM_3-3,19,124.099655,0.000000,0.000000,1.000000,0.000000,0.000000,0.000000,48.662879,0.000000,75.436777,0.000000,0.000000,0.000000,315,0.000000,124.099655,-0.0,124.099655,2.333333
302_CT_1-0,19,87.255791,0.000000,0.000000,1.000000,0.000000,0.000000,0.000000,0.000000,0.000000,87.255791,0.000000,0.000000,0.000000,302,0.000000,87.255791,-0.0,87.255791,8.000000
302_CT_1-1,19,87.255791,0.000000,0.000000,1.000000,0.000000,0.000000,0.000000,0.000000,0.000000,87.255791,0.000000,0.000000,0.000000,302,0.000000,87.255791,-0.0,87.255791,4.000000
302_CT_1-2,19,99.695770,0.000000,0.000000,1.000000,0.000000,0.000000,0.000000,12.439979,0.000000,87.255791,0.000000,0.000000,0.000000,302,0.000000,99.695770,-0.0,99.695770,4.000000
302_CT_1-3,19,105.367241,0.000000,0.000000,1.000000,0.000000,0.000000,0.000000,18.111450,0.000000,87.255791,0.000000,0.000000,0.000000,302,0.000000,105.367241,-0.0,105.367241,4.000000
322_CT_5-0,19,23.334982,0.000000,0.000000,1.000000,0.000000,0.000000,0.000000,0.000000,0.000000,23.334982,0.000000,0.000000,0.000000,322,0.000000,23.334982,-0.0,23.334982,22.000000
322_CT_5-1,19,23.334982,0.000000,0.000000,1.000000,0.000000,0.000000,0.000000,0.000000,0.000000,23.334982,0.000000,0.000000,0.000000,322,0.000000,23.334982,-0.0,23.334982,11.000000
322_CT_5-2,19,26.499179,0.000000,0.000000,1.000000,0.000000,0.000000,0.000000,3.164197,0.000000,23.334982,0.000000,0.000000,0.000000,322,0.000000,26.499179,-0.0,26.499179,11.000000
322_CT_5-3,19,27.894691,0.000000,0.000000,1.000000,0.000000,0.000000,0.000000,4.559709,0.000000,23.334982,0.000000,0.000000,0.000000,322,0.000000,27.894691,-0.0,27.894691,11.000000
307_CT_2-0,19,27.894691,0.000000,0.000000,1.000000,0.000000,0.000000,0.000000,0.000000,0.000000,27.894691,0.000000,0.000000,0.000000,307,0.000000,27.894691,-0.0,27.894691,22.000000
307_CT_2-1,19,27.894691,0.000000,0.000000,1.000000,0.000000,0.000000,0.000000,0.000000,0.000000,27.894691,0.000000,0.000000,0.000000,307,0.000000,27.894691,-0.0,27.894691,11.000000
307_CT_2-2,19,29.220233,0.000000,0.000000,1.000000,0.000000,0.000000,0.000000,1.325542,0.000000,27.894691,0.000000,0.000000,0.000000,307,0.000000,29.220233,-0.0,29.220233,11.000000
307_CT_2-3,19,35.474770,0.000000,0.000000,1.000000,0.000000,0.000000,0.000000,7.580079,0.000000,27.894691,0.000000,0.000000,0.000000,307,0.000000,35.474770,-0.0,35.474770,11.000000
322_HYDRO_1-0,20,0.000000,27.679167,0.000000,1.000000,0.000000,0.000000,0.000000,0.000000,0.000000,0.000000,0.000000,0.000000,0.000000,322,0.000000,0.000000,0.0,0.000000,27.679167
322_HYDRO_1-1,20,0.000000,0.000000,0.000000,1.000000,0.000000,0.000000,0.000000,0.000000,0.000000,0.000000,0.000000,0.000000,0.000000,322,0.000000,0.000000,0.0,0.000000,0.000000
322_HYDRO_1-2,20,0.000000,0.000000,0.000000,1.000000,0.000000,0.000000,0.000000,0.000000,0.000000,0.000000,0.000000,0.000000,0.000000,322,0.000000,0.000000,0.0,0.000000,0.000000
322_HYDRO_1-3,20,0.000000,0.000000,0.000000,1.000000,0.000000,0.000000,0.000000,0.000000,0.000000,0.000000,0.000000,0.000000,0.000000,322,0.000000,0.000000,0.0,0.000000,0.000000
322_HYDRO_4-0,20,0.000000,27.679167,0.000000,1.000000,0.000000,0.000000,0.000000,0.000000,0.000000,0.000000,0.000000,0.000000,0.000000,322,0.000000,0.000000,0.0,0.000000,27.679167
322_HYDRO_4-1,20,0.000000,0.000000,0.000000,1.000000,0.000000,0.000000,0.000000,0.000000,0.000000,0.000000,0.000000,0.000000,0.000000,322,0.000000,0.000000,0.0,0.000000,0.000000
322_HYDRO_4-2,20,0.000000,0.000000,0.000000,1.000000,0.000000,0.000000,0.000000,0.000000,0.000000,0.000000,0.000000,0.000000,0.000000,322,0.000000,0.000000,0.0,0.000000,0.000000
322_HYDRO_4-3,20,0.000000,0.000000,0.000000,1.000000,0.000000,0.000000,0.000000,0.000000,0.000000,0.000000,0.000000,0.000000,0.000000,322,0.000000,0.000000,0.0,0.000000,0.000000
315_CT_6-0,20,26.401998,0.000000,0.000000,1.000000,0.000000,0.000000,0.000000,0.000000,0.000000,26.401998,0.000000,0.000000,0.000000,315,0.000000,26.401998,-0.0,26.401998,22.000000
315_CT_6-1,20,26.401998,0.000000,0.000000,1.000000,0.000000,0.000000,0.000000,0.000000,0.000000,26.401998,0.000000,0.000000,0.000000,315,0.000000,26.401998,-0.0,26.401998,11.000000
315_CT_6-2,20,26.895675,0.000000,0.000000,1.000000,0.000000,0.000000,0.000000,0.493677,0.000000,26.401998,0.000000,0.000000,0.000000,315,0.000000,26.895675,-0.0,26.895675,11.000000
315_CT_6-3,20,31.855768,0.000000,0.000000,1.000000,0.000000,0.000000,0.000000,5.453770,0.000000,26.401998,0.000000,0.000000,0.000000,315,0.000000,31.855768,-0.0,31.855768,11.000000
322_HYDRO_3-0,20,0.000000,27.679167,0.000000,1.000000,0.000000,0.000000,0.000000,0.000000,0.000000,0.000000,0.000000,0.000000,0.000000,322,0.000000,0.000000,0.0,0.000000,27.679167
322_HYDRO_3-1,20,0.000000,0.000000,0.000000,1.000000,0.000000,0.000000,0.000000,0.000000,0.000000,0.000000,0.000000,0.000000,0.000000,322,0.000000,0.000000,0.0,0.000000,0.000000
322_HYDRO_3-2,20,0.000000,0.000000,0.000000,1.000000,0.000000,0.000000,0.000000,0.000000,0.000000,0.000000,0.000000,0.000000,0.000000,322,0.000000,0.000000,0.0,0.000000,0.000000
322_HYDRO_3-3,20,0.000000,0.000000,0.000000,1.000000,0.000000,0.000000,0.000000,0.000000,0.000000,0.000000,0.000000,0.000000,0.000000,322,0.000000,0.000000,0.0,0.000000,0.000000
301_CT_4-0,20,28.469999,0.000000,0.000000,1.000000,0.000000,0.000000,0.000000,0.000000,0.000000,28.469999,0.000000,0.000000,0.000000,301,0.000000,28.469999,-0.0,28.469999,22.000000
301_CT_4-1,20,28.469999,0.000000,0.000000,1.000000,0.000000,0.000000,0.000000,0.000000,0.000000,28.469999,0.000000,0.000000,0.000000,301,0.000000,28.469999,-0.0,28.469999,11.000000
301_CT_4-2,20,29.286315,0.000000,0.000000,1.000000,0.000000,0.000000,0.000000,0.816316,0.000000,28.469999,0.000000,0.000000,0.000000,301,0.000000,29.286315,-0.0,29.286315,11.000000
301_CT_4-3,20,43.742887,0.000000,0.000000,1.000000,0.000000,0.000000,0.000000,15.272887,0.000000,28.469999,0.000000,0.000000,0.000000,301,0.000000,43.742887,-0.0,43.742887,11.000000
316_STEAM_1-0,20,21.116646,0.000000,0.000000,1.000000,0.000000,0.000000,0.000000,0.000000,0.000000,21.116646,0.000000,0.000000,0.000000,316,0.000000,21.116646,-0.0,21.116646,62.000000
316_STEAM_1-1,20,21.116646,0.000000,0.000000,1.000000,0.000000,0.000000,0.000000,0.000000,0.000000,21.116646,0.000000,0.000000,0.000000,316,0.000000,21.116646,-0.0,21.116646,31.000000
316_STEAM_1-2,20,21.287879,0.000000,0.000000,1.000000,0.000000,0.000000,0.000000,0.171233,0.000000,21.116646,0.000000,0.000000,0.000000,316,0.000000,21.287879,-0.0,21.287879,31.000000
316_STEAM_1-3,20,27.274699,0.000000,0.000000,1.000000,0.000000,0.000000,0.000000,6.158053,0.000000,21.116646,0.000000,0.000000,0.000000,316,0.000000,27.274699,-0.0,27.274699,31.000000
302_CT_2-0,20,87.255791,0.000000,0.000000,1.000000,0.000000,0.000000,0.000000,0.000000,0.000000,87.255791,0.000000,0.000000,0.000000,302,0.000000,87.255791,-0.0,87.255791,8.000000
302_CT_2-1,20,87.255791,0.000000,0.000000,1.000000,0.000000,0.000000,0.000000,0.000000,0.000000,87.255791,0.000000,0.000000,0.000000,302,0.000000,87.255791,-0.0,87.255791,4.000000
302_CT_2-2,20,99.695770,0.000000,0.000000,1.000000,0.000000,0.000000,0.000000,12.439979,0.000000,87.255791,0.000000,0.000000,0.000000,302,0.000000,99.695770,-0.0,99.695770,4.000000
302_CT_2-3,20,105.367241,0.000000,0.000000,1.000000,0.000000,0.000000,0.000000,18.111450,0.000000,87.255791,0.000000,0.000000,0.000000,302,0.000000,105.367241,-0.0,105.367241,4.000000
323_CC_2-0,20,26.429209,0.000000,0.000000,1.000000,0.000000,0.000000,0.000000,0.000000,0.000000,26.429209,0.000000,0.000000,0.000000,323,0.000000,26.429209,-0.0,26.429209,170.000000
323_CC_2-1,20,26.429209,0.000000,0.000000,1.000000,0.000000,0.000000,0.000000,0.000000,0.000000,26.429209,0.000000,0.000000,0.000000,323,0.000000,26.429209,-0.0,26.429209,61.666667
323_CC_2-2,20,30.277557,0.000000,0.000000,1.000000,0.000000,0.000000,0.000000,3.848348,0.000000,26.429209,0.000000,0.000000,0.000000,323,0.000000,30.277557,-0.0,30.277557,61.666667
323_CC_2-3,20,31.727490,0.000000,0.000000,1.000000,0.000000,0.000000,0.000000,5.298281,0.000000,26.429209,0.000000,0.000000,0.000000,323,0.000000,31.727490,-0.0,31.727490,61.666667
315_STEAM_1-0,20,75.436777,0.000000,0.000000,1.000000,0.000000,0.000000,0.000000,0.000000,0.000000,75.436777,0.000000,0.000000,0.000000,315,0.000000,75.436777,-0.0,75.436777,5.000000
315_STEAM_1-1,20,75.436777,0.000000,0.000000,1.000000,0.000000,0.000000,0.000000,0.000000,0.000000,75.436777,0.000000,0.000000,0.000000,315,0.000000,75.436777,-0.0,75.436777,2.333333
315_STEAM_1-2,20,100.399529,0.000000,0.000000,1.000000,0.000000,0.000000,0.000000,24.962753,0.000000,75.436777,0.000000,0.000000,0.000000,315,0.000000,100.399529,-0.0,100.399529,2.333333
315_STEAM_1-3,20,124.099655,0.000000,0.000000,1.000000,0.000000,0.000000,0.000000,48.662879,0.000000,75.436777,0.000000,0.000000,0.000000,315,0.000000,124.099655,-0.0,124.099655,2.333333
313_CC_1-0,20,15.731579,0.000000,0.000000,1.000000,0.000000,0.000000,0.000000,0.000000,0.000000,15.731579,0.000000,0.000000,0.000000,313,0.000000,15.731579,-0.0,15.731579,170.000000
313_CC_1-1,20,15.731579,0.000000,0.000000,1.000000,0.000000,0.000000,0.000000,0.000000,0.000000,15.731579,0.000000,0.000000,0.000000,313,0.000000,15.731579,-0.0,15.731579,61.666667
313_CC_1-2,20,26.755735,0.000000,0.000000,1.000000,0.000000,0.000000,0.000000,11.024156,0.000000,15.731579,0.000000,0.000000,0.000000,313,0.000000,26.755735,-0.0,26.755735,61.666667
313_CC_1-3,20,33.752731,0.000000,0.000000,1.000000,0.000000,0.000000,0.000000,18.021152,0.000000,15.731579,0.000000,0.000000,0.000000,313,0.000000,33.752731,-0.0,33.752731,61.666667
323_CC_1-0,20,26.429209,0.000000,0.000000,1.000000,0.000000,0.000000,0.000000,0.000000,0.000000,26.429209,0.000000,0.000000,0.000000,323,0.000000,26.429209,-0.0,26.429209,170.000000
323_CC_1-1,20,26.429209,0.000000,0.000000,1.000000,0.000000,0.000000,0.000000,0.000000,0.000000,26.429209,0.000000,0.000000,0.000000,323,0.000000,26.429209,-0.0,26.429209,61.666667
323_CC_1-2,20,30.277557,0.000000,0.000000,1.000000,0.000000,0.000000,0.000000,3.848348,0.000000,26.429209,0.000000,0.000000,0.000000,323,0.000000,30.277557,-0.0,30.277557,61.666667
323_CC_1-3,20,31.727490,0.000000,0.000000,1.000000,0.000000,0.000000,0.000000,5.298281,0.000000,26.429209,0.000000,0.000000,0.000000,323,0.000000,31.727490,-0.0,31.727490,61.666667
301_CT_1-0,20,87.255791,0.000000,0.000000,1.000000,0.000000,0.000000,0.000000,0.000000,0.000000,87.255791,0.000000,0.000000,0.000000,301,0.000000,87.255791,-0.0,87.255791,8.000000
301_CT_1-1,20,87.255791,0.000000,0.000000,1.000000,0.000000,0.000000,0.000000,0.000000,0.000000,87.255791,0.000000,0.000000,0.000000,301,0.000000,87.255791,-0.0,87.255791,4.000000
301_CT_1-2,20,99.695770,0.000000,0.000000,1.000000,0.000000,0.000000,0.000000,12.439979,0.000000,87.255791,0.000000,0.000000,0.000000,301,0.000000,99.695770,-0.0,99.695770,4.000000
301_CT_1-3,20,105.367241,0.000000,0.000000,1.000000,0.000000,0.000000,0.000000,18.111450,0.000000,87.255791,0.000000,0.000000,0.000000,301,0.000000,105.367241,-0.0,105.367241,4.000000
307_CT_1-0,20,27.894691,0.000000,0.000000,1.000000,0.000000,0.000000,0.000000,0.000000,0.000000,27.894691,0.000000,0.000000,0.000000,307,0.000000,27.894691,-0.0,27.894691,22.000000
307_CT_1-1,20,27.894691,0.000000,0.000000,1.000000,0.000000,0.000000,0.000000,0.000000,0.000000,27.894691,0.000000,0.000000,0.000000,307,0.000000,27.894691,-0.0,27.894691,11.000000
307_CT_1-2,20,29.220233,0.000000,0.000000,1.000000,0.000000,0.000000,0.000000,1.325542,0.000000,27.894691,0.000000,0.000000,0.000000,307,0.000000,29.220233,-0.0,29.220233,11.000000
307_CT_1-3,20,35.474770,0.000000,0.000000,1.000000,0.000000,0.000000,0.000000,7.580079,0.000000,27.894691,0.000000,0.000000,0.000000,307,0.000000,35.474770,-0.0,35.474770,11.000000
315_STEAM_4-0,20,75.436777,0.000000,0.000000,1.000000,0.000000,0.000000,0.000000,0.000000,0.000000,75.436777,0.000000,0.000000,0.000000,315,0.000000,75.436777,-0.0,75.436777,5.000000
315_STEAM_4-1,20,75.436777,0.000000,0.000000,1.000000,0.000000,0.000000,0.000000,0.000000,0.000000,75.436777,0.000000,0.000000,0.000000,315,0.000000,75.436777,-0.0,75.436777,2.333333
315_STEAM_4-2,20,100.399529,0.000000,0.000000,1.000000,0.000000,0.000000,0.000000,24.962753,0.000000,75.436777,0.000000,0.000000,0.000000,315,0.000000,100.399529,-0.0,100.399529,2.333333
315_STEAM_4-3,20,124.099655,0.000000,0.000000,1.000000,0.000000,0.000000,0.000000,48.662879,0.000000,75.436777,0.000000,0.000000,0.000000,315,0.000000,124.099655,-0.0,124.099655,2.333333
315_CT_8-0,20,26.401998,0.000000,0.000000,1.000000,0.000000,0.000000,0.000000,0.000000,0.000000,26.401998,0.000000,0.000000,0.000000,315,0.000000,26.401998,-0.0,26.401998,22.000000
315_CT_8-1,20,26.401998,0.000000,0.000000,1.000000,0.000000,0.000000,0.000000,0.000000,0.000000,26.401998,0.000000,0.000000,0.000000,315,0.000000,26.401998,-0.0,26.401998,11.000000
315_CT_8-2,20,26.895675,0.000000,0.000000,1.000000,0.000000,0.000000,0.000000,0.493677,0.000000,26.401998,0.000000,0.000000,0.000000,315,0.000000,26.895675,-0.0,26.895675,11.000000
315_CT_8-3,20,31.855768,0.000000,0.000000,1.000000,0.000000,0.000000,0.000000,5.453770,0.000000,26.401998,0.000000,0.000000,0.000000,315,0.000000,31.855768,-0.0,31.855768,11.000000
322_CT_6-0,20,23.334982,0.000000,0.000000,1.000000,0.000000,0.000000,0.000000,0.000000,0.000000,23.334982,0.000000,0.000000,0.000000,322,0.000000,23.334982,-0.0,23.334982,22.000000
322_CT_6-1,20,23.334982,0.000000,0.000000,1.000000,0.000000,0.000000,0.000000,0.000000,0.000000,23.334982,0.000000,0.000000,0.000000,322,0.000000,23.334982,-0.0,23.334982,11.000000
322_CT_6-2,20,26.499179,0.000000,0.000000,1.000000,0.000000,0.000000,0.000000,3.164197,0.000000,23.334982,0.000000,0.000000,0.000000,322,0.000000,26.499179,-0.0,26.499179,11.000000
322_CT_6-3,20,27.894691,0.000000,0.000000,1.000000,0.000000,0.000000,0.000000,4.559709,0.000000,23.334982,0.000000,0.000000,0.000000,322,0.000000,27.894691,-0.0,27.894691,11.000000
321_CC_1-0,20,22.732463,0.000000,0.000000,1.000000,0.000000,0.000000,0.000000,0.000000,0.000000,22.732463,0.000000,0.000000,0.000000,321,0.000000,22.732463,-0.0,22.732463,170.000000
321_CC_1-1,20,22.732463,0.000000,0.000000,1.000000,0.000000,0.000000,0.000000,0.000000,0.000000,22.732463,0.000000,0.000000,0.000000,321,0.000000,22.732463,-0.0,22.732463,61.666667
321_CC_1-2,20,25.908321,0.000000,0.000000,1.000000,0.000000,0.000000,0.000000,3.175859,0.000000,22.732463,0.000000,0.000000,0.000000,321,0.000000,25.908321,-0.0,25.908321,61.666667
321_CC_1-3,20,33.947092,0.000000,0.000000,1.000000,0.000000,0.000000,0.000000,11.214630,0.000000,22.732463,0.000000,0.000000,0.000000,321,0.000000,33.947092,-0.0,33.947092,61.666667
318_CC_1-0,20,26.845141,0.000000,0.000000,1.000000,0.000000,0.000000,0.000000,0.000000,0.000000,26.845141,0.000000,0.000000,0.000000,318,0.000000,26.845141,-0.0,26.845141,170.000000
318_CC_1-1,20,26.845141,0.000000,0.000000,1.000000,0.000000,0.000000,0.000000,0.000000,0.000000,26.845141,0.000000,0.000000,0.000000,318,0.000000,26.845141,-0.0,26.845141,61.666667
318_CC_1-2,20,27.276623,0.000000,0.000000,1.000000,0.000000,0.000000,0.000000,0.431481,0.000000,26.845141,0.000000,0.000000,0.000000,318,0.000000,27.276623,-0.0,27.276623,61.666667
318_CC_1-3,20,31.529241,0.000000,0.000000,1.000000,0.000000,0.000000,0.000000,4.684100,0.000000,26.845141,0.000000,0.000000,0.000000,318,0.000000,31.529241,-0.0,31.529241,61.666667
301_CT_2-0,20,87.255791,0.000000,0.000000,1.000000,0.000000,0.000000,0.000000,0.000000,0.000000,87.255791,0.000000,0.000000,0.000000,301,0.000000,87.255791,-0.0,87.255791,8.000000
301_CT_2-1,20,87.255791,0.000000,0.000000,1.000000,0.000000,0.000000,0.000000,0.000000,0.000000,87.255791,0.000000,0.000000,0.000000,301,0.000000,87.255791,-0.0,87.255791,4.000000
301_CT_2-2,20,99.695770,0.000000,0.000000,1.000000,0.000000,0.000000,0.000000,12.439979,0.000000,87.255791,0.000000,0.000000,0.000000,301,0.000000,99.695770,-0.0,99.695770,4.000000
301_CT_2-3,20,105.367241,0.000000,0.000000,1.000000,0.000000,0.000000,0.000000,18.111450,0.000000,87.255791,0.000000,0.000000,0.000000,301,0.000000,105.367241,-0.0,105.367241,4.000000
315_CT_7-0,20,26.401998,0.000000,0.000000,1.000000,0.000000,0.000000,0.000000,0.000000,0.000000,26.401998,0.000000,0.000000,0.000000,315,0.000000,26.401998,-0.0,26.401998,22.000000
315_CT_7-1,20,26.401998,0.000000,0.000000,1.000000,0.000000,0.000000,0.000000,0.000000,0.000000,26.401998,0.000000,0.000000,0.000000,315,0.000000,26.401998,-0.0,26.401998,11.000000
315_CT_7-2,20,26.895675,0.000000,0.000000,1.000000,0.000000,0.000000,0.000000,0.493677,0.000000,26.401998,0.000000,0.000000,0.000000,315,0.000000,26.895675,-0.0,26.895675,11.000000
315_CT_7-3,20,31.855768,0.000000,0.000000,1.000000,0.000000,0.000000,0.000000,5.453770,0.000000,26.401998,0.000000,0.000000,0.000000,315,0.000000,31.855768,-0.0,31.855768,11.000000
322_HYDRO_2-0,20,0.000000,27.679167,0.000000,1.000000,0.000000,0.000000,0.000000,0.000000,0.000000,0.000000,0.000000,0.000000,0.000000,322,0.000000,0.000000,0.0,0.000000,27.679167
322_HYDRO_2-1,20,0.000000,0.000000,0.000000,1.000000,0.000000,0.000000,0.000000,0.000000,0.000000,0.000000,0.000000,0.000000,0.000000,322,0.000000,0.000000,0.0,0.000000,0.000000
322_HYDRO_2-2,20,0.000000,0.000000,0.000000,1.000000,0.000000,0.000000,0.000000,0.000000,0.000000,0.000000,0.000000,0.000000,0.000000,322,0.000000,0.000000,0.0,0.000000,0.000000
322_HYDRO_2-3,20,0.000000,0.000000,0.000000,1.000000,0.000000,0.000000,0.000000,0.000000,0.000000,0.000000,0.000000,0.000000,0.000000,322,0.000000,0.000000,0.0,0.000000,0.000000
301_CT_3-0,20,28.469999,0.000000,0.000000,1.000000,0.000000,0.000000,0.000000,0.000000,0.000000,28.469999,0.000000,0.000000,0.000000,301,0.000000,28.469999,-0.0,28.469999,22.000000
301_CT_3-1,20,28.469999,0.000000,0.000000,1.000000,0.000000,0.000000,0.000000,0.000000,0.000000,28.469999,0.000000,0.000000,0.000000,301,0.000000,28.469999,-0.0,28.469999,11.000000
301_CT_3-2,20,29.286315,0.000000,0.000000,1.000000,0.000000,0.000000,0.000000,0.816316,0.000000,28.469999,0.000000,0.000000,0.000000,301,0.000000,29.286315,-0.0,29.286315,11.000000
301_CT_3-3,20,43.742887,0.000000,0.000000,1.000000,0.000000,0.000000,0.000000,15.272887,0.000000,28.469999,0.000000,0.000000,0.000000,301,0.000000,43.742887,-0.0,43.742887,11.000000
302_CT_3-0,20,33.791603,0.000000,0.000000,1.000000,0.000000,0.000000,0.000000,0.000000,0.000000,33.791603,0.000000,0.000000,0.000000,302,0.000000,33.791603,-0.0,33.791603,22.000000
302_CT_3-1,20,33.791603,0.000000,0.000000,1.000000,0.000000,0.000000,0.000000,0.000000,0.000000,33.791603,0.000000,0.000000,0.000000,302,0.000000,33.791603,-0.0,33.791603,11.000000
302_CT_3-2,20,38.382410,0.000000,0.000000,1.000000,0.000000,0.000000,0.000000,4.590807,0.000000,33.791603,0.000000,0.000000,0.000000,302,0.000000,38.382410,-0.0,38.382410,11.000000
302_CT_3-3,20,38.635080,0.000000,0.000000,1.000000,0.000000,0.000000,0.000000,4.843476,0.000000,33.791603,0.000000,0.000000,0.000000,302,0.000000,38.635080,-0.0,38.635080,11.000000
315_STEAM_2-0,20,75.436777,0.000000,0.000000,1.000000,0.000000,0.000000,0.000000,0.000000,0.000000,75.436777,0.000000,0.000000,0.000000,315,0.000000,75.436777,-0.0,75.436777,5.000000
315_STEAM_2-1,20,75.436777,0.000000,0.000000,1.000000,0.000000,0.000000,0.000000,0.000000,0.000000,75.436777,0.000000,0.000000,0.000000,315,0.000000,75.436777,-0.0,75.436777,2.333333
315_STEAM_2-2,20,100.399529,0.000000,0.000000,1.000000,0.000000,0.000000,0.000000,24.962753,0.000000,75.436777,0.000000,0.000000,0.000000,315,0.000000,100.399529,-0.0,100.399529,2.333333
315_STEAM_2-3,20,124.099655,0.000000,0.000000,1.000000,0.000000,0.000000,0.000000,48.662879,0.000000,75.436777,0.000000,0.000000,0.000000,315,0.000000,124.099655,-0.0,124.099655,2.333333
302_CT_4-0,20,33.791603,0.000000,0.000000,1.000000,0.000000,0.000000,0.000000,0.000000,0.000000,33.791603,0.000000,0.000000,0.000000,302,0.000000,33.791603,-0.0,33.791603,22.000000
302_CT_4-1,20,33.791603,0.000000,0.000000,1.000000,0.000000,0.000000,0.000000,0.000000,0.000000,33.791603,0.000000,0.000000,0.000000,302,0.000000,33.791603,-0.0,33.791603,11.000000
302_CT_4-2,20,38.382410,0.000000,0.000000,1.000000,0.000000,0.000000,0.000000,4.590807,0.000000,33.791603,0.000000,0.000000,0.000000,302,0.000000,38.382410,-0.0,38.382410,11.000000
302_CT_4-3,20,38.635080,0.000000,0.000000,1.000000,0.000000,0.000000,0.000000,4.843476,0.000000,33.791603,0.000000,0.000000,0.000000,302,0.000000,38.635080,-0.0,38.635080,11.000000
315_STEAM_5-0,20,75.436777,0.000000,0.000000,1.000000,0.000000,0.000000,0.000000,0.000000,0.000000,75.436777,0.000000,0.000000,0.000000,315,0.000000,75.436777,-0.0,75.436777,5.000000
315_STEAM_5-1,20,75.436777,0.000000,0.000000,1.000000,0.000000,0.000000,0.000000,0.000000,0.000000,75.436777,0.000000,0.000000,0.000000,315,0.000000,75.436777,-0.0,75.436777,2.333333
315_STEAM_5-2,20,100.399529,0.000000,0.000000,1.000000,0.000000,0.000000,0.000000,24.962753,0.000000,75.436777,0.000000,0.000000,0.000000,315,0.000000,100.399529,-0.0,100.399529,2.333333
315_STEAM_5-3,20,124.099655,0.000000,0.000000,1.000000,0.000000,0.000000,0.000000,48.662879,0.000000,75.436777,0.000000,0.000000,0.000000,315,0.000000,124.099655,-0.0,124.099655,2.333333
315_STEAM_3-0,20,75.436777,0.000000,0.000000,1.000000,0.000000,0.000000,0.000000,0.000000,0.000000,75.436777,0.000000,0.000000,0.000000,315,0.000000,75.436777,-0.0,75.436777,5.000000
315_STEAM_3-1,20,75.436777,0.000000,0.000000,1.000000,0.000000,0.000000,0.000000,0.000000,0.000000,75.436777,0.000000,0.000000,0.000000,315,0.000000,75.436777,-0.0,75.436777,2.333333
315_STEAM_3-2,20,100.399529,0.000000,0.000000,1.000000,0.000000,0.000000,0.000000,24.962753,0.000000,75.436777,0.000000,0.000000,0.000000,315,0.000000,100.399529,-0.0,100.399529,2.333333
315_STEAM_3-3,20,124.099655,0.000000,0.000000,1.000000,0.000000,0.000000,0.000000,48.662879,0.000000,75.436777,0.000000,0.000000,0.000000,315,0.000000,124.099655,-0.0,124.099655,2.333333
302_CT_1-0,20,87.255791,0.000000,0.000000,1.000000,0.000000,0.000000,0.000000,0.000000,0.000000,87.255791,0.000000,0.000000,0.000000,302,0.000000,87.255791,-0.0,87.255791,8.000000
302_CT_1-1,20,87.255791,0.000000,0.000000,1.000000,0.000000,0.000000,0.000000,0.000000,0.000000,87.255791,0.000000,0.000000,0.000000,302,0.000000,87.255791,-0.0,87.255791,4.000000
302_CT_1-2,20,99.695770,0.000000,0.000000,1.000000,0.000000,0.000000,0.000000,12.439979,0.000000,87.255791,0.000000,0.000000,0.000000,302,0.000000,99.695770,-0.0,99.695770,4.000000
302_CT_1-3,20,105.367241,0.000000,0.000000,1.000000,0.000000,0.000000,0.000000,18.111450,0.000000,87.255791,0.000000,0.000000,0.000000,302,0.000000,105.367241,-0.0,105.367241,4.000000
322_CT_5-0,20,23.334982,0.000000,0.000000,1.000000,0.000000,0.000000,0.000000,0.000000,0.000000,23.334982,0.000000,0.000000,0.000000,322,0.000000,23.334982,-0.0,23.334982,22.000000
322_CT_5-1,20,23.334982,0.000000,0.000000,1.000000,0.000000,0.000000,0.000000,0.000000,0.000000,23.334982,0.000000,0.000000,0.000000,322,0.000000,23.334982,-0.0,23.334982,11.000000
322_CT_5-2,20,26.499179,0.000000,0.000000,1.000000,0.000000,0.000000,0.000000,3.164197,0.000000,23.334982,0.000000,0.000000,0.000000,322,0.000000,26.499179,-0.0,26.499179,11.000000
322_CT_5-3,20,27.894691,0.000000,0.000000,1.000000,0.000000,0.000000,0.000000,4.559709,0.000000,23.334982,0.000000,0.000000,0.000000,322,0.000000,27.894691,-0.0,27.894691,11.000000
307_CT_2-0,20,27.894691,0.000000,0.000000,1.000000,0.000000,0.000000,0.000000,0.000000,0.000000,27.894691,0.000000,0.000000,0.000000,307,0.000000,27.894691,-0.0,27.894691,22.000000
307_CT_2-1,20,27.894691,0.000000,0.000000,1.000000,0.000000,0.000000,0.000000,0.000000,0.000000,27.894691,0.000000,0.000000,0.000000,307,0.000000,27.894691,-0.0,27.894691,11.000000
307_CT_2-2,20,29.220233,0.000000,0.000000,1.000000,0.000000,0.000000,0.000000,1.325542,0.000000,27.894691,0.000000,0.000000,0.000000,307,0.000000,29.220233,-0.0,29.220233,11.000000
307_CT_2-3,20,35.474770,0.000000,0.000000,1.000000,0.000000,0.000000,0.000000,7.580079,0.000000,27.894691,0.000000,0.000000,0.000000,307,0.000000,35.474770,-0.0,35.474770,11.000000
322_HYDRO_1-0,21,0.000000,18.962500,0.000000,1.000000,0.000000,0.000000,0.000000,0.000000,0.000000,0.000000,0.000000,0.000000,0.000000,322,0.000000,0.000000,0.0,0.000000,18.962500
322_HYDRO_1-1,21,0.000000,0.000000,0.000000,1.000000,0.000000,0.000000,0.000000,0.000000,0.000000,0.000000,0.000000,0.000000,0.000000,322,0.000000,0.000000,0.0,0.000000,0.000000
322_HYDRO_1-2,21,0.000000,0.000000,0.000000,1.000000,0.000000,0.000000,0.000000,0.000000,0.000000,0.000000,0.000000,0.000000,0.000000,322,0.000000,0.000000,0.0,0.000000,0.000000
322_HYDRO_1-3,21,0.000000,0.000000,0.000000,1.000000,0.000000,0.000000,0.000000,0.000000,0.000000,0.000000,0.000000,0.000000,0.000000,322,0.000000,0.000000,0.0,0.000000,0.000000
322_HYDRO_4-0,21,0.000000,0.000000,0.000000,1.000000,0.000000,0.000000,0.000000,0.000000,0.000000,0.000000,0.000000,0.000000,0.000000,322,0.000000,0.000000,0.0,0.000000,18.962500
322_HYDRO_4-1,21,0.000000,0.000000,0.000000,1.000000,0.000000,0.000000,0.000000,0.000000,0.000000,0.000000,0.000000,0.000000,0.000000,322,0.000000,0.000000,0.0,0.000000,0.000000
322_HYDRO_4-2,21,0.000000,0.000000,0.000000,1.000000,0.000000,0.000000,0.000000,0.000000,0.000000,0.000000,0.000000,0.000000,0.000000,322,0.000000,0.000000,0.0,0.000000,0.000000
322_HYDRO_4-3,21,0.000000,0.000000,0.000000,1.000000,0.000000,0.000000,0.000000,0.000000,0.000000,0.000000,0.000000,0.000000,0.000000,322,0.000000,0.000000,0.0,0.000000,0.000000
315_CT_6-0,21,26.401998,0.000000,0.000000,1.000000,0.000000,0.000000,0.000000,0.000000,0.000000,26.401998,0.000000,0.000000,0.000000,315,0.000000,26.401998,-0.0,26.401998,22.000000
315_CT_6-1,21,26.401998,0.000000,0.000000,1.000000,0.000000,0.000000,0.000000,0.000000,0.000000,26.401998,0.000000,0.000000,0.000000,315,0.000000,26.401998,-0.0,26.401998,11.000000
315_CT_6-2,21,26.895675,0.000000,0.000000,1.000000,0.000000,0.000000,0.000000,0.493677,0.000000,26.401998,0.000000,0.000000,0.000000,315,0.000000,26.895675,-0.0,26.895675,11.000000
315_CT_6-3,21,31.855768,0.000000,0.000000,1.000000,0.000000,0.000000,0.000000,5.453770,0.000000,26.401998,0.000000,0.000000,0.000000,315,0.000000,31.855768,-0.0,31.855768,11.000000
322_HYDRO_3-0,21,0.000000,18.962500,0.000000,1.000000,0.000000,0.000000,0.000000,0.000000,0.000000,0.000000,0.000000,0.000000,0.000000,322,0.000000,0.000000,0.0,0.000000,18.962500
322_HYDRO_3-1,21,0.000000,0.000000,0.000000,1.000000,0.000000,0.000000,0.000000,0.000000,0.000000,0.000000,0.000000,0.000000,0.000000,322,0.000000,0.000000,0.0,0.000000,0.000000
322_HYDRO_3-2,21,0.000000,0.000000,0.000000,1.000000,0.000000,0.000000,0.000000,0.000000,0.000000,0.000000,0.000000,0.000000,0.000000,322,0.000000,0.000000,0.0,0.000000,0.000000
322_HYDRO_3-3,21,0.000000,0.000000,0.000000,1.000000,0.000000,0.000000,0.000000,0.000000,0.000000,0.000000,0.000000,0.000000,0.000000,322,0.000000,0.000000,0.0,0.000000,0.000000
301_CT_4-0,21,28.469999,0.000000,0.000000,1.000000,0.000000,0.000000,0.000000,0.000000,0.000000,28.469999,0.000000,0.000000,0.000000,301,0.000000,28.469999,-0.0,28.469999,22.000000
301_CT_4-1,21,28.469999,0.000000,0.000000,1.000000,0.000000,0.000000,0.000000,0.000000,0.000000,28.469999,0.000000,0.000000,0.000000,301,0.000000,28.469999,-0.0,28.469999,11.000000
301_CT_4-2,21,29.286315,0.000000,0.000000,1.000000,0.000000,0.000000,0.000000,0.816316,0.000000,28.469999,0.000000,0.000000,0.000000,301,0.000000,29.286315,-0.0,29.286315,11.000000
301_CT_4-3,21,43.742887,0.000000,0.000000,1.000000,0.000000,0.000000,0.000000,15.272887,0.000000,28.469999,0.000000,0.000000,0.000000,301,0.000000,43.742887,-0.0,43.742887,11.000000
316_STEAM_1-0,21,21.116646,0.000000,0.000000,1.000000,0.000000,0.000000,0.000000,0.000000,0.000000,21.116646,0.000000,0.000000,0.000000,316,0.000000,21.116646,-0.0,21.116646,62.000000
316_STEAM_1-1,21,21.116646,0.000000,0.000000,1.000000,0.000000,0.000000,0.000000,0.000000,0.000000,21.116646,0.000000,0.000000,0.000000,316,0.000000,21.116646,-0.0,21.116646,31.000000
316_STEAM_1-2,21,21.287879,0.000000,0.000000,1.000000,0.000000,0.000000,0.000000,0.171233,0.000000,21.116646,0.000000,0.000000,0.000000,316,0.000000,21.287879,-0.0,21.287879,31.000000
316_STEAM_1-3,21,27.274699,0.000000,0.000000,1.000000,0.000000,0.000000,0.000000,6.158053,0.000000,21.116646,0.000000,0.000000,0.000000,316,0.000000,27.274699,-0.0,27.274699,31.000000
302_CT_2-0,21,87.255791,0.000000,0.000000,1.000000,0.000000,0.000000,0.000000,0.000000,0.000000,87.255791,0.000000,0.000000,0.000000,302,0.000000,87.255791,-0.0,87.255791,8.000000
302_CT_2-1,21,87.255791,0.000000,0.000000,1.000000,0.000000,0.000000,0.000000,0.000000,0.000000,87.255791,0.000000,0.000000,0.000000,302,0.000000,87.255791,-0.0,87.255791,4.000000
302_CT_2-2,21,99.695770,0.000000,0.000000,1.000000,0.000000,0.000000,0.000000,12.439979,0.000000,87.255791,0.000000,0.000000,0.000000,302,0.000000,99.695770,-0.0,99.695770,4.000000
302_CT_2-3,21,105.367241,0.000000,0.000000,1.000000,0.000000,0.000000,0.000000,18.111450,0.000000,87.255791,0.000000,0.000000,0.000000,302,0.000000,105.367241,-0.0,105.367241,4.000000
323_CC_2-0,21,26.429209,0.000000,0.000000,1.000000,0.000000,0.000000,0.000000,0.000000,0.000000,26.429209,0.000000,0.000000,0.000000,323,0.000000,26.429209,-0.0,26.429209,170.000000
323_CC_2-1,21,26.429209,0.000000,0.000000,1.000000,0.000000,0.000000,0.000000,0.000000,0.000000,26.429209,0.000000,0.000000,0.000000,323,0.000000,26.429209,-0.0,26.429209,61.666667
323_CC_2-2,21,30.277557,0.000000,0.000000,1.000000,0.000000,0.000000,0.000000,3.848348,0.000000,26.429209,0.000000,0.000000,0.000000,323,0.000000,30.277557,-0.0,30.277557,61.666667
323_CC_2-3,21,31.727490,0.000000,0.000000,1.000000,0.000000,0.000000,0.000000,5.298281,0.000000,26.429209,0.000000,0.000000,0.000000,323,0.000000,31.727490,-0.0,31.727490,61.666667
315_STEAM_1-0,21,75.436777,0.000000,0.000000,1.000000,0.000000,0.000000,0.000000,0.000000,0.000000,75.436777,0.000000,0.000000,0.000000,315,0.000000,75.436777,-0.0,75.436777,5.000000
315_STEAM_1-1,21,75.436777,0.000000,0.000000,1.000000,0.000000,0.000000,0.000000,0.000000,0.000000,75.436777,0.000000,0.000000,0.000000,315,0.000000,75.436777,-0.0,75.436777,2.333333
315_STEAM_1-2,21,100.399529,0.000000,0.000000,1.000000,0.000000,0.000000,0.000000,24.962753,0.000000,75.436777,0.000000,0.000000,0.000000,315,0.000000,100.399529,-0.0,100.399529,2.333333
315_STEAM_1-3,21,124.099655,0.000000,0.000000,1.000000,0.000000,0.000000,0.000000,48.662879,0.000000,75.436777,0.000000,0.000000,0.000000,315,0.000000,124.099655,-0.0,124.099655,2.333333
313_CC_1-0,21,15.731579,0.000000,0.000000,1.000000,0.000000,0.000000,0.000000,0.000000,0.000000,15.731579,0.000000,0.000000,0.000000,313,0.000000,15.731579,-0.0,15.731579,170.000000
313_CC_1-1,21,15.731579,0.000000,0.000000,1.000000,0.000000,0.000000,0.000000,0.000000,0.000000,15.731579,0.000000,0.000000,0.000000,313,0.000000,15.731579,-0.0,15.731579,61.666667
313_CC_1-2,21,26.755735,0.000000,0.000000,1.000000,0.000000,0.000000,0.000000,11.024156,0.000000,15.731579,0.000000,0.000000,0.000000,313,0.000000,26.755735,-0.0,26.755735,61.666667
313_CC_1-3,21,33.752731,0.000000,0.000000,1.000000,0.000000,0.000000,0.000000,18.021152,0.000000,15.731579,0.000000,0.000000,0.000000,313,0.000000,33.752731,-0.0,33.752731,61.666667
323_CC_1-0,21,26.429209,0.000000,0.000000,1.000000,0.000000,0.000000,0.000000,0.000000,0.000000,26.429209,0.000000,0.000000,0.000000,323,0.000000,26.429209,-0.0,26.429209,170.000000
323_CC_1-1,21,26.429209,0.000000,0.000000,1.000000,0.000000,0.000000,0.000000,0.000000,0.000000,26.429209,0.000000,0.000000,0.000000,323,0.000000,26.429209,-0.0,26.429209,61.666667
323_CC_1-2,21,30.277557,0.000000,0.000000,1.000000,0.000000,0.000000,0.000000,3.848348,0.000000,26.429209,0.000000,0.000000,0.000000,323,0.000000,30.277557,-0.0,30.277557,61.666667
323_CC_1-3,21,31.727490,0.000000,0.000000,1.000000,0.000000,0.000000,0.000000,5.298281,0.000000,26.429209,0.000000,0.000000,0.000000,323,0.000000,31.727490,-0.0,31.727490,61.666667
301_CT_1-0,21,87.255791,0.000000,0.000000,1.000000,0.000000,0.000000,0.000000,0.000000,0.000000,87.255791,0.000000,0.000000,0.000000,301,0.000000,87.255791,-0.0,87.255791,8.000000
301_CT_1-1,21,87.255791,0.000000,0.000000,1.000000,0.000000,0.000000,0.000000,0.000000,0.000000,87.255791,0.000000,0.000000,0.000000,301,0.000000,87.255791,-0.0,87.255791,4.000000
301_CT_1-2,21,99.695770,0.000000,0.000000,1.000000,0.000000,0.000000,0.000000,12.439979,0.000000,87.255791,0.000000,0.000000,0.000000,301,0.000000,99.695770,-0.0,99.695770,4.000000
301_CT_1-3,21,105.367241,0.000000,0.000000,1.000000,0.000000,0.000000,0.000000,18.111450,0.000000,87.255791,0.000000,0.000000,0.000000,301,0.000000,105.367241,-0.0,105.367241,4.000000
307_CT_1-0,21,27.894691,0.000000,0.000000,1.000000,0.000000,0.000000,0.000000,0.000000,0.000000,27.894691,0.000000,0.000000,0.000000,307,0.000000,27.894691,-0.0,27.894691,22.000000
307_CT_1-1,21,27.894691,0.000000,0.000000,1.000000,0.000000,0.000000,0.000000,0.000000,0.000000,27.894691,0.000000,0.000000,0.000000,307,0.000000,27.894691,-0.0,27.894691,11.000000
307_CT_1-2,21,29.220233,0.000000,0.000000,1.000000,0.000000,0.000000,0.000000,1.325542,0.000000,27.894691,0.000000,0.000000,0.000000,307,0.000000,29.220233,-0.0,29.220233,11.000000
307_CT_1-3,21,35.474770,0.000000,0.000000,1.000000,0.000000,0.000000,0.000000,7.580079,0.000000,27.894691,0.000000,0.000000,0.000000,307,0.000000,35.474770,-0.0,35.474770,11.000000
315_STEAM_4-0,21,75.436777,0.000000,0.000000,1.000000,0.000000,0.000000,0.000000,0.000000,0.000000,75.436777,0.000000,0.000000,0.000000,315,0.000000,75.436777,-0.0,75.436777,5.000000
315_STEAM_4-1,21,75.436777,0.000000,0.000000,1.000000,0.000000,0.000000,0.000000,0.000000,0.000000,75.436777,0.000000,0.000000,0.000000,315,0.000000,75.436777,-0.0,75.436777,2.333333
315_STEAM_4-2,21,100.399529,0.000000,0.000000,1.000000,0.000000,0.000000,0.000000,24.962753,0.000000,75.436777,0.000000,0.000000,0.000000,315,0.000000,100.399529,-0.0,100.399529,2.333333
315_STEAM_4-3,21,124.099655,0.000000,0.000000,1.000000,0.000000,0.000000,0.000000,48.662879,0.000000,75.436777,0.000000,0.000000,0.000000,315,0.000000,124.099655,-0.0,124.099655,2.333333
315_CT_8-0,21,26.401998,0.000000,0.000000,1.000000,0.000000,0.000000,0.000000,0.000000,0.000000,26.401998,0.000000,0.000000,0.000000,315,0.000000,26.401998,-0.0,26.401998,22.000000
315_CT_8-1,21,26.401998,0.000000,0.000000,1.000000,0.000000,0.000000,0.000000,0.000000,0.000000,26.401998,0.000000,0.000000,0.000000,315,0.000000,26.401998,-0.0,26.401998,11.000000
315_CT_8-2,21,26.895675,0.000000,0.000000,1.000000,0.000000,0.000000,0.000000,0.493677,0.000000,26.401998,0.000000,0.000000,0.000000,315,0.000000,26.895675,-0.0,26.895675,11.000000
315_CT_8-3,21,31.855768,0.000000,0.000000,1.000000,0.000000,0.000000,0.000000,5.453770,0.000000,26.401998,0.000000,0.000000,0.000000,315,0.000000,31.855768,-0.0,31.855768,11.000000
322_CT_6-0,21,23.334982,0.000000,0.000000,1.000000,0.000000,0.000000,0.000000,0.000000,0.000000,23.334982,0.000000,0.000000,0.000000,322,0.000000,23.334982,-0.0,23.334982,22.000000
322_CT_6-1,21,23.334982,0.000000,0.000000,1.000000,0.000000,0.000000,0.000000,0.000000,0.000000,23.334982,0.000000,0.000000,0.000000,322,0.000000,23.334982,-0.0,23.334982,11.000000
322_CT_6-2,21,26.499179,0.000000,0.000000,1.000000,0.000000,0.000000,0.000000,3.164197,0.000000,23.334982,0.000000,0.000000,0.000000,322,0.000000,26.499179,-0.0,26.499179,11.000000
322_CT_6-3,21,27.894691,0.000000,0.000000,1.000000,0.000000,0.000000,0.000000,4.559709,0.000000,23.334982,0.000000,0.000000,0.000000,322,0.000000,27.894691,-0.0,27.894691,11.000000
321_CC_1-0,21,22.732463,0.000000,0.000000,1.000000,0.000000,0.000000,0.000000,0.000000,0.000000,22.732463,0.000000,0.000000,0.000000,321,0.000000,22.732463,-0.0,22.732463,170.000000
321_CC_1-1,21,22.732463,0.000000,0.000000,1.000000,0.000000,0.000000,0.000000,0.000000,0.000000,22.732463,0.000000,0.000000,0.000000,321,0.000000,22.732463,-0.0,22.732463,61.666667
321_CC_1-2,21,25.908321,0.000000,0.000000,1.000000,0.000000,0.000000,0.000000,3.175859,0.000000,22.732463,0.000000,0.000000,0.000000,321,0.000000,25.908321,-0.0,25.908321,61.666667
321_CC_1-3,21,33.947092,0.000000,0.000000,1.000000,0.000000,0.000000,0.000000,11.214630,0.000000,22.732463,0.000000,0.000000,0.000000,321,0.000000,33.947092,-0.0,33.947092,61.666667
318_CC_1-0,21,26.845141,0.000000,0.000000,1.000000,0.000000,0.000000,0.000000,0.000000,0.000000,26.845141,0.000000,0.000000,0.000000,318,0.000000,26.845141,-0.0,26.845141,170.000000
318_CC_1-1,21,26.845141,0.000000,0.000000,1.000000,0.000000,0.000000,0.000000,0.000000,0.000000,26.845141,0.000000,0.000000,0.000000,318,0.000000,26.845141,-0.0,26.845141,61.666667
318_CC_1-2,21,27.276623,0.000000,0.000000,1.000000,0.000000,0.000000,0.000000,0.431481,0.000000,26.845141,0.000000,0.000000,0.000000,318,0.000000,27.276623,-0.0,27.276623,61.666667
318_CC_1-3,21,31.529241,0.000000,0.000000,1.000000,0.000000,0.000000,0.000000,4.684100,0.000000,26.845141,0.000000,0.000000,0.000000,318,0.000000,31.529241,-0.0,31.529241,61.666667
301_CT_2-0,21,87.255791,0.000000,0.000000,1.000000,0.000000,0.000000,0.000000,0.000000,0.000000,87.255791,0.000000,0.000000,0.000000,301,0.000000,87.255791,-0.0,87.255791,8.000000
301_CT_2-1,21,87.255791,0.000000,0.000000,1.000000,0.000000,0.000000,0.000000,0.000000,0.000000,87.255791,0.000000,0.000000,0.000000,301,0.000000,87.255791,-0.0,87.255791,4.000000
301_CT_2-2,21,99.695770,0.000000,0.000000,1.000000,0.000000,0.000000,0.000000,12.439979,0.000000,87.255791,0.000000,0.000000,0.000000,301,0.000000,99.695770,-0.0,99.695770,4.000000
301_CT_2-3,21,105.367241,0.000000,0.000000,1.000000,0.000000,0.000000,0.000000,18.111450,0.000000,87.255791,0.000000,0.000000,0.000000,301,0.000000,105.367241,-0.0,105.367241,4.000000
315_CT_7-0,21,26.401998,0.000000,0.000000,1.000000,0.000000,0.000000,0.000000,0.000000,0.000000,26.401998,0.000000,0.000000,0.000000,315,0.000000,26.401998,-0.0,26.401998,22.000000
315_CT_7-1,21,26.401998,0.000000,0.000000,1.000000,0.000000,0.000000,0.000000,0.000000,0.000000,26.401998,0.000000,0.000000,0.000000,315,0.000000,26.401998,-0.0,26.401998,11.000000
315_CT_7-2,21,26.895675,0.000000,0.000000,1.000000,0.000000,0.000000,0.000000,0.493677,0.000000,26.401998,0.000000,0.000000,0.000000,315,0.000000,26.895675,-0.0,26.895675,11.000000
315_CT_7-3,21,31.855768,0.000000,0.000000,1.000000,0.000000,0.000000,0.000000,5.453770,0.000000,26.401998,0.000000,0.000000,0.000000,315,0.000000,31.855768,-0.0,31.855768,11.000000
322_HYDRO_2-0,21,0.000000,0.000000,0.000000,1.000000,0.000000,0.000000,0.000000,0.000000,0.000000,0.000000,0.000000,0.000000,0.000000,322,0.000000,0.000000,0.0,0.000000,18.962500
322_HYDRO_2-1,21,0.000000,0.000000,0.000000,1.000000,0.000000,0.000000,0.000000,0.000000,0.000000,0.000000,0.000000,0.000000,0.000000,322,0.000000,0.000000,0.0,0.000000,0.000000
322_HYDRO_2-2,21,0.000000,0.000000,0.000000,1.000000,0.000000,0.000000,0.000000,0.000000,0.000000,0.000000,0.000000,0.000000,0.000000,322,0.000000,0.000000,0.0,0.000000,0.000000
322_HYDRO_2-3,21,0.000000,0.000000,0.000000,1.000000,0.000000,0.000000,0.000000,0.000000,0.000000,0.000000,0.000000,0.000000,0.000000,322,0.000000,0.000000,0.0,0.000000,0.000000
301_CT_3-0,21,28.469999,0.000000,0.000000,1.000000,0.000000,0.000000,0.000000,0.000000,0.000000,28.469999,0.000000,0.000000,0.000000,301,0.000000,28.469999,-0.0,28.469999,22.000000
301_CT_3-1,21,28.469999,0.000000,0.000000,1.000000,0.000000,0.000000,0.000000,0.000000,0.000000,28.469999,0.000000,0.000000,0.000000,301,0.000000,28.469999,-0.0,28.469999,11.000000
301_CT_3-2,21,29.286315,0.000000,0.000000,1.000000,0.000000,0.000000,0.000000,0.816316,0.000000,28.469999,0.000000,0.000000,0.000000,301,0.000000,29.286315,-0.0,29.286315,11.000000
301_CT_3-3,21,43.742887,0.000000,0.000000,1.000000,0.000000,0.000000,0.000000,15.272887,0.000000,28.469999,0.000000,0.000000,0.000000,301,0.000000,43.742887,-0.0,43.742887,11.000000
302_CT_3-0,21,33.791603,0.000000,0.000000,1.000000,0.000000,0.000000,0.000000,0.000000,0.000000,33.791603,0.000000,0.000000,0.000000,302,0.000000,33.791603,-0.0,33.791603,22.000000
302_CT_3-1,21,33.791603,0.000000,0.000000,1.000000,0.000000,0.000000,0.000000,0.000000,0.000000,33.791603,0.000000,0.000000,0.000000,302,0.000000,33.791603,-0.0,33.791603,11.000000
302_CT_3-2,21,38.382410,0.000000,0.000000,1.000000,0.000000,0.000000,0.000000,4.590807,0.000000,33.791603,0.000000,0.000000,0.000000,302,0.000000,38.382410,-0.0,38.382410,11.000000
302_CT_3-3,21,38.635080,0.000000,0.000000,1.000000,0.000000,0.000000,0.000000,4.843476,0.000000,33.791603,0.000000,0.000000,0.000000,302,0.000000,38.635080,-0.0,38.635080,11.000000
315_STEAM_2-0,21,75.436777,0.000000,0.000000,1.000000,0.000000,0.000000,0.000000,0.000000,0.000000,75.436777,0.000000,0.000000,0.000000,315,0.000000,75.436777,-0.0,75.436777,5.000000
315_STEAM_2-1,21,75.436777,0.000000,0.000000,1.000000,0.000000,0.000000,0.000000,0.000000,0.000000,75.436777,0.000000,0.000000,0.000000,315,0.000000,75.436777,-0.0,75.436777,2.333333
315_STEAM_2-2,21,100.399529,0.000000,0.000000,1.000000,0.000000,0.000000,0.000000,24.962753,0.000000,75.436777,0.000000,0.000000,0.000000,315,0.000000,100.399529,-0.0,100.399529,2.333333
315_STEAM_2-3,21,124.099655,0.000000,0.000000,1.000000,0.000000,0.000000,0.000000,48.662879,0.000000,75.436777,0.000000,0.000000,0.000000,315,0.000000,124.099655,-0.0,124.099655,2.333333
302_CT_4-0,21,33.791603,0.000000,0.000000,1.000000,0.000000,0.000000,0.000000,0.000000,0.000000,33.791603,0.000000,0.000000,0.000000,302,0.000000,33.791603,-0.0,33.791603,22.000000
302_CT_4-1,21,33.791603,0.000000,0.000000,1.000000,0.000000,0.000000,0.000000,0.000000,0.000000,33.791603,0.000000,0.000000,0.000000,302,0.000000,33.791603,-0.0,33.791603,11.000000
302_CT_4-2,21,38.382410,0.000000,0.000000,1.000000,0.000000,0.000000,0.000000,4.590807,0.000000,33.791603,0.000000,0.000000,0.000000,302,0.000000,38.382410,-0.0,38.382410,11.000000
302_CT_4-3,21,38.635080,0.000000,0.000000,1.000000,0.000000,0.000000,0.000000,4.843476,0.000000,33.791603,0.000000,0.000000,0.000000,302,0.000000,38.635080,-0.0,38.635080,11.000000
315_STEAM_5-0,21,75.436777,0.000000,0.000000,1.000000,0.000000,0.000000,0.000000,0.000000,0.000000,75.436777,0.000000,0.000000,0.000000,315,0.000000,75.436777,-0.0,75.436777,5.000000
315_STEAM_5-1,21,75.436777,0.000000,0.000000,1.000000,0.000000,0.000000,0.000000,0.000000,0.000000,75.436777,0.000000,0.000000,0.000000,315,0.000000,75.436777,-0.0,75.436777,2.333333
315_STEAM_5-2,21,100.399529,0.000000,0.000000,1.000000,0.000000,0.000000,0.000000,24.962753,0.000000,75.436777,0.000000,0.000000,0.000000,315,0.000000,100.399529,-0.0,100.399529,2.333333
315_STEAM_5-3,21,124.099655,0.000000,0.000000,1.000000,0.000000,0.000000,0.000000,48.662879,0.000000,75.436777,0.000000,0.000000,0.000000,315,0.000000,124.099655,-0.0,124.099655,2.333333
315_STEAM_3-0,21,75.436777,0.000000,0.000000,1.000000,0.000000,0.000000,0.000000,0.000000,0.000000,75.436777,0.000000,0.000000,0.000000,315,0.000000,75.436777,-0.0,75.436777,5.000000
315_STEAM_3-1,21,75.436777,0.000000,0.000000,1.000000,0.000000,0.000000,0.000000,0.000000,0.000000,75.436777,0.000000,0.000000,0.000000,315,0.000000,75.436777,-0.0,75.436777,2.333333
315_STEAM_3-2,21,100.399529,0.000000,0.000000,1.000000,0.000000,0.000000,0.000000,24.962753,0.000000,75.436777,0.000000,0.000000,0.000000,315,0.000000,100.399529,-0.0,100.399529,2.333333
315_STEAM_3-3,21,124.099655,0.000000,0.000000,1.000000,0.000000,0.000000,0.000000,48.662879,0.000000,75.436777,0.000000,0.000000,0.000000,315,0.000000,124.099655,-0.0,124.099655,2.333333
302_CT_1-0,21,87.255791,0.000000,0.000000,1.000000,0.000000,0.000000,0.000000,0.000000,0.000000,87.255791,0.000000,0.000000,0.000000,302,0.000000,87.255791,-0.0,87.255791,8.000000
302_CT_1-1,21,87.255791,0.000000,0.000000,1.000000,0.000000,0.000000,0.000000,0.000000,0.000000,87.255791,0.000000,0.000000,0.000000,302,0.000000,87.255791,-0.0,87.255791,4.000000
302_CT_1-2,21,99.695770,0.000000,0.000000,1.000000,0.000000,0.000000,0.000000,12.439979,0.000000,87.255791,0.000000,0.000000,0.000000,302,0.000000,99.695770,-0.0,99.695770,4.000000
302_CT_1-3,21,105.367241,0.000000,0.000000,1.000000,0.000000,0.000000,0.000000,18.111450,0.000000,87.255791,0.000000,0.000000,0.000000,302,0.000000,105.367241,-0.0,105.367241,4.000000
322_CT_5-0,21,23.334982,0.000000,0.000000,1.000000,0.000000,0.000000,0.000000,0.000000,0.000000,23.334982,0.000000,0.000000,0.000000,322,0.000000,23.334982,-0.0,23.334982,22.000000
322_CT_5-1,21,23.334982,0.000000,0.000000,1.000000,0.000000,0.000000,0.000000,0.000000,0.000000,23.334982,0.000000,0.000000,0.000000,322,0.000000,23.334982,-0.0,23.334982,11.000000
322_CT_5-2,21,26.499179,0.000000,0.000000,1.000000,0.000000,0.000000,0.000000,3.164197,0.000000,23.334982,0.000000,0.000000,0.000000,322,0.000000,26.499179,-0.0,26.499179,11.000000
322_CT_5-3,21,27.894691,0.000000,0.000000,1.000000,0.000000,0.000000,0.000000,4.559709,0.000000,23.334982,0.000000,0.000000,0.000000,322,0.000000,27.894691,-0.0,27.894691,11.000000
307_CT_2-0,21,27.894691,0.000000,0.000000,1.000000,0.000000,0.000000,0.000000,0.000000,0.000000,27.894691,0.000000,0.000000,0.000000,307,0.000000,27.894691,-0.0,27.894691,22.000000
307_CT_2-1,21,27.894691,0.000000,0.000000,1.000000,0.000000,0.000000,0.000000,0.000000,0.000000,27.894691,0.000000,0.000000,0.000000,307,0.000000,27.894691,-0.0,27.894691,11.000000
307_CT_2-2,21,29.220233,0.000000,0.000000,1.000000,0.000000,0.000000,0.000000,1.325542,0.000000,27.894691,0.000000,0.000000,0.000000,307,0.000000,29.220233,-0.0,29.220233,11.000000
307_CT_2-3,21,35.474770,0.000000,0.000000,1.000000,0.000000,0.000000,0.000000,7.580079,0.000000,27.894691,0.000000,0.000000,0.000000,307,0.000000,35.474770,-0.0,35.474770,11.000000
322_HYDRO_1-0,22,0.000000,18.254167,0.000000,1.000000,0.000000,0.000000,0.000000,0.000000,0.000000,0.000000,0.000000,0.000000,0.000000,322,0.000000,0.000000,0.0,0.000000,18.254167
322_HYDRO_1-1,22,0.000000,0.000000,0.000000,1.000000,0.000000,0.000000,0.000000,0.000000,0.000000,0.000000,0.000000,0.000000,0.000000,322,0.000000,0.000000,0.0,0.000000,0.000000
322_HYDRO_1-2,22,0.000000,0.000000,0.000000,1.000000,0.000000,0.000000,0.000000,0.000000,0.000000,0.000000,0.000000,0.000000,0.000000,322,0.000000,0.000000,0.0,0.000000,0.000000
322_HYDRO_1-3,22,0.000000,0.000000,0.000000,1.000000,0.000000,0.000000,0.000000,0.000000,0.000000,0.000000,0.000000,0.000000,0.000000,322,0.000000,0.000000,0.0,0.000000,0.000000
322_HYDRO_4-0,22,0.000000,18.254167,0.000000,1.000000,0.000000,0.000000,0.000000,0.000000,0.000000,0.000000,0.000000,0.000000,0.000000,322,0.000000,0.000000,0.0,0.000000,18.254167
322_HYDRO_4-1,22,0.000000,0.000000,0.000000,1.000000,0.000000,0.000000,0.000000,0.000000,0.000000,0.000000,0.000000,0.000000,0.000000,322,0.000000,0.000000,0.0,0.000000,0.000000
322_HYDRO_4-2,22,0.000000,0.000000,0.000000,1.000000,0.000000,0.000000,0.000000,0.000000,0.000000,0.000000,0.000000,0.000000,0.000000,322,0.000000,0.000000,0.0,0.000000,0.000000
322_HYDRO_4-3,22,0.000000,0.000000,0.000000,1.000000,0.000000,0.000000,0.000000,0.000000,0.000000,0.000000,0.000000,0.000000,0.000000,322,0.000000,0.000000,0.0,0.000000,0.000000
315_CT_6-0,22,26.401998,0.000000,0.000000,1.000000,0.000000,0.000000,0.000000,0.000000,0.000000,26.401998,0.000000,0.000000,0.000000,315,0.000000,26.401998,-0.0,26.401998,22.000000
315_CT_6-1,22,26.401998,0.000000,0.000000,1.000000,0.000000,0.000000,0.000000,0.000000,0.000000,26.401998,0.000000,0.000000,0.000000,315,0.000000,26.401998,-0.0,26.401998,11.000000
315_CT_6-2,22,26.895675,0.000000,0.000000,1.000000,0.000000,0.000000,0.000000,0.493677,0.000000,26.401998,0.000000,0.000000,0.000000,315,0.000000,26.895675,-0.0,26.895675,11.000000
315_CT_6-3,22,31.855768,0.000000,0.000000,1.000000,0.000000,0.000000,0.000000,5.453770,0.000000,26.401998,0.000000,0.000000,0.000000,315,0.000000,31.855768,-0.0,31.855768,11.000000
322_HYDRO_3-0,22,0.000000,18.254167,0.000000,1.000000,0.000000,0.000000,0.000000,0.000000,0.000000,0.000000,0.000000,0.000000,0.000000,322,0.000000,0.000000,0.0,0.000000,18.254167
322_HYDRO_3-1,22,0.000000,0.000000,0.000000,1.000000,0.000000,0.000000,0.000000,0.000000,0.000000,0.000000,0.000000,0.000000,0.000000,322,0.000000,0.000000,0.0,0.000000,0.000000
322_HYDRO_3-2,22,0.000000,0.000000,0.000000,1.000000,0.000000,0.000000,0.000000,0.000000,0.000000,0.000000,0.000000,0.000000,0.000000,322,0.000000,0.000000,0.0,0.000000,0.000000
322_HYDRO_3-3,22,0.000000,0.000000,0.000000,1.000000,0.000000,0.000000,0.000000,0.000000,0.000000,0.000000,0.000000,0.000000,0.000000,322,0.000000,0.000000,0.0,0.000000,0.000000
301_CT_4-0,22,28.469999,0.000000,0.000000,1.000000,0.000000,0.000000,0.000000,0.000000,0.000000,28.469999,0.000000,0.000000,0.000000,301,0.000000,28.469999,-0.0,28.469999,22.000000
301_CT_4-1,22,28.469999,0.000000,0.000000,1.000000,0.000000,0.000000,0.000000,0.000000,0.000000,28.469999,0.000000,0.000000,0.000000,301,0.000000,28.469999,-0.0,28.469999,11.000000
301_CT_4-2,22,29.286315,0.000000,0.000000,1.000000,0.000000,0.000000,0.000000,0.816316,0.000000,28.469999,0.000000,0.000000,0.000000,301,0.000000,29.286315,-0.0,29.286315,11.000000
301_CT_4-3,22,43.742887,0.000000,0.000000,1.000000,0.000000,0.000000,0.000000,15.272887,0.000000,28.469999,0.000000,0.000000,0.000000,301,0.000000,43.742887,-0.0,43.742887,11.000000
316_STEAM_1-0,22,21.116646,0.000000,0.000000,1.000000,0.000000,0.000000,0.000000,0.000000,0.000000,21.116646,0.000000,0.000000,0.000000,316,0.000000,21.116646,-0.0,21.116646,62.000000
316_STEAM_1-1,22,21.116646,0.000000,0.000000,1.000000,0.000000,0.000000,0.000000,0.000000,0.000000,21.116646,0.000000,0.000000,0.000000,316,0.000000,21.116646,-0.0,21.116646,31.000000
316_STEAM_1-2,22,21.287879,0.000000,0.000000,1.000000,0.000000,0.000000,0.000000,0.171233,0.000000,21.116646,0.000000,0.000000,0.000000,316,0.000000,21.287879,-0.0,21.287879,31.000000
316_STEAM_1-3,22,27.274699,0.000000,0.000000,1.000000,0.000000,0.000000,0.000000,6.158053,0.000000,21.116646,0.000000,0.000000,0.000000,316,0.000000,27.274699,-0.0,27.274699,31.000000
302_CT_2-0,22,87.255791,0.000000,0.000000,1.000000,0.000000,0.000000,0.000000,0.000000,0.000000,87.255791,0.000000,0.000000,0.000000,302,0.000000,87.255791,-0.0,87.255791,8.000000
302_CT_2-1,22,87.255791,0.000000,0.000000,1.000000,0.000000,0.000000,0.000000,0.000000,0.000000,87.255791,0.000000,0.000000,0.000000,302,0.000000,87.255791,-0.0,87.255791,4.000000
302_CT_2-2,22,99.695770,0.000000,0.000000,1.000000,0.000000,0.000000,0.000000,12.439979,0.000000,87.255791,0.000000,0.000000,0.000000,302,0.000000,99.695770,-0.0,99.695770,4.000000
302_CT_2-3,22,105.367241,0.000000,0.000000,1.000000,0.000000,0.000000,0.000000,18.111450,0.000000,87.255791,0.000000,0.000000,0.000000,302,0.000000,105.367241,-0.0,105.367241,4.000000
323_CC_2-0,22,26.429209,0.000000,0.000000,1.000000,0.000000,0.000000,0.000000,0.000000,0.000000,26.429209,0.000000,0.000000,0.000000,323,0.000000,26.429209,-0.0,26.429209,170.000000
323_CC_2-1,22,26.429209,0.000000,0.000000,1.000000,0.000000,0.000000,0.000000,0.000000,0.000000,26.429209,0.000000,0.000000,0.000000,323,0.000000,26.429209,-0.0,26.429209,61.666667
323_CC_2-2,22,30.277557,0.000000,0.000000,1.000000,0.000000,0.000000,0.000000,3.848348,0.000000,26.429209,0.000000,0.000000,0.000000,323,0.000000,30.277557,-0.0,30.277557,61.666667
323_CC_2-3,22,31.727490,0.000000,0.000000,1.000000,0.000000,0.000000,0.000000,5.298281,0.000000,26.429209,0.000000,0.000000,0.000000,323,0.000000,31.727490,-0.0,31.727490,61.666667
315_STEAM_1-0,22,75.436777,0.000000,0.000000,1.000000,0.000000,0.000000,0.000000,0.000000,0.000000,75.436777,0.000000,0.000000,0.000000,315,0.000000,75.436777,-0.0,75.436777,5.000000
315_STEAM_1-1,22,75.436777,0.000000,0.000000,1.000000,0.000000,0.000000,0.000000,0.000000,0.000000,75.436777,0.000000,0.000000,0.000000,315,0.000000,75.436777,-0.0,75.436777,2.333333
315_STEAM_1-2,22,100.399529,0.000000,0.000000,1.000000,0.000000,0.000000,0.000000,24.962753,0.000000,75.436777,0.000000,0.000000,0.000000,315,0.000000,100.399529,-0.0,100.399529,2.333333
315_STEAM_1-3,22,124.099655,0.000000,0.000000,1.000000,0.000000,0.000000,0.000000,48.662879,0.000000,75.436777,0.000000,0.000000,0.000000,315,0.000000,124.099655,-0.0,124.099655,2.333333
313_CC_1-0,22,15.731579,0.000000,0.000000,1.000000,0.000000,0.000000,0.000000,0.000000,0.000000,15.731579,0.000000,0.000000,0.000000,313,0.000000,15.731579,-0.0,15.731579,170.000000
313_CC_1-1,22,15.731579,0.000000,0.000000,1.000000,0.000000,0.000000,0.000000,0.000000,0.000000,15.731579,0.000000,0.000000,0.000000,313,0.000000,15.731579,-0.0,15.731579,61.666667
313_CC_1-2,22,26.755735,0.000000,0.000000,1.000000,0.000000,0.000000,0.000000,11.024156,0.000000,15.731579,0.000000,0.000000,0.000000,313,0.000000,26.755735,-0.0,26.755735,61.666667
313_CC_1-3,22,33.752731,0.000000,0.000000,1.000000,0.000000,0.000000,0.000000,18.021152,0.000000,15.731579,0.000000,0.000000,0.000000,313,0.000000,33.752731,-0.0,33.752731,61.666667
323_CC_1-0,22,26.429209,0.000000,0.000000,1.000000,0.000000,0.000000,0.000000,0.000000,0.000000,26.429209,0.000000,0.000000,0.000000,323,0.000000,26.429209,-0.0,26.429209,170.000000
323_CC_1-1,22,26.429209,0.000000,0.000000,1.000000,0.000000,0.000000,0.000000,0.000000,0.000000,26.429209,0.000000,0.000000,0.000000,323,0.000000,26.429209,-0.0,26.429209,61.666667
323_CC_1-2,22,30.277557,0.000000,0.000000,1.000000,0.000000,0.000000,0.000000,3.848348,0.000000,26.429209,0.000000,0.000000,0.000000,323,0.000000,30.277557,-0.0,30.277557,61.666667
323_CC_1-3,22,31.727490,0.000000,0.000000,1.000000,0.000000,0.000000,0.000000,5.298281,0.000000,26.429209,0.000000,0.000000,0.000000,323,0.000000,31.727490,-0.0,31.727490,61.666667
301_CT_1-0,22,87.255791,0.000000,0.000000,1.000000,0.000000,0.000000,0.000000,0.000000,0.000000,87.255791,0.000000,0.000000,0.000000,301,0.000000,87.255791,-0.0,87.255791,8.000000
301_CT_1-1,22,87.255791,0.000000,0.000000,1.000000,0.000000,0.000000,0.000000,0.000000,0.000000,87.255791,0.000000,0.000000,0.000000,301,0.000000,87.255791,-0.0,87.255791,4.000000
301_CT_1-2,22,99.695770,0.000000,0.000000,1.000000,0.000000,0.000000,0.000000,12.439979,0.000000,87.255791,0.000000,0.000000,0.000000,301,0.000000,99.695770,-0.0,99.695770,4.000000
301_CT_1-3,22,105.367241,0.000000,0.000000,1.000000,0.000000,0.000000,0.000000,18.111450,0.000000,87.255791,0.000000,0.000000,0.000000,301,0.000000,105.367241,-0.0,105.367241,4.000000
307_CT_1-0,22,27.894691,0.000000,0.000000,1.000000,0.000000,0.000000,0.000000,0.000000,0.000000,27.894691,0.000000,0.000000,0.000000,307,0.000000,27.894691,-0.0,27.894691,22.000000
307_CT_1-1,22,27.894691,0.000000,0.000000,1.000000,0.000000,0.000000,0.000000,0.000000,0.000000,27.894691,0.000000,0.000000,0.000000,307,0.000000,27.894691,-0.0,27.894691,11.000000
307_CT_1-2,22,29.220233,0.000000,0.000000,1.000000,0.000000,0.000000,0.000000,1.325542,0.000000,27.894691,0.000000,0.000000,0.000000,307,0.000000,29.220233,-0.0,29.220233,11.000000
307_CT_1-3,22,35.474770,0.000000,0.000000,1.000000,0.000000,0.000000,0.000000,7.580079,0.000000,27.894691,0.000000,0.000000,0.000000,307,0.000000,35.474770,-0.0,35.474770,11.000000
315_STEAM_4-0,22,75.436777,0.000000,0.000000,1.000000,0.000000,0.000000,0.000000,0.000000,0.000000,75.436777,0.000000,0.000000,0.000000,315,0.000000,75.436777,-0.0,75.436777,5.000000
315_STEAM_4-1,22,75.436777,0.000000,0.000000,1.000000,0.000000,0.000000,0.000000,0.000000,0.000000,75.436777,0.000000,0.000000,0.000000,315,0.000000,75.436777,-0.0,75.436777,2.333333
315_STEAM_4-2,22,100.399529,0.000000,0.000000,1.000000,0.000000,0.000000,0.000000,24.962753,0.000000,75.436777,0.000000,0.000000,0.000000,315,0.000000,100.399529,-0.0,100.399529,2.333333
315_STEAM_4-3,22,124.099655,0.000000,0.000000,1.000000,0.000000,0.000000,0.000000,48.662879,0.000000,75.436777,0.000000,0.000000,0.000000,315,0.000000,124.099655,-0.0,124.099655,2.333333
315_CT_8-0,22,26.401998,0.000000,0.000000,1.000000,0.000000,0.000000,0.000000,0.000000,0.000000,26.401998,0.000000,0.000000,0.000000,315,0.000000,26.401998,-0.0,26.401998,22.000000
315_CT_8-1,22,26.401998,0.000000,0.000000,1.000000,0.000000,0.000000,0.000000,0.000000,0.000000,26.401998,0.000000,0.000000,0.000000,315,0.000000,26.401998,-0.0,26.401998,11.000000
315_CT_8-2,22,26.895675,0.000000,0.000000,1.000000,0.000000,0.000000,0.000000,0.493677,0.000000,26.401998,0.000000,0.000000,0.000000,315,0.000000,26.895675,-0.0,26.895675,11.000000
315_CT_8-3,22,31.855768,0.000000,0.000000,1.000000,0.000000,0.000000,0.000000,5.453770,0.000000,26.401998,0.000000,0.000000,0.000000,315,0.000000,31.855768,-0.0,31.855768,11.000000
322_CT_6-0,22,23.334982,0.000000,0.000000,1.000000,0.000000,0.000000,0.000000,0.000000,0.000000,23.334982,0.000000,0.000000,0.000000,322,0.000000,23.334982,-0.0,23.334982,22.000000
322_CT_6-1,22,23.334982,0.000000,0.000000,1.000000,0.000000,0.000000,0.000000,0.000000,0.000000,23.334982,0.000000,0.000000,0.000000,322,0.000000,23.334982,-0.0,23.334982,11.000000
322_CT_6-2,22,26.499179,0.000000,0.000000,1.000000,0.000000,0.000000,0.000000,3.164197,0.000000,23.334982,0.000000,0.000000,0.000000,322,0.000000,26.499179,-0.0,26.499179,11.000000
322_CT_6-3,22,27.894691,0.000000,0.000000,1.000000,0.000000,0.000000,0.000000,4.559709,0.000000,23.334982,0.000000,0.000000,0.000000,322,0.000000,27.894691,-0.0,27.894691,11.000000
321_CC_1-0,22,22.732463,0.000000,0.000000,1.000000,0.000000,0.000000,0.000000,0.000000,0.000000,22.732463,0.000000,0.000000,0.000000,321,0.000000,22.732463,-0.0,22.732463,170.000000
321_CC_1-1,22,22.732463,0.000000,0.000000,1.000000,0.000000,0.000000,0.000000,0.000000,0.000000,22.732463,0.000000,0.000000,0.000000,321,0.000000,22.732463,-0.0,22.732463,61.666667
321_CC_1-2,22,25.908321,0.000000,0.000000,1.000000,0.000000,0.000000,0.000000,3.175859,0.000000,22.732463,0.000000,0.000000,0.000000,321,0.000000,25.908321,-0.0,25.908321,61.666667
321_CC_1-3,22,33.947092,0.000000,0.000000,1.000000,0.000000,0.000000,0.000000,11.214630,0.000000,22.732463,0.000000,0.000000,0.000000,321,0.000000,33.947092,-0.0,33.947092,61.666667
318_CC_1-0,22,26.845141,0.000000,0.000000,1.000000,0.000000,0.000000,0.000000,0.000000,0.000000,26.845141,0.000000,0.000000,0.000000,318,0.000000,26.845141,-0.0,26.845141,170.000000
318_CC_1-1,22,26.845141,0.000000,0.000000,1.000000,0.000000,0.000000,0.000000,0.000000,0.000000,26.845141,0.000000,0.000000,0.000000,318,0.000000,26.845141,-0.0,26.845141,61.666667
318_CC_1-2,22,27.276623,0.000000,0.000000,1.000000,0.000000,0.000000,0.000000,0.431481,0.000000,26.845141,0.000000,0.000000,0.000000,318,0.000000,27.276623,-0.0,27.276623,61.666667
318_CC_1-3,22,31.529241,0.000000,0.000000,1.000000,0.000000,0.000000,0.000000,4.684100,0.000000,26.845141,0.000000,0.000000,0.000000,318,0.000000,31.529241,-0.0,31.529241,61.666667
301_CT_2-0,22,87.255791,0.000000,0.000000,1.000000,0.000000,0.000000,0.000000,0.000000,0.000000,87.255791,0.000000,0.000000,0.000000,301,0.000000,87.255791,-0.0,87.255791,8.000000
301_CT_2-1,22,87.255791,0.000000,0.000000,1.000000,0.000000,0.000000,0.000000,0.000000,0.000000,87.255791,0.000000,0.000000,0.000000,301,0.000000,87.255791,-0.0,87.255791,4.000000
301_CT_2-2,22,99.695770,0.000000,0.000000,1.000000,0.000000,0.000000,0.000000,12.439979,0.000000,87.255791,0.000000,0.000000,0.000000,301,0.000000,99.695770,-0.0,99.695770,4.000000
301_CT_2-3,22,105.367241,0.000000,0.000000,1.000000,0.000000,0.000000,0.000000,18.111450,0.000000,87.255791,0.000000,0.000000,0.000000,301,0.000000,105.367241,-0.0,105.367241,4.000000
315_CT_7-0,22,26.401998,0.000000,0.000000,1.000000,0.000000,0.000000,0.000000,0.000000,0.000000,26.401998,0.000000,0.000000,0.000000,315,0.000000,26.401998,-0.0,26.401998,22.000000
315_CT_7-1,22,26.401998,0.000000,0.000000,1.000000,0.000000,0.000000,0.000000,0.000000,0.000000,26.401998,0.000000,0.000000,0.000000,315,0.000000,26.401998,-0.0,26.401998,11.000000
315_CT_7-2,22,26.895675,0.000000,0.000000,1.000000,0.000000,0.000000,0.000000,0.493677,0.000000,26.401998,0.000000,0.000000,0.000000,315,0.000000,26.895675,-0.0,26.895675,11.000000
315_CT_7-3,22,31.855768,0.000000,0.000000,1.000000,0.000000,0.000000,0.000000,5.453770,0.000000,26.401998,0.000000,0.000000,0.000000,315,0.000000,31.855768,-0.0,31.855768,11.000000
322_HYDRO_2-0,22,0.000000,18.254167,0.000000,1.000000,0.000000,0.000000,0.000000,0.000000,0.000000,0.000000,0.000000,0.000000,0.000000,322,0.000000,0.000000,0.0,0.000000,18.254167
322_HYDRO_2-1,22,0.000000,0.000000,0.000000,1.000000,0.000000,0.000000,0.000000,0.000000,0.000000,0.000000,0.000000,0.000000,0.000000,322,0.000000,0.000000,0.0,0.000000,0.000000
322_HYDRO_2-2,22,0.000000,0.000000,0.000000,1.000000,0.000000,0.000000,0.000000,0.000000,0.000000,0.000000,0.000000,0.000000,0.000000,322,0.000000,0.000000,0.0,0.000000,0.000000
322_HYDRO_2-3,22,0.000000,0.000000,0.000000,1.000000,0.000000,0.000000,0.000000,0.000000,0.000000,0.000000,0.000000,0.000000,0.000000,322,0.000000,0.000000,0.0,0.000000,0.000000
301_CT_3-0,22,28.469999,0.000000,0.000000,1.000000,0.000000,0.000000,0.000000,0.000000,0.000000,28.469999,0.000000,0.000000,0.000000,301,0.000000,28.469999,-0.0,28.469999,22.000000
301_CT_3-1,22,28.469999,0.000000,0.000000,1.000000,0.000000,0.000000,0.000000,0.000000,0.000000,28.469999,0.000000,0.000000,0.000000,301,0.000000,28.469999,-0.0,28.469999,11.000000
301_CT_3-2,22,29.286315,0.000000,0.000000,1.000000,0.000000,0.000000,0.000000,0.816316,0.000000,28.469999,0.000000,0.000000,0.000000,301,0.000000,29.286315,-0.0,29.286315,11.000000
301_CT_3-3,22,43.742887,0.000000,0.000000,1.000000,0.000000,0.000000,0.000000,15.272887,0.000000,28.469999,0.000000,0.000000,0.000000,301,0.000000,43.742887,-0.0,43.742887,11.000000
302_CT_3-0,22,33.791603,0.000000,0.000000,1.000000,0.000000,0.000000,0.000000,0.000000,0.000000,33.791603,0.000000,0.000000,0.000000,302,0.000000,33.791603,-0.0,33.791603,22.000000
302_CT_3-1,22,33.791603,0.000000,0.000000,1.000000,0.000000,0.000000,0.000000,0.000000,0.000000,33.791603,0.000000,0.000000,0.000000,302,0.000000,33.791603,-0.0,33.791603,11.000000
302_CT_3-2,22,38.382410,0.000000,0.000000,1.000000,0.000000,0.000000,0.000000,4.590807,0.000000,33.791603,0.000000,0.000000,0.000000,302,0.000000,38.382410,-0.0,38.382410,11.000000
302_CT_3-3,22,38.635080,0.000000,0.000000,1.000000,0.000000,0.000000,0.000000,4.843476,0.000000,33.791603,0.000000,0.000000,0.000000,302,0.000000,38.635080,-0.0,38.635080,11.000000
315_STEAM_2-0,22,75.436777,0.000000,0.000000,1.000000,0.000000,0.000000,0.000000,0.000000,0.000000,75.436777,0.000000,0.000000,0.000000,315,0.000000,75.436777,-0.0,75.436777,5.000000
315_STEAM_2-1,22,75.436777,0.000000,0.000000,1.000000,0.000000,0.000000,0.000000,0.000000,0.000000,75.436777,0.000000,0.000000,0.000000,315,0.000000,75.436777,-0.0,75.436777,2.333333
315_STEAM_2-2,22,100.399529,0.000000,0.000000,1.000000,0.000000,0.000000,0.000000,24.962753,0.000000,75.436777,0.000000,0.000000,0.000000,315,0.000000,100.399529,-0.0,100.399529,2.333333
315_STEAM_2-3,22,124.099655,0.000000,0.000000,1.000000,0.000000,0.000000,0.000000,48.662879,0.000000,75.436777,0.000000,0.000000,0.000000,315,0.000000,124.099655,-0.0,124.099655,2.333333
302_CT_4-0,22,33.791603,0.000000,0.000000,1.000000,0.000000,0.000000,0.000000,0.000000,0.000000,33.791603,0.000000,0.000000,0.000000,302,0.000000,33.791603,-0.0,33.791603,22.000000
302_CT_4-1,22,33.791603,0.000000,0.000000,1.000000,0.000000,0.000000,0.000000,0.000000,0.000000,33.791603,0.000000,0.000000,0.000000,302,0.000000,33.791603,-0.0,33.791603,11.000000
302_CT_4-2,22,38.382410,0.000000,0.000000,1.000000,0.000000,0.000000,0.000000,4.590807,0.000000,33.791603,0.000000,0.000000,0.000000,302,0.000000,38.382410,-0.0,38.382410,11.000000
302_CT_4-3,22,38.635080,0.000000,0.000000,1.000000,0.000000,0.000000,0.000000,4.843476,0.000000,33.791603,0.000000,0.000000,0.000000,302,0.000000,38.635080,-0.0,38.635080,11.000000
315_STEAM_5-0,22,75.436777,0.000000,0.000000,1.000000,0.000000,0.000000,0.000000,0.000000,0.000000,75.436777,0.000000,0.000000,0.000000,315,0.000000,75.436777,-0.0,75.436777,5.000000
315_STEAM_5-1,22,75.436777,0.000000,0.000000,1.000000,0.000000,0.000000,0.000000,0.000000,0.000000,75.436777,0.000000,0.000000,0.000000,315,0.000000,75.436777,-0.0,75.436777,2.333333
315_STEAM_5-2,22,100.399529,0.000000,0.000000,1.000000,0.000000,0.000000,0.000000,24.962753,0.000000,75.436777,0.000000,0.000000,0.000000,315,0.000000,100.399529,-0.0,100.399529,2.333333
315_STEAM_5-3,22,124.099655,0.000000,0.000000,1.000000,0.000000,0.000000,0.000000,48.662879,0.000000,75.436777,0.000000,0.000000,0.000000,315,0.000000,124.099655,-0.0,124.099655,2.333333
315_STEAM_3-0,22,75.436777,0.000000,0.000000,1.000000,0.000000,0.000000,0.000000,0.000000,0.000000,75.436777,0.000000,0.000000,0.000000,315,0.000000,75.436777,-0.0,75.436777,5.000000
315_STEAM_3-1,22,75.436777,0.000000,0.000000,1.000000,0.000000,0.000000,0.000000,0.000000,0.000000,75.436777,0.000000,0.000000,0.000000,315,0.000000,75.436777,-0.0,75.436777,2.333333
315_STEAM_3-2,22,100.399529,0.000000,0.000000,1.000000,0.000000,0.000000,0.000000,24.962753,0.000000,75.436777,0.000000,0.000000,0.000000,315,0.000000,100.399529,-0.0,100.399529,2.333333
315_STEAM_3-3,22,124.099655,0.000000,0.000000,1.000000,0.000000,0.000000,0.000000,48.662879,0.000000,75.436777,0.000000,0.000000,0.000000,315,0.000000,124.099655,-0.0,124.099655,2.333333
302_CT_1-0,22,87.255791,0.000000,0.000000,1.000000,0.000000,0.000000,0.000000,0.000000,0.000000,87.255791,0.000000,0.000000,0.000000,302,0.000000,87.255791,-0.0,87.255791,8.000000
302_CT_1-1,22,87.255791,0.000000,0.000000,1.000000,0.000000,0.000000,0.000000,0.000000,0.000000,87.255791,0.000000,0.000000,0.000000,302,0.000000,87.255791,-0.0,87.255791,4.000000
302_CT_1-2,22,99.695770,0.000000,0.000000,1.000000,0.000000,0.000000,0.000000,12.439979,0.000000,87.255791,0.000000,0.000000,0.000000,302,0.000000,99.695770,-0.0,99.695770,4.000000
302_CT_1-3,22,105.367241,0.000000,0.000000,1.000000,0.000000,0.000000,0.000000,18.111450,0.000000,87.255791,0.000000,0.000000,0.000000,302,0.000000,105.367241,-0.0,105.367241,4.000000
322_CT_5-0,22,23.334982,0.000000,0.000000,1.000000,0.000000,0.000000,0.000000,0.000000,0.000000,23.334982,0.000000,0.000000,0.000000,322,0.000000,23.334982,-0.0,23.334982,22.000000
322_CT_5-1,22,23.334982,0.000000,0.000000,1.000000,0.000000,0.000000,0.000000,0.000000,0.000000,23.334982,0.000000,0.000000,0.000000,322,0.000000,23.334982,-0.0,23.334982,11.000000
322_CT_5-2,22,26.499179,0.000000,0.000000,1.000000,0.000000,0.000000,0.000000,3.164197,0.000000,23.334982,0.000000,0.000000,0.000000,322,0.000000,26.499179,-0.0,26.499179,11.000000
322_CT_5-3,22,27.894691,0.000000,0.000000,1.000000,0.000000,0.000000,0.000000,4.559709,0.000000,23.334982,0.000000,0.000000,0.000000,322,0.000000,27.894691,-0.0,27.894691,11.000000
307_CT_2-0,22,27.894691,0.000000,0.000000,1.000000,0.000000,0.000000,0.000000,0.000000,0.000000,27.894691,0.000000,0.000000,0.000000,307,0.000000,27.894691,-0.0,27.894691,22.000000
307_CT_2-1,22,27.894691,0.000000,0.000000,1.000000,0.000000,0.000000,0.000000,0.000000,0.000000,27.894691,0.000000,0.000000,0.000000,307,0.000000,27.894691,-0.0,27.894691,11.000000
307_CT_2-2,22,29.220233,0.000000,0.000000,1.000000,0.000000,0.000000,0.000000,1.325542,0.000000,27.894691,0.000000,0.000000,0.000000,307,0.000000,29.220233,-0.0,29.220233,11.000000
307_CT_2-3,22,35.474770,0.000000,0.000000,1.000000,0.000000,0.000000,0.000000,7.580079,0.000000,27.894691,0.000000,0.000000,0.000000,307,0.000000,35.474770,-0.0,35.474770,11.000000
322_HYDRO_1-0,23,0.000000,0.000000,0.000000,1.000000,0.000000,0.000000,0.000000,0.000000,0.000000,0.000000,0.000000,0.000000,0.000000,322,0.000000,0.000000,0.0,0.000000,17.070833
322_HYDRO_1-1,23,0.000000,0.000000,0.000000,1.000000,0.000000,0.000000,0.000000,0.000000,0.000000,0.000000,0.000000,0.000000,0.000000,322,0.000000,0.000000,0.0,0.000000,0.000000
322_HYDRO_1-2,23,0.000000,0.000000,0.000000,1.000000,0.000000,0.000000,0.000000,0.000000,0.000000,0.000000,0.000000,0.000000,0.000000,322,0.000000,0.000000,0.0,0.000000,0.000000
322_HYDRO_1-3,23,0.000000,0.000000,0.000000,1.000000,0.000000,0.000000,0.000000,0.000000,0.000000,0.000000,0.000000,0.000000,0.000000,322,0.000000,0.000000,0.0,0.000000,0.000000
322_HYDRO_4-0,23,0.000000,17.070833,0.000000,1.000000,0.000000,0.000000,0.000000,0.000000,0.000000,0.000000,0.000000,0.000000,0.000000,322,0.000000,0.000000,0.0,0.000000,17.070833
322_HYDRO_4-1,23,0.000000,0.000000,0.000000,1.000000,0.000000,0.000000,0.000000,0.000000,0.000000,0.000000,0.000000,0.000000,0.000000,322,0.000000,0.000000,0.0,0.000000,0.000000
322_HYDRO_4-2,23,0.000000,0.000000,0.000000,1.000000,0.000000,0.000000,0.000000,0.000000,0.000000,0.000000,0.000000,0.000000,0.000000,322,0.000000,0.000000,0.0,0.000000,0.000000
322_HYDRO_4-3,23,0.000000,0.000000,0.000000,1.000000,0.000000,0.000000,0.000000,0.000000,0.000000,0.000000,0.000000,0.000000,0.000000,322,0.000000,0.000000,0.0,0.000000,0.000000
315_CT_6-0,23,26.401998,0.000000,0.000000,1.000000,0.000000,0.000000,0.000000,0.000000,0.000000,26.401998,0.000000,0.000000,0.000000,315,0.000000,26.401998,-0.0,26.401998,22.000000
315_CT_6-1,23,26.401998,0.000000,0.000000,1.000000,0.000000,0.000000,0.000000,0.000000,0.000000,26.401998,0.000000,0.000000,0.000000,315,0.000000,26.401998,-0.0,26.401998,11.000000
315_CT_6-2,23,26.895675,0.000000,0.000000,1.000000,0.000000,0.000000,0.000000,0.493677,0.000000,26.401998,0.000000,0.000000,0.000000,315,0.000000,26.895675,-0.0,26.895675,11.000000
315_CT_6-3,23,31.855768,0.000000,0.000000,1.000000,0.000000,0.000000,0.000000,5.453770,0.000000,26.401998,0.000000,0.000000,0.000000,315,0.000000,31.855768,-0.0,31.855768,11.000000
322_HYDRO_3-0,23,0.000000,17.070833,0.000000,1.000000,0.000000,0.000000,0.000000,0.000000,0.000000,0.000000,0.000000,0.000000,0.000000,322,0.000000,0.000000,0.0,0.000000,17.070833
322_HYDRO_3-1,23,0.000000,0.000000,0.000000,1.000000,0.000000,0.000000,0.000000,0.000000,0.000000,0.000000,0.000000,0.000000,0.000000,322,0.000000,0.000000,0.0,0.000000,0.000000
322_HYDRO_3-2,23,0.000000,0.000000,0.000000,1.000000,0.000000,0.000000,0.000000,0.000000,0.000000,0.000000,0.000000,0.000000,0.000000,322,0.000000,0.000000,0.0,0.000000,0.000000
322_HYDRO_3-3,23,0.000000,0.000000,0.000000,1.000000,0.000000,0.000000,0.000000,0.000000,0.000000,0.000000,0.000000,0.000000,0.000000,322,0.000000,0.000000,0.0,0.000000,0.000000
301_CT_4-0,23,28.469999,0.000000,0.000000,1.000000,0.000000,0.000000,0.000000,0.000000,0.000000,28.469999,0.000000,0.000000,0.000000,301,0.000000,28.469999,-0.0,28.469999,22.000000
301_CT_4-1,23,28.469999,0.000000,0.000000,1.000000,0.000000,0.000000,0.000000,0.000000,0.000000,28.469999,0.000000,0.000000,0.000000,301,0.000000,28.469999,-0.0,28.469999,11.000000
301_CT_4-2,23,29.286315,0.000000,0.000000,1.000000,0.000000,0.000000,0.000000,0.816316,0.000000,28.469999,0.000000,0.000000,0.000000,301,0.000000,29.286315,-0.0,29.286315,11.000000
301_CT_4-3,23,43.742887,0.000000,0.000000,1.000000,0.000000,0.000000,0.000000,15.272887,0.000000,28.469999,0.000000,0.000000,0.000000,301,0.000000,43.742887,-0.0,43.742887,11.000000
316_STEAM_1-0,23,21.116646,0.000000,0.000000,1.000000,0.000000,0.000000,0.000000,0.000000,0.000000,21.116646,0.000000,0.000000,0.000000,316,0.000000,21.116646,-0.0,21.116646,62.000000
316_STEAM_1-1,23,21.116646,0.000000,0.000000,1.000000,0.000000,0.000000,0.000000,0.000000,0.000000,21.116646,0.000000,0.000000,0.000000,316,0.000000,21.116646,-0.0,21.116646,31.000000
316_STEAM_1-2,23,21.287879,0.000000,0.000000,1.000000,0.000000,0.000000,0.000000,0.171233,0.000000,21.116646,0.000000,0.000000,0.000000,316,0.000000,21.287879,-0.0,21.287879,31.000000
316_STEAM_1-3,23,27.274699,0.000000,0.000000,1.000000,0.000000,0.000000,0.000000,6.158053,0.000000,21.116646,0.000000,0.000000,0.000000,316,0.000000,27.274699,-0.0,27.274699,31.000000
302_CT_2-0,23,87.255791,0.000000,0.000000,1.000000,0.000000,0.000000,0.000000,0.000000,0.000000,87.255791,0.000000,0.000000,0.000000,302,0.000000,87.255791,-0.0,87.255791,8.000000
302_CT_2-1,23,87.255791,0.000000,0.000000,1.000000,0.000000,0.000000,0.000000,0.000000,0.000000,87.255791,0.000000,0.000000,0.000000,302,0.000000,87.255791,-0.0,87.255791,4.000000
302_CT_2-2,23,99.695770,0.000000,0.000000,1.000000,0.000000,0.000000,0.000000,12.439979,0.000000,87.255791,0.000000,0.000000,0.000000,302,0.000000,99.695770,-0.0,99.695770,4.000000
302_CT_2-3,23,105.367241,0.000000,0.000000,1.000000,0.000000,0.000000,0.000000,18.111450,0.000000,87.255791,0.000000,0.000000,0.000000,302,0.000000,105.367241,-0.0,105.367241,4.000000
323_CC_2-0,23,26.429209,0.000000,0.000000,1.000000,0.000000,0.000000,0.000000,0.000000,0.000000,26.429209,0.000000,0.000000,0.000000,323,0.000000,26.429209,-0.0,26.429209,170.000000
323_CC_2-1,23,26.429209,0.000000,0.000000,1.000000,0.000000,0.000000,0.000000,0.000000,0.000000,26.429209,0.000000,0.000000,0.000000,323,0.000000,26.429209,-0.0,26.429209,61.666667
323_CC_2-2,23,30.277557,0.000000,0.000000,1.000000,0.000000,0.000000,0.000000,3.848348,0.000000,26.429209,0.000000,0.000000,0.000000,323,0.000000,30.277557,-0.0,30.277557,61.666667
323_CC_2-3,23,31.727490,0.000000,0.000000,1.000000,0.000000,0.000000,0.000000,5.298281,0.000000,26.429209,0.000000,0.000000,0.000000,323,0.000000,31.727490,-0.0,31.727490,61.666667
315_STEAM_1-0,23,75.436777,0.000000,0.000000,1.000000,0.000000,0.000000,0.000000,0.000000,0.000000,75.436777,0.000000,0.000000,0.000000,315,0.000000,75.436777,-0.0,75.436777,5.000000
315_STEAM_1-1,23,75.436777,0.000000,0.000000,1.000000,0.000000,0.000000,0.000000,0.000000,0.000000,75.436777,0.000000,0.000000,0.000000,315,0.000000,75.436777,-0.0,75.436777,2.333333
315_STEAM_1-2,23,100.399529,0.000000,0.000000,1.000000,0.000000,0.000000,0.000000,24.962753,0.000000,75.436777,0.000000,0.000000,0.000000,315,0.000000,100.399529,-0.0,100.399529,2.333333
315_STEAM_1-3,23,124.099655,0.000000,0.000000,1.000000,0.000000,0.000000,0.000000,48.662879,0.000000,75.436777,0.000000,0.000000,0.000000,315,0.000000,124.099655,-0.0,124.099655,2.333333
313_CC_1-0,23,15.731579,0.000000,0.000000,1.000000,0.000000,0.000000,0.000000,0.000000,0.000000,15.731579,0.000000,0.000000,0.000000,313,0.000000,15.731579,-0.0,15.731579,170.000000
313_CC_1-1,23,15.731579,0.000000,0.000000,1.000000,0.000000,0.000000,0.000000,0.000000,0.000000,15.731579,0.000000,0.000000,0.000000,313,0.000000,15.731579,-0.0,15.731579,61.666667
313_CC_1-2,23,26.755735,0.000000,0.000000,1.000000,0.000000,0.000000,0.000000,11.024156,0.000000,15.731579,0.000000,0.000000,0.000000,313,0.000000,26.755735,-0.0,26.755735,61.666667
313_CC_1-3,23,33.752731,0.000000,0.000000,1.000000,0.000000,0.000000,0.000000,18.021152,0.000000,15.731579,0.000000,0.000000,0.000000,313,0.000000,33.752731,-0.0,33.752731,61.666667
323_CC_1-0,23,26.429209,0.000000,0.000000,1.000000,0.000000,0.000000,0.000000,0.000000,0.000000,26.429209,0.000000,0.000000,0.000000,323,0.000000,26.429209,-0.0,26.429209,170.000000
323_CC_1-1,23,26.429209,0.000000,0.000000,1.000000,0.000000,0.000000,0.000000,0.000000,0.000000,26.429209,0.000000,0.000000,0.000000,323,0.000000,26.429209,-0.0,26.429209,61.666667
323_CC_1-2,23,30.277557,0.000000,0.000000,1.000000,0.000000,0.000000,0.000000,3.848348,0.000000,26.429209,0.000000,0.000000,0.000000,323,0.000000,30.277557,-0.0,30.277557,61.666667
323_CC_1-3,23,31.727490,0.000000,0.000000,1.000000,0.000000,0.000000,0.000000,5.298281,0.000000,26.429209,0.000000,0.000000,0.000000,323,0.000000,31.727490,-0.0,31.727490,61.666667
301_CT_1-0,23,87.255791,0.000000,0.000000,1.000000,0.000000,0.000000,0.000000,0.000000,0.000000,87.255791,0.000000,0.000000,0.000000,301,0.000000,87.255791,-0.0,87.255791,8.000000
301_CT_1-1,23,87.255791,0.000000,0.000000,1.000000,0.000000,0.000000,0.000000,0.000000,0.000000,87.255791,0.000000,0.000000,0.000000,301,0.000000,87.255791,-0.0,87.255791,4.000000
301_CT_1-2,23,99.695770,0.000000,0.000000,1.000000,0.000000,0.000000,0.000000,12.439979,0.000000,87.255791,0.000000,0.000000,0.000000,301,0.000000,99.695770,-0.0,99.695770,4.000000
301_CT_1-3,23,105.367241,0.000000,0.000000,1.000000,0.000000,0.000000,0.000000,18.111450,0.000000,87.255791,0.000000,0.000000,0.000000,301,0.000000,105.367241,-0.0,105.367241,4.000000
307_CT_1-0,23,27.894691,0.000000,0.000000,1.000000,0.000000,0.000000,0.000000,0.000000,0.000000,27.894691,0.000000,0.000000,0.000000,307,0.000000,27.894691,-0.0,27.894691,22.000000
307_CT_1-1,23,27.894691,0.000000,0.000000,1.000000,0.000000,0.000000,0.000000,0.000000,0.000000,27.894691,0.000000,0.000000,0.000000,307,0.000000,27.894691,-0.0,27.894691,11.000000
307_CT_1-2,23,29.220233,0.000000,0.000000,1.000000,0.000000,0.000000,0.000000,1.325542,0.000000,27.894691,0.000000,0.000000,0.000000,307,0.000000,29.220233,-0.0,29.220233,11.000000
307_CT_1-3,23,35.474770,0.000000,0.000000,1.000000,0.000000,0.000000,0.000000,7.580079,0.000000,27.894691,0.000000,0.000000,0.000000,307,0.000000,35.474770,-0.0,35.474770,11.000000
315_STEAM_4-0,23,75.436777,0.000000,0.000000,1.000000,0.000000,0.000000,0.000000,0.000000,0.000000,75.436777,0.000000,0.000000,0.000000,315,0.000000,75.436777,-0.0,75.436777,5.000000
315_STEAM_4-1,23,75.436777,0.000000,0.000000,1.000000,0.000000,0.000000,0.000000,0.000000,0.000000,75.436777,0.000000,0.000000,0.000000,315,0.000000,75.436777,-0.0,75.436777,2.333333
315_STEAM_4-2,23,100.399529,0.000000,0.000000,1.000000,0.000000,0.000000,0.000000,24.962753,0.000000,75.436777,0.000000,0.000000,0.000000,315,0.000000,100.399529,-0.0,100.399529,2.333333
315_STEAM_4-3,23,124.099655,0.000000,0.000000,1.000000,0.000000,0.000000,0.000000,48.662879,0.000000,75.436777,0.000000,0.000000,0.000000,315,0.000000,124.099655,-0.0,124.099655,2.333333
315_CT_8-0,23,26.401998,0.000000,0.000000,1.000000,0.000000,0.000000,0.000000,0.000000,0.000000,26.401998,0.000000,0.000000,0.000000,315,0.000000,26.401998,-0.0,26.401998,22.000000
315_CT_8-1,23,26.401998,0.000000,0.000000,1.000000,0.000000,0.000000,0.000000,0.000000,0.000000,26.401998,0.000000,0.000000,0.000000,315,0.000000,26.401998,-0.0,26.401998,11.000000
315_CT_8-2,23,26.895675,0.000000,0.000000,1.000000,0.000000,0.000000,0.000000,0.493677,0.000000,26.401998,0.000000,0.000000,0.000000,315,0.000000,26.895675,-0.0,26.895675,11.000000
315_CT_8-3,23,31.855768,0.000000,0.000000,1.000000,0.000000,0.000000,0.000000,5.453770,0.000000,26.401998,0.000000,0.000000,0.000000,315,0.000000,31.855768,-0.0,31.855768,11.000000
322_CT_6-0,23,23.334982,0.000000,0.000000,1.000000,0.000000,0.000000,0.000000,0.000000,0.000000,23.334982,0.000000,0.000000,0.000000,322,0.000000,23.334982,-0.0,23.334982,22.000000
322_CT_6-1,23,23.334982,0.000000,0.000000,1.000000,0.000000,0.000000,0.000000,0.000000,0.000000,23.334982,0.000000,0.000000,0.000000,322,0.000000,23.334982,-0.0,23.334982,11.000000
322_CT_6-2,23,26.499179,0.000000,0.000000,1.000000,0.000000,0.000000,0.000000,3.164197,0.000000,23.334982,0.000000,0.000000,0.000000,322,0.000000,26.499179,-0.0,26.499179,11.000000
322_CT_6-3,23,27.894691,0.000000,0.000000,1.000000,0.000000,0.000000,0.000000,4.559709,0.000000,23.334982,0.000000,0.000000,0.000000,322,0.000000,27.894691,-0.0,27.894691,11.000000
321_CC_1-0,23,22.732463,0.000000,0.000000,1.000000,0.000000,0.000000,0.000000,0.000000,0.000000,22.732463,0.000000,0.000000,0.000000,321,0.000000,22.732463,-0.0,22.732463,170.000000
321_CC_1-1,23,22.732463,0.000000,0.000000,1.000000,0.000000,0.000000,0.000000,0.000000,0.000000,22.732463,0.000000,0.000000,0.000000,321,0.000000,22.732463,-0.0,22.732463,61.666667
321_CC_1-2,23,25.908321,0.000000,0.000000,1.000000,0.000000,0.000000,0.000000,3.175859,0.000000,22.732463,0.000000,0.000000,0.000000,321,0.000000,25.908321,-0.0,25.908321,61.666667
321_CC_1-3,23,33.947092,0.000000,0.000000,1.000000,0.000000,0.000000,0.000000,11.214630,0.000000,22.732463,0.000000,0.000000,0.000000,321,0.000000,33.947092,-0.0,33.947092,61.666667
318_CC_1-0,23,26.845141,0.000000,0.000000,1.000000,0.000000,0.000000,0.000000,0.000000,0.000000,26.845141,0.000000,0.000000,0.000000,318,0.000000,26.845141,-0.0,26.845141,170.000000
318_CC_1-1,23,26.845141,0.000000,0.000000,1.000000,0.000000,0.000000,0.000000,0.000000,0.000000,26.845141,0.000000,0.000000,0.000000,318,0.000000,26.845141,-0.0,26.845141,61.666667
318_CC_1-2,23,27.276623,0.000000,0.000000,1.000000,0.000000,0.000000,0.000000,0.431481,0.000000,26.845141,0.000000,0.000000,0.000000,318,0.000000,27.276623,-0.0,27.276623,61.666667
318_CC_1-3,23,31.529241,0.000000,0.000000,1.000000,0.000000,0.000000,0.000000,4.684100,0.000000,26.845141,0.000000,0.000000,0.000000,318,0.000000,31.529241,-0.0,31.529241,61.666667
301_CT_2-0,23,87.255791,0.000000,0.000000,1.000000,0.000000,0.000000,0.000000,0.000000,0.000000,87.255791,0.000000,0.000000,0.000000,301,0.000000,87.255791,-0.0,87.255791,8.000000
301_CT_2-1,23,87.255791,0.000000,0.000000,1.000000,0.000000,0.000000,0.000000,0.000000,0.000000,87.255791,0.000000,0.000000,0.000000,301,0.000000,87.255791,-0.0,87.255791,4.000000
301_CT_2-2,23,99.695770,0.000000,0.000000,1.000000,0.000000,0.000000,0.000000,12.439979,0.000000,87.255791,0.000000,0.000000,0.000000,301,0.000000,99.695770,-0.0,99.695770,4.000000
301_CT_2-3,23,105.367241,0.000000,0.000000,1.000000,0.000000,0.000000,0.000000,18.111450,0.000000,87.255791,0.000000,0.000000,0.000000,301,0.000000,105.367241,-0.0,105.367241,4.000000
315_CT_7-0,23,26.401998,0.000000,0.000000,1.000000,0.000000,0.000000,0.000000,0.000000,0.000000,26.401998,0.000000,0.000000,0.000000,315,0.000000,26.401998,-0.0,26.401998,22.000000
315_CT_7-1,23,26.401998,0.000000,0.000000,1.000000,0.000000,0.000000,0.000000,0.000000,0.000000,26.401998,0.000000,0.000000,0.000000,315,0.000000,26.401998,-0.0,26.401998,11.000000
315_CT_7-2,23,26.895675,0.000000,0.000000,1.000000,0.000000,0.000000,0.000000,0.493677,0.000000,26.401998,0.000000,0.000000,0.000000,315,0.000000,26.895675,-0.0,26.895675,11.000000
315_CT_7-3,23,31.855768,0.000000,0.000000,1.000000,0.000000,0.000000,0.000000,5.453770,0.000000,26.401998,0.000000,0.000000,0.000000,315,0.000000,31.855768,-0.0,31.855768,11.000000
322_HYDRO_2-0,23,0.000000,17.070833,0.000000,1.000000,0.000000,0.000000,0.000000,0.000000,0.000000,0.000000,0.000000,0.000000,0.000000,322,0.000000,0.000000,0.0,0.000000,17.070833
322_HYDRO_2-1,23,0.000000,0.000000,0.000000,1.000000,0.000000,0.000000,0.000000,0.000000,0.000000,0.000000,0.000000,0.000000,0.000000,322,0.000000,0.000000,0.0,0.000000,0.000000
322_HYDRO_2-2,23,0.000000,0.000000,0.000000,1.000000,0.000000,0.000000,0.000000,0.000000,0.000000,0.000000,0.000000,0.000000,0.000000,322,0.000000,0.000000,0.0,0.000000,0.000000
322_HYDRO_2-3,23,0.000000,0.000000,0.000000,1.000000,0.000000,0.000000,0.000000,0.000000,0.000000,0.000000,0.000000,0.000000,0.000000,322,0.000000,0.000000,0.0,0.000000,0.000000
301_CT_3-0,23,28.469999,0.000000,0.000000,1.000000,0.000000,0.000000,0.000000,0.000000,0.000000,28.469999,0.000000,0.000000,0.000000,301,0.000000,28.469999,-0.0,28.469999,22.000000
301_CT_3-1,23,28.469999,0.000000,0.000000,1.000000,0.000000,0.000000,0.000000,0.000000,0.000000,28.469999,0.000000,0.000000,0.000000,301,0.000000,28.469999,-0.0,28.469999,11.000000
301_CT_3-2,23,29.286315,0.000000,0.000000,1.000000,0.000000,0.000000,0.000000,0.816316,0.000000,28.469999,0.000000,0.000000,0.000000,301,0.000000,29.286315,-0.0,29.286315,11.000000
301_CT_3-3,23,43.742887,0.000000,0.000000,1.000000,0.000000,0.000000,0.000000,15.272887,0.000000,28.469999,0.000000,0.000000,0.000000,301,0.000000,43.742887,-0.0,43.742887,11.000000
302_CT_3-0,23,33.791603,0.000000,0.000000,1.000000,0.000000,0.000000,0.000000,0.000000,0.000000,33.791603,0.000000,0.000000,0.000000,302,0.000000,33.791603,-0.0,33.791603,22.000000
302_CT_3-1,23,33.791603,0.000000,0.000000,1.000000,0.000000,0.000000,0.000000,0.000000,0.000000,33.791603,0.000000,0.000000,0.000000,302,0.000000,33.791603,-0.0,33.791603,11.000000
302_CT_3-2,23,38.382410,0.000000,0.000000,1.000000,0.000000,0.000000,0.000000,4.590807,0.000000,33.791603,0.000000,0.000000,0.000000,302,0.000000,38.382410,-0.0,38.382410,11.000000
302_CT_3-3,23,38.635080,0.000000,0.000000,1.000000,0.000000,0.000000,0.000000,4.843476,0.000000,33.791603,0.000000,0.000000,0.000000,302,0.000000,38.635080,-0.0,38.635080,11.000000
315_STEAM_2-0,23,75.436777,0.000000,0.000000,1.000000,0.000000,0.000000,0.000000,0.000000,0.000000,75.436777,0.000000,0.000000,0.000000,315,0.000000,75.436777,-0.0,75.436777,5.000000
315_STEAM_2-1,23,75.436777,0.000000,0.000000,1.000000,0.000000,0.000000,0.000000,0.000000,0.000000,75.436777,0.000000,0.000000,0.000000,315,0.000000,75.436777,-0.0,75.436777,2.333333
315_STEAM_2-2,23,100.399529,0.000000,0.000000,1.000000,0.000000,0.000000,0.000000,24.962753,0.000000,75.436777,0.000000,0.000000,0.000000,315,0.000000,100.399529,-0.0,100.399529,2.333333
315_STEAM_2-3,23,124.099655,0.000000,0.000000,1.000000,0.000000,0.000000,0.000000,48.662879,0.000000,75.436777,0.000000,0.000000,0.000000,315,0.000000,124.099655,-0.0,124.099655,2.333333
302_CT_4-0,23,33.791603,0.000000,0.000000,1.000000,0.000000,0.000000,0.000000,0.000000,0.000000,33.791603,0.000000,0.000000,0.000000,302,0.000000,33.791603,-0.0,33.791603,22.000000
302_CT_4-1,23,33.791603,0.000000,0.000000,1.000000,0.000000,0.000000,0.000000,0.000000,0.000000,33.791603,0.000000,0.000000,0.000000,302,0.000000,33.791603,-0.0,33.791603,11.000000
302_CT_4-2,23,38.382410,0.000000,0.000000,1.000000,0.000000,0.000000,0.000000,4.590807,0.000000,33.791603,0.000000,0.000000,0.000000,302,0.000000,38.382410,-0.0,38.382410,11.000000
302_CT_4-3,23,38.635080,0.000000,0.000000,1.000000,0.000000,0.000000,0.000000,4.843476,0.000000,33.791603,0.000000,0.000000,0.000000,302,0.000000,38.635080,-0.0,38.635080,11.000000
315_STEAM_5-0,23,75.436777,0.000000,0.000000,1.000000,0.000000,0.000000,0.000000,0.000000,0.000000,75.436777,0.000000,0.000000,0.000000,315,0.000000,75.436777,-0.0,75.436777,5.000000
315_STEAM_5-1,23,75.436777,0.000000,0.000000,1.000000,0.000000,0.000000,0.000000,0.000000,0.000000,75.436777,0.000000,0.000000,0.000000,315,0.000000,75.436777,-0.0,75.436777,2.333333
315_STEAM_5-2,23,100.399529,0.000000,0.000000,1.000000,0.000000,0.000000,0.000000,24.962753,0.000000,75.436777,0.000000,0.000000,0.000000,315,0.000000,100.399529,-0.0,100.399529,2.333333
315_STEAM_5-3,23,124.099655,0.000000,0.000000,1.000000,0.000000,0.000000,0.000000,48.662879,0.000000,75.436777,0.000000,0.000000,0.000000,315,0.000000,124.099655,-0.0,124.099655,2.333333
315_STEAM_3-0,23,75.436777,0.000000,0.000000,1.000000,0.000000,0.000000,0.000000,0.000000,0.000000,75.436777,0.000000,0.000000,0.000000,315,0.000000,75.436777,-0.0,75.436777,5.000000
315_STEAM_3-1,23,75.436777,0.000000,0.000000,1.000000,0.000000,0.000000,0.000000,0.000000,0.000000,75.436777,0.000000,0.000000,0.000000,315,0.000000,75.436777,-0.0,75.436777,2.333333
315_STEAM_3-2,23,100.399529,0.000000,0.000000,1.000000,0.000000,0.000000,0.000000,24.962753,0.000000,75.436777,0.000000,0.000000,0.000000,315,0.000000,100.399529,-0.0,100.399529,2.333333
315_STEAM_3-3,23,124.099655,0.000000,0.000000,1.000000,0.000000,0.000000,0.000000,48.662879,0.000000,75.436777,0.000000,0.000000,0.000000,315,0.000000,124.099655,-0.0,124.099655,2.333333
302_CT_1-0,23,87.255791,0.000000,0.000000,1.000000,0.000000,0.000000,0.000000,0.000000,0.000000,87.255791,0.000000,0.000000,0.000000,302,0.000000,87.255791,-0.0,87.255791,8.000000
302_CT_1-1,23,87.255791,0.000000,0.000000,1.000000,0.000000,0.000000,0.000000,0.000000,0.000000,87.255791,0.000000,0.000000,0.000000,302,0.000000,87.255791,-0.0,87.255791,4.000000
302_CT_1-2,23,99.695770,0.000000,0.000000,1.000000,0.000000,0.000000,0.000000,12.439979,0.000000,87.255791,0.000000,0.000000,0.000000,302,0.000000,99.695770,-0.0,99.695770,4.000000
302_CT_1-3,23,105.367241,0.000000,0.000000,1.000000,0.000000,0.000000,0.000000,18.111450,0.000000,87.255791,0.000000,0.000000,0.000000,302,0.000000,105.367241,-0.0,105.367241,4.000000
322_CT_5-0,23,23.334982,0.000000,0.000000,1.000000,0.000000,0.000000,0.000000,0.000000,0.000000,23.334982,0.000000,0.000000,0.000000,322,0.000000,23.334982,-0.0,23.334982,22.000000
322_CT_5-1,23,23.334982,0.000000,0.000000,1.000000,0.000000,0.000000,0.000000,0.000000,0.000000,23.334982,0.000000,0.000000,0.000000,322,0.000000,23.334982,-0.0,23.334982,11.000000
322_CT_5-2,23,26.499179,0.000000,0.000000,1.000000,0.000000,0.000000,0.000000,3.164197,0.000000,23.334982,0.000000,0.000000,0.000000,322,0.000000,26.499179,-0.0,26.499179,11.000000
322_CT_5-3,23,27.894691,0.000000,0.000000,1.000000,0.000000,0.000000,0.000000,4.559709,0.000000,23.334982,0.000000,0.000000,0.000000,322,0.000000,27.894691,-0.0,27.894691,11.000000
307_CT_2-0,23,27.894691,0.000000,0.000000,1.000000,0.000000,0.000000,0.000000,0.000000,0.000000,27.894691,0.000000,0.000000,0.000000,307,0.000000,27.894691,-0.0,27.894691,22.000000
307_CT_2-1,23,27.894691,0.000000,0.000000,1.000000,0.000000,0.000000,0.000000,0.000000,0.000000,27.894691,0.000000,0.000000,0.000000,307,0.000000,27.894691,-0.0,27.894691,11.000000
307_CT_2-2,23,29.220233,0.000000,0.000000,1.000000,0.000000,0.000000,0.000000,1.325542,0.000000,27.894691,0.000000,0.000000,0.000000,307,0.000000,29.220233,-0.0,29.220233,11.000000
307_CT_2-3,23,35.474770,0.000000,0.000000,1.000000,0.000000,0.000000,0.000000,7.580079,0.000000,27.894691,0.000000,0.000000,0.000000,307,0.000000,35.474770,-0.0,35.474770,11.000000
322_HYDRO_1-0,24,0.000000,19.704167,0.000000,1.000000,0.000000,0.000000,0.000000,0.000000,0.000000,0.000000,0.000000,0.000000,0.000000,322,0.000000,0.000000,0.0,0.000000,19.704167
322_HYDRO_1-1,24,0.000000,0.000000,0.000000,1.000000,0.000000,0.000000,0.000000,0.000000,0.000000,0.000000,0.000000,0.000000,0.000000,322,0.000000,0.000000,0.0,0.000000,0.000000
322_HYDRO_1-2,24,0.000000,0.000000,0.000000,1.000000,0.000000,0.000000,0.000000,0.000000,0.000000,0.000000,0.000000,0.000000,0.000000,322,0.000000,0.000000,0.0,0.000000,0.000000
322_HYDRO_1-3,24,0.000000,0.000000,0.000000,1.000000,0.000000,0.000000,0.000000,0.000000,0.000000,0.000000,0.000000,0.000000,0.000000,322,0.000000,0.000000,0.0,0.000000,0.000000
322_HYDRO_4-0,24,0.000000,19.704167,0.000000,1.000000,0.000000,0.000000,0.000000,0.000000,0.000000,0.000000,0.000000,0.000000,0.000000,322,0.000000,0.000000,0.0,0.000000,19.704167
322_HYDRO_4-1,24,0.000000,0.000000,0.000000,1.000000,0.000000,0.000000,0.000000,0.000000,0.000000,0.000000,0.000000,0.000000,0.000000,322,0.000000,0.000000,0.0,0.000000,0.000000
322_HYDRO_4-2,24,0.000000,0.000000,0.000000,1.000000,0.000000,0.000000,0.000000,0.000000,0.000000,0.000000,0.000000,0.000000,0.000000,322,0.000000,0.000000,0.0,0.000000,0.000000
322_HYDRO_4-3,24,0.000000,0.000000,0.000000,1.000000,0.000000,0.000000,0.000000,0.000000,0.000000,0.000000,0.000000,0.000000,0.000000,322,0.000000,0.000000,0.0,0.000000,0.000000
315_CT_6-0,24,26.401998,0.000000,0.000000,1.000000,0.000000,0.000000,0.000000,0.000000,0.000000,26.401998,0.000000,0.000000,0.000000,315,0.000000,26.401998,-0.0,26.401998,22.000000
315_CT_6-1,24,26.401998,0.000000,0.000000,1.000000,0.000000,0.000000,0.000000,0.000000,0.000000,26.401998,0.000000,0.000000,0.000000,315,0.000000,26.401998,-0.0,26.401998,11.000000
315_CT_6-2,24,26.895675,0.000000,0.000000,1.000000,0.000000,0.000000,0.000000,0.493677,0.000000,26.401998,0.000000,0.000000,0.000000,315,0.000000,26.895675,-0.0,26.895675,11.000000
315_CT_6-3,24,31.855768,0.000000,0.000000,1.000000,0.000000,0.000000,0.000000,5.453770,0.000000,26.401998,0.000000,0.000000,0.000000,315,0.000000,31.855768,-0.0,31.855768,11.000000
322_HYDRO_3-0,24,0.000000,19.704167,0.000000,1.000000,0.000000,0.000000,0.000000,0.000000,0.000000,0.000000,0.000000,0.000000,0.000000,322,0.000000,0.000000,0.0,0.000000,19.704167
322_HYDRO_3-1,24,0.000000,0.000000,0.000000,1.000000,0.000000,0.000000,0.000000,0.000000,0.000000,0.000000,0.000000,0.000000,0.000000,322,0.000000,0.000000,0.0,0.000000,0.000000
322_HYDRO_3-2,24,0.000000,0.000000,0.000000,1.000000,0.000000,0.000000,0.000000,0.000000,0.000000,0.000000,0.000000,0.000000,0.000000,322,0.000000,0.000000,0.0,0.000000,0.000000
322_HYDRO_3-3,24,0.000000,0.000000,0.000000,1.000000,0.000000,0.000000,0.000000,0.000000,0.000000,0.000000,0.000000,0.000000,0.000000,322,0.000000,0.000000,0.0,0.000000,0.000000
301_CT_4-0,24,28.469999,0.000000,0.000000,1.000000,0.000000,0.000000,0.000000,0.000000,0.000000,28.469999,0.000000,0.000000,0.000000,301,0.000000,28.469999,-0.0,28.469999,22.000000
301_CT_4-1,24,28.469999,0.000000,0.000000,1.000000,0.000000,0.000000,0.000000,0.000000,0.000000,28.469999,0.000000,0.000000,0.000000,301,0.000000,28.469999,-0.0,28.469999,11.000000
301_CT_4-2,24,29.286315,0.000000,0.000000,1.000000,0.000000,0.000000,0.000000,0.816316,0.000000,28.469999,0.000000,0.000000,0.000000,301,0.000000,29.286315,-0.0,29.286315,11.000000
301_CT_4-3,24,43.742887,0.000000,0.000000,1.000000,0.000000,0.000000,0.000000,15.272887,0.000000,28.469999,0.000000,0.000000,0.000000,301,0.000000,43.742887,-0.0,43.742887,11.000000
316_STEAM_1-0,24,21.116646,0.000000,0.000000,1.000000,0.000000,0.000000,0.000000,0.000000,0.000000,21.116646,0.000000,0.000000,0.000000,316,0.000000,21.116646,-0.0,21.116646,62.000000
316_STEAM_1-1,24,21.116646,0.000000,0.000000,1.000000,0.000000,0.000000,0.000000,0.000000,0.000000,21.116646,0.000000,0.000000,0.000000,316,0.000000,21.116646,-0.0,21.116646,31.000000
316_STEAM_1-2,24,21.287879,0.000000,0.000000,1.000000,0.000000,0.000000,0.000000,0.171233,0.000000,21.116646,0.000000,0.000000,0.000000,316,0.000000,21.287879,-0.0,21.287879,31.000000
316_STEAM_1-3,24,27.274699,0.000000,0.000000,1.000000,0.000000,0.000000,0.000000,6.158053,0.000000,21.116646,0.000000,0.000000,0.000000,316,0.000000,27.274699,-0.0,27.274699,31.000000
302_CT_2-0,24,87.255791,0.000000,0.000000,1.000000,0.000000,0.000000,0.000000,0.000000,0.000000,87.255791,0.000000,0.000000,0.000000,302,0.000000,87.255791,-0.0,87.255791,8.000000
302_CT_2-1,24,87.255791,0.000000,0.000000,1.000000,0.000000,0.000000,0.000000,0.000000,0.000000,87.255791,0.000000,0.000000,0.000000,302,0.000000,87.255791,-0.0,87.255791,4.000000
302_CT_2-2,24,99.695770,0.000000,0.000000,1.000000,0.000000,0.000000,0.000000,12.439979,0.000000,87.255791,0.000000,0.000000,0.000000,302,0.000000,99.695770,-0.0,99.695770,4.000000
302_CT_2-3,24,105.367241,0.000000,0.000000,1.000000,0.000000,0.000000,0.000000,18.111450,0.000000,87.255791,0.000000,0.000000,0.000000,302,0.000000,105.367241,-0.0,105.367241,4.000000
323_CC_2-0,24,26.429209,0.000000,0.000000,1.000000,0.000000,0.000000,0.000000,0.000000,0.000000,26.429209,0.000000,0.000000,0.000000,323,0.000000,26.429209,-0.0,26.429209,170.000000
323_CC_2-1,24,26.429209,0.000000,0.000000,1.000000,0.000000,0.000000,0.000000,0.000000,0.000000,26.429209,0.000000,0.000000,0.000000,323,0.000000,26.429209,-0.0,26.429209,61.666667
323_CC_2-2,24,30.277557,0.000000,0.000000,1.000000,0.000000,0.000000,0.000000,3.848348,0.000000,26.429209,0.000000,0.000000,0.000000,323,0.000000,30.277557,-0.0,30.277557,61.666667
323_CC_2-3,24,31.727490,0.000000,0.000000,1.000000,0.000000,0.000000,0.000000,5.298281,0.000000,26.429209,0.000000,0.000000,0.000000,323,0.000000,31.727490,-0.0,31.727490,61.666667
315_STEAM_1-0,24,75.436777,0.000000,0.000000,1.000000,0.000000,0.000000,0.000000,0.000000,0.000000,75.436777,0.000000,0.000000,0.000000,315,0.000000,75.436777,-0.0,75.436777,5.000000
315_STEAM_1-1,24,75.436777,0.000000,0.000000,1.000000,0.000000,0.000000,0.000000,0.000000,0.000000,75.436777,0.000000,0.000000,0.000000,315,0.000000,75.436777,-0.0,75.436777,2.333333
315_STEAM_1-2,24,100.399529,0.000000,0.000000,1.000000,0.000000,0.000000,0.000000,24.962753,0.000000,75.436777,0.000000,0.000000,0.000000,315,0.000000,100.399529,-0.0,100.399529,2.333333
315_STEAM_1-3,24,124.099655,0.000000,0.000000,1.000000,0.000000,0.000000,0.000000,48.662879,0.000000,75.436777,0.000000,0.000000,0.000000,315,0.000000,124.099655,-0.0,124.099655,2.333333
313_CC_1-0,24,15.731579,0.000000,0.000000,1.000000,0.000000,0.000000,0.000000,0.000000,0.000000,15.731579,0.000000,0.000000,0.000000,313,0.000000,15.731579,-0.0,15.731579,170.000000
313_CC_1-1,24,15.731579,0.000000,0.000000,1.000000,0.000000,0.000000,0.000000,0.000000,0.000000,15.731579,0.000000,0.000000,0.000000,313,0.000000,15.731579,-0.0,15.731579,61.666667
313_CC_1-2,24,26.755735,0.000000,0.000000,1.000000,0.000000,0.000000,0.000000,11.024156,0.000000,15.731579,0.000000,0.000000,0.000000,313,0.000000,26.755735,-0.0,26.755735,61.666667
313_CC_1-3,24,33.752731,0.000000,0.000000,1.000000,0.000000,0.000000,0.000000,18.021152,0.000000,15.731579,0.000000,0.000000,0.000000,313,0.000000,33.752731,-0.0,33.752731,61.666667
323_CC_1-0,24,26.429209,0.000000,0.000000,1.000000,0.000000,0.000000,0.000000,0.000000,0.000000,26.429209,0.000000,0.000000,0.000000,323,0.000000,26.429209,-0.0,26.429209,170.000000
323_CC_1-1,24,26.429209,0.000000,0.000000,1.000000,0.000000,0.000000,0.000000,0.000000,0.000000,26.429209,0.000000,0.000000,0.000000,323,0.000000,26.429209,-0.0,26.429209,61.666667
323_CC_1-2,24,30.277557,0.000000,0.000000,1.000000,0.000000,0.000000,0.000000,3.848348,0.000000,26.429209,0.000000,0.000000,0.000000,323,0.000000,30.277557,-0.0,30.277557,61.666667
323_CC_1-3,24,31.727490,0.000000,0.000000,1.000000,0.000000,0.000000,0.000000,5.298281,0.000000,26.429209,0.000000,0.000000,0.000000,323,0.000000,31.727490,-0.0,31.727490,61.666667
301_CT_1-0,24,87.255791,0.000000,0.000000,1.000000,0.000000,0.000000,0.000000,0.000000,0.000000,87.255791,0.000000,0.000000,0.000000,301,0.000000,87.255791,-0.0,87.255791,8.000000
301_CT_1-1,24,87.255791,0.000000,0.000000,1.000000,0.000000,0.000000,0.000000,0.000000,0.000000,87.255791,0.000000,0.000000,0.000000,301,0.000000,87.255791,-0.0,87.255791,4.000000
301_CT_1-2,24,99.695770,0.000000,0.000000,1.000000,0.000000,0.000000,0.000000,12.439979,0.000000,87.255791,0.000000,0.000000,0.000000,301,0.000000,99.695770,-0.0,99.695770,4.000000
301_CT_1-3,24,105.367241,0.000000,0.000000,1.000000,0.000000,0.000000,0.000000,18.111450,0.000000,87.255791,0.000000,0.000000,0.000000,301,0.000000,105.367241,-0.0,105.367241,4.000000
307_CT_1-0,24,27.894691,0.000000,0.000000,1.000000,0.000000,0.000000,0.000000,0.000000,0.000000,27.894691,0.000000,0.000000,0.000000,307,0.000000,27.894691,-0.0,27.894691,22.000000
307_CT_1-1,24,27.894691,0.000000,0.000000,1.000000,0.000000,0.000000,0.000000,0.000000,0.000000,27.894691,0.000000,0.000000,0.000000,307,0.000000,27.894691,-0.0,27.894691,11.000000
307_CT_1-2,24,29.220233,0.000000,0.000000,1.000000,0.000000,0.000000,0.000000,1.325542,0.000000,27.894691,0.000000,0.000000,0.000000,307,0.000000,29.220233,-0.0,29.220233,11.000000
307_CT_1-3,24,35.474770,0.000000,0.000000,1.000000,0.000000,0.000000,0.000000,7.580079,0.000000,27.894691,0.000000,0.000000,0.000000,307,0.000000,35.474770,-0.0,35.474770,11.000000
315_STEAM_4-0,24,75.436777,0.000000,0.000000,1.000000,0.000000,0.000000,0.000000,0.000000,0.000000,75.436777,0.000000,0.000000,0.000000,315,0.000000,75.436777,-0.0,75.436777,5.000000
315_STEAM_4-1,24,75.436777,0.000000,0.000000,1.000000,0.000000,0.000000,0.000000,0.000000,0.000000,75.436777,0.000000,0.000000,0.000000,315,0.000000,75.436777,-0.0,75.436777,2.333333
315_STEAM_4-2,24,100.399529,0.000000,0.000000,1.000000,0.000000,0.000000,0.000000,24.962753,0.000000,75.436777,0.000000,0.000000,0.000000,315,0.000000,100.399529,-0.0,100.399529,2.333333
315_STEAM_4-3,24,124.099655,0.000000,0.000000,1.000000,0.000000,0.000000,0.000000,48.662879,0.000000,75.436777,0.000000,0.000000,0.000000,315,0.000000,124.099655,-0.0,124.099655,2.333333
315_CT_8-0,24,26.401998,0.000000,0.000000,1.000000,0.000000,0.000000,0.000000,0.000000,0.000000,26.401998,0.000000,0.000000,0.000000,315,0.000000,26.401998,-0.0,26.401998,22.000000
315_CT_8-1,24,26.401998,0.000000,0.000000,1.000000,0.000000,0.000000,0.000000,0.000000,0.000000,26.401998,0.000000,0.000000,0.000000,315,0.000000,26.401998,-0.0,26.401998,11.000000
315_CT_8-2,24,26.895675,0.000000,0.000000,1.000000,0.000000,0.000000,0.000000,0.493677,0.000000,26.401998,0.000000,0.000000,0.000000,315,0.000000,26.895675,-0.0,26.895675,11.000000
315_CT_8-3,24,31.855768,0.000000,0.000000,1.000000,0.000000,0.000000,0.000000,5.453770,0.000000,26.401998,0.000000,0.000000,0.000000,315,0.000000,31.855768,-0.0,31.855768,11.000000
322_CT_6-0,24,23.334982,0.000000,0.000000,1.000000,0.000000,0.000000,0.000000,0.000000,0.000000,23.334982,0.000000,0.000000,0.000000,322,0.000000,23.334982,-0.0,23.334982,22.000000
322_CT_6-1,24,23.334982,0.000000,0.000000,1.000000,0.000000,0.000000,0.000000,0.000000,0.000000,23.334982,0.000000,0.000000,0.000000,322,0.000000,23.334982,-0.0,23.334982,11.000000
322_CT_6-2,24,26.499179,0.000000,0.000000,1.000000,0.000000,0.000000,0.000000,3.164197,0.000000,23.334982,0.000000,0.000000,0.000000,322,0.000000,26.499179,-0.0,26.499179,11.000000
322_CT_6-3,24,27.894691,0.000000,0.000000,1.000000,0.000000,0.000000,0.000000,4.559709,0.000000,23.334982,0.000000,0.000000,0.000000,322,0.000000,27.894691,-0.0,27.894691,11.000000
321_CC_1-0,24,22.732463,0.000000,0.000000,1.000000,0.000000,0.000000,0.000000,0.000000,0.000000,22.732463,0.000000,0.000000,0.000000,321,0.000000,22.732463,-0.0,22.732463,170.000000
321_CC_1-1,24,22.732463,0.000000,0.000000,1.000000,0.000000,0.000000,0.000000,0.000000,0.000000,22.732463,0.000000,0.000000,0.000000,321,0.000000,22.732463,-0.0,22.732463,61.666667
321_CC_1-2,24,25.908321,0.000000,0.000000,1.000000,0.000000,0.000000,0.000000,3.175859,0.000000,22.732463,0.000000,0.000000,0.000000,321,0.000000,25.908321,-0.0,25.908321,61.666667
321_CC_1-3,24,33.947092,0.000000,0.000000,1.000000,0.000000,0.000000,0.000000,11.214630,0.000000,22.732463,0.000000,0.000000,0.000000,321,0.000000,33.947092,-0.0,33.947092,61.666667
318_CC_1-0,24,26.845141,0.000000,0.000000,1.000000,0.000000,0.000000,0.000000,0.000000,0.000000,26.845141,0.000000,0.000000,0.000000,318,0.000000,26.845141,-0.0,26.845141,170.000000
318_CC_1-1,24,26.845141,0.000000,0.000000,1.000000,0.000000,0.000000,0.000000,0.000000,0.000000,26.845141,0.000000,0.000000,0.000000,318,0.000000,26.845141,-0.0,26.845141,61.666667
318_CC_1-2,24,27.276623,0.000000,0.000000,1.000000,0.000000,0.000000,0.000000,0.431481,0.000000,26.845141,0.000000,0.000000,0.000000,318,0.000000,27.276623,-0.0,27.276623,61.666667
318_CC_1-3,24,31.529241,0.000000,0.000000,1.000000,0.000000,0.000000,0.000000,4.684100,0.000000,26.845141,0.000000,0.000000,0.000000,318,0.000000,31.529241,-0.0,31.529241,61.666667
301_CT_2-0,24,87.255791,0.000000,0.000000,1.000000,0.000000,0.000000,0.000000,0.000000,0.000000,87.255791,0.000000,0.000000,0.000000,301,0.000000,87.255791,-0.0,87.255791,8.000000
301_CT_2-1,24,87.255791,0.000000,0.000000,1.000000,0.000000,0.000000,0.000000,0.000000,0.000000,87.255791,0.000000,0.000000,0.000000,301,0.000000,87.255791,-0.0,87.255791,4.000000
301_CT_2-2,24,99.695770,0.000000,0.000000,1.000000,0.000000,0.000000,0.000000,12.439979,0.000000,87.255791,0.000000,0.000000,0.000000,301,0.000000,99.695770,-0.0,99.695770,4.000000
301_CT_2-3,24,105.367241,0.000000,0.000000,1.000000,0.000000,0.000000,0.000000,18.111450,0.000000,87.255791,0.000000,0.000000,0.000000,301,0.000000,105.367241,-0.0,105.367241,4.000000
315_CT_7-0,24,26.401998,0.000000,0.000000,1.000000,0.000000,0.000000,0.000000,0.000000,0.000000,26.401998,0.000000,0.000000,0.000000,315,0.000000,26.401998,-0.0,26.401998,22.000000
315_CT_7-1,24,26.401998,0.000000,0.000000,1.000000,0.000000,0.000000,0.000000,0.000000,0.000000,26.401998,0.000000,0.000000,0.000000,315,0.000000,26.401998,-0.0,26.401998,11.000000
315_CT_7-2,24,26.895675,0.000000,0.000000,1.000000,0.000000,0.000000,0.000000,0.493677,0.000000,26.401998,0.000000,0.000000,0.000000,315,0.000000,26.895675,-0.0,26.895675,11.000000
315_CT_7-3,24,31.855768,0.000000,0.000000,1.000000,0.000000,0.000000,0.000000,5.453770,0.000000,26.401998,0.000000,0.000000,0.000000,315,0.000000,31.855768,-0.0,31.855768,11.000000
322_HYDRO_2-0,24,0.000000,19.704167,0.000000,1.000000,0.000000,0.000000,0.000000,0.000000,0.000000,0.000000,0.000000,0.000000,0.000000,322,0.000000,0.000000,0.0,0.000000,19.704167
322_HYDRO_2-1,24,0.000000,0.000000,0.000000,1.000000,0.000000,0.000000,0.000000,0.000000,0.000000,0.000000,0.000000,0.000000,0.000000,322,0.000000,0.000000,0.0,0.000000,0.000000
322_HYDRO_2-2,24,0.000000,0.000000,0.000000,1.000000,0.000000,0.000000,0.000000,0.000000,0.000000,0.000000,0.000000,0.000000,0.000000,322,0.000000,0.000000,0.0,0.000000,0.000000
322_HYDRO_2-3,24,0.000000,0.000000,0.000000,1.000000,0.000000,0.000000,0.000000,0.000000,0.000000,0.000000,0.000000,0.000000,0.000000,322,0.000000,0.000000,0.0,0.000000,0.000000
301_CT_3-0,24,28.469999,0.000000,0.000000,1.000000,0.000000,0.000000,0.000000,0.000000,0.000000,28.469999,0.000000,0.000000,0.000000,301,0.000000,28.469999,-0.0,28.469999,22.000000
301_CT_3-1,24,28.469999,0.000000,0.000000,1.000000,0.000000,0.000000,0.000000,0.000000,0.000000,28.469999,0.000000,0.000000,0.000000,301,0.000000,28.469999,-0.0,28.469999,11.000000
301_CT_3-2,24,29.286315,0.000000,0.000000,1.000000,0.000000,0.000000,0.000000,0.816316,0.000000,28.469999,0.000000,0.000000,0.000000,301,0.000000,29.286315,-0.0,29.286315,11.000000
301_CT_3-3,24,43.742887,0.000000,0.000000,1.000000,0.000000,0.000000,0.000000,15.272887,0.000000,28.469999,0.000000,0.000000,0.000000,301,0.000000,43.742887,-0.0,43.742887,11.000000
302_CT_3-0,24,33.791603,0.000000,0.000000,1.000000,0.000000,0.000000,0.000000,0.000000,0.000000,33.791603,0.000000,0.000000,0.000000,302,0.000000,33.791603,-0.0,33.791603,22.000000
302_CT_3-1,24,33.791603,0.000000,0.000000,1.000000,0.000000,0.000000,0.000000,0.000000,0.000000,33.791603,0.000000,0.000000,0.000000,302,0.000000,33.791603,-0.0,33.791603,11.000000
302_CT_3-2,24,38.382410,0.000000,0.000000,1.000000,0.000000,0.000000,0.000000,4.590807,0.000000,33.791603,0.000000,0.000000,0.000000,302,0.000000,38.382410,-0.0,38.382410,11.000000
302_CT_3-3,24,38.635080,0.000000,0.000000,1.000000,0.000000,0.000000,0.000000,4.843476,0.000000,33.791603,0.000000,0.000000,0.000000,302,0.000000,38.635080,-0.0,38.635080,11.000000
315_STEAM_2-0,24,75.436777,0.000000,0.000000,1.000000,0.000000,0.000000,0.000000,0.000000,0.000000,75.436777,0.000000,0.000000,0.000000,315,0.000000,75.436777,-0.0,75.436777,5.000000
315_STEAM_2-1,24,75.436777,0.000000,0.000000,1.000000,0.000000,0.000000,0.000000,0.000000,0.000000,75.436777,0.000000,0.000000,0.000000,315,0.000000,75.436777,-0.0,75.436777,2.333333
315_STEAM_2-2,24,100.399529,0.000000,0.000000,1.000000,0.000000,0.000000,0.000000,24.962753,0.000000,75.436777,0.000000,0.000000,0.000000,315,0.000000,100.399529,-0.0,100.399529,2.333333
315_STEAM_2-3,24,124.099655,0.000000,0.000000,1.000000,0.000000,0.000000,0.000000,48.662879,0.000000,75.436777,0.000000,0.000000,0.000000,315,0.000000,124.099655,-0.0,124.099655,2.333333
302_CT_4-0,24,33.791603,0.000000,0.000000,1.000000,0.000000,0.000000,0.000000,0.000000,0.000000,33.791603,0.000000,0.000000,0.000000,302,0.000000,33.791603,-0.0,33.791603,22.000000
302_CT_4-1,24,33.791603,0.000000,0.000000,1.000000,0.000000,0.000000,0.000000,0.000000,0.000000,33.791603,0.000000,0.000000,0.000000,302,0.000000,33.791603,-0.0,33.791603,11.000000
302_CT_4-2,24,38.382410,0.000000,0.000000,1.000000,0.000000,0.000000,0.000000,4.590807,0.000000,33.791603,0.000000,0.000000,0.000000,302,0.000000,38.382410,-0.0,38.382410,11.000000
302_CT_4-3,24,38.635080,0.000000,0.000000,1.000000,0.000000,0.000000,0.000000,4.843476,0.000000,33.791603,0.000000,0.000000,0.000000,302,0.000000,38.635080,-0.0,38.635080,11.000000
315_STEAM_5-0,24,75.436777,0.000000,0.000000,1.000000,0.000000,0.000000,0.000000,0.000000,0.000000,75.436777,0.000000,0.000000,0.000000,315,0.000000,75.436777,-0.0,75.436777,5.000000
315_STEAM_5-1,24,75.436777,0.000000,0.000000,1.000000,0.000000,0.000000,0.000000,0.000000,0.000000,75.436777,0.000000,0.000000,0.000000,315,0.000000,75.436777,-0.0,75.436777,2.333333
315_STEAM_5-2,24,100.399529,0.000000,0.000000,1.000000,0.000000,0.000000,0.000000,24.962753,0.000000,75.436777,0.000000,0.000000,0.000000,315,0.000000,100.399529,-0.0,100.399529,2.333333
315_STEAM_5-3,24,124.099655,0.000000,0.000000,1.000000,0.000000,0.000000,0.000000,48.662879,0.000000,75.436777,0.000000,0.000000,0.000000,315,0.000000,124.099655,-0.0,124.099655,2.333333
315_STEAM_3-0,24,75.436777,0.000000,0.000000,1.000000,0.000000,0.000000,0.000000,0.000000,0.000000,75.436777,0.000000,0.000000,0.000000,315,0.000000,75.436777,-0.0,75.436777,5.000000
315_STEAM_3-1,24,75.436777,0.000000,0.000000,1.000000,0.000000,0.000000,0.000000,0.000000,0.000000,75.436777,0.000000,0.000000,0.000000,315,0.000000,75.436777,-0.0,75.436777,2.333333
315_STEAM_3-2,24,100.399529,0.000000,0.000000,1.000000,0.000000,0.000000,0.000000,24.962753,0.000000,75.436777,0.000000,0.000000,0.000000,315,0.000000,100.399529,-0.0,100.399529,2.333333
315_STEAM_3-3,24,124.099655,0.000000,0.000000,1.000000,0.000000,0.000000,0.000000,48.662879,0.000000,75.436777,0.000000,0.000000,0.000000,315,0.000000,124.099655,-0.0,124.099655,2.333333
302_CT_1-0,24,87.255791,0.000000,0.000000,1.000000,0.000000,0.000000,0.000000,0.000000,0.000000,87.255791,0.000000,0.000000,0.000000,302,0.000000,87.255791,-0.0,87.255791,8.000000
302_CT_1-1,24,87.255791,0.000000,0.000000,1.000000,0.000000,0.000000,0.000000,0.000000,0.000000,87.255791,0.000000,0.000000,0.000000,302,0.000000,87.255791,-0.0,87.255791,4.000000
302_CT_1-2,24,99.695770,0.000000,0.000000,1.000000,0.000000,0.000000,0.000000,12.439979,0.000000,87.255791,0.000000,0.000000,0.000000,302,0.000000,99.695770,-0.0,99.695770,4.000000
302_CT_1-3,24,105.367241,0.000000,0.000000,1.000000,0.000000,0.000000,0.000000,18.111450,0.000000,87.255791,0.000000,0.000000,0.000000,302,0.000000,105.367241,-0.0,105.367241,4.000000
322_CT_5-0,24,23.334982,0.000000,0.000000,1.000000,0.000000,0.000000,0.000000,0.000000,0.000000,23.334982,0.000000,0.000000,0.000000,322,0.000000,23.334982,-0.0,23.334982,22.000000
322_CT_5-1,24,23.334982,0.000000,0.000000,1.000000,0.000000,0.000000,0.000000,0.000000,0.000000,23.334982,0.000000,0.000000,0.000000,322,0.000000,23.334982,-0.0,23.334982,11.000000
322_CT_5-2,24,26.499179,0.000000,0.000000,1.000000,0.000000,0.000000,0.000000,3.164197,0.000000,23.334982,0.000000,0.000000,0.000000,322,0.000000,26.499179,-0.0,26.499179,11.000000
322_CT_5-3,24,27.894691,0.000000,0.000000,1.000000,0.000000,0.000000,0.000000,4.559709,0.000000,23.334982,0.000000,0.000000,0.000000,322,0.000000,27.894691,-0.0,27.894691,11.000000
307_CT_2-0,24,27.894691,0.000000,0.000000,1.000000,0.000000,0.000000,0.000000,0.000000,0.000000,27.894691,0.000000,0.000000,0.000000,307,0.000000,27.894691,-0.0,27.894691,22.000000
307_CT_2-1,24,27.894691,0.000000,0.000000,1.000000,0.000000,0.000000,0.000000,0.000000,0.000000,27.894691,0.000000,0.000000,0.000000,307,0.000000,27.894691,-0.0,27.894691,11.000000
307_CT_2-2,24,29.220233,0.000000,0.000000,1.000000,0.000000,0.000000,0.000000,1.325542,0.000000,27.894691,0.000000,0.000000,0.000000,307,0.000000,29.220233,-0.0,29.220233,11.000000
307_CT_2-3,24,35.474770,0.000000,0.000000,1.000000,0.000000,0.000000,0.000000,7.580079,0.000000,27.894691,0.000000,0.000000,0.000000,307,0.000000,35.474770,-0.0,35.474770,11.000000
