,time,charge,discharge,totaldischarge,soc,discharge_offer,maxdischargeoffer,charge_offer,maxchargeoffer,tightdual,maxdual,mindual,chargedual,dischargedual,cycledual,node,lmp,profit
313_STORAGE_1,193,0.000000,0.000000,0.000000,150.000000,-2000000.000000,5000.000000,-2850000.000000,5000.000000,0.000000,0.000000,1000000.000000,1000000.000000,0.000000,0.000000,303,26.429209,0.0
313_STORAGE_1,194,0.000000,0.000000,0.000000,150.000000,-2000000.000000,5000.000000,-2850000.000000,5000.000000,0.000000,0.000000,1000000.000000,1000000.000000,0.000000,0.000000,303,26.429209,0.0
313_STORAGE_1,195,0.000000,0.000000,0.000000,150.000000,-2000000.000000,5000.000000,-2850000.000000,5000.000000,0.000000,0.000000,1000000.000000,1000000.000000,0.000000,0.000000,303,26.429209,0.0
313_STORAGE_1,196,0.000000,4.166667,4.166667,145.833333,-1877276.726766,5000.000000,-2727276.726766,5000.000000,0.000000,0.000000,1000000.000000,1000000.000000,0.000000,0.000000,303,26.429209,110.121712976403
313_STORAGE_1,197,0.000000,4.166667,4.166667,141.666667,-2000000.000000,5000.000000,-2850000.000000,5000.000000,0.000000,0.000000,1000000.000000,1000000.000000,0.000000,0.000000,303,26.429209,110.121712976403
313_STORAGE_1,198,0.000000,4.166667,4.166667,137.500000,-2000000.000000,5000.000000,-2850000.000000,5000.000000,0.000000,0.000000,1000000.000000,1000000.000000,0.000000,0.000000,303,26.429209,110.121712976403
313_STORAGE_1,199,0.000000,4.166667,4.166667,133.333333,-2000000.000000,5000.000000,-2850000.000000,5000.000000,0.000000,0.000000,1000000.000000,1000000.000000,0.000000,0.000000,303,26.429209,110.121712976403
313_STORAGE_1,200,0.000000,0.429407,0.429407,132.903927,-2000000.000000,5000.000000,-2850000.000000,5000.000000,0.000000,0.000000,1000000.000000,1000000.000000,0.000000,0.000000,303,26.429209,11.348887349063
313_STORAGE_1,201,0.000000,0.086042,0.086042,132.817885,-2000000.000000,5000.000000,-2850000.000000,5000.000000,0.000000,0.000000,1000000.000000,1000000.000000,0.000000,0.000000,303,26.429209,2.274022000778
313_STORAGE_1,202,0.000000,4.166667,4.166667,128.651218,-1920096.360929,5000.000000,-2770096.360929,5000.000000,0.000000,0.000000,1000000.000000,1000000.000000,0.000000,0.000000,303,26.429209,110.121712976403
313_STORAGE_1,203,0.000000,3.632398,3.632398,125.018820,-2000000.000000,5000.000000,-2850000.000000,5000.000000,0.000000,0.000000,1000000.000000,1000000.000000,0.000000,0.000000,303,26.429209,96.001405913182
313_STORAGE_1,204,0.000000,4.166667,4.166667,120.852154,-2000000.000000,5000.000000,-2850000.000000,5000.000000,0.000000,0.000000,1000000.000000,1000000.000000,0.000000,0.000000,303,26.499179,110.41325466639302
313_STORAGE_1,205,0.000000,4.166667,4.166667,116.685487,-2000000.000000,5000.000000,-2850000.000000,5000.000000,0.000000,0.000000,1000000.000000,1000000.000000,0.000000,0.000000,303,26.845141,111.85476311504702
313_STORAGE_1,206,0.000000,4.166667,4.166667,112.518820,-2000000.000000,5000.000000,-2850000.000000,5000.000000,0.000000,0.000000,1000000.000000,1000000.000000,0.000000,0.000000,303,26.845141,111.85476311504702
313_STORAGE_1,207,0.000000,4.166667,4.166667,108.352154,-2000000.000000,5000.000000,-2850000.000000,5000.000000,0.000000,0.000000,1000000.000000,1000000.000000,0.000000,0.000000,303,26.845141,111.85476311504702
313_STORAGE_1,208,0.000000,4.166667,4.166667,104.185487,-2000000.000000,5000.000000,-2850000.000000,5000.000000,0.000000,0.000000,1000000.000000,1000000.000000,0.000000,0.000000,303,26.845141,111.85476311504702
313_STORAGE_1,209,0.000000,4.166667,4.166667,100.018820,-2000000.000000,5000.000000,-2850000.000000,5000.000000,0.000000,0.000000,1000000.000000,1000000.000000,0.000000,0.000000,303,26.845141,111.85476311504702
313_STORAGE_1,210,0.000000,4.166667,4.166667,95.852154,-2000000.000000,5000.000000,-2850000.000000,5000.000000,0.000000,0.000000,1000000.000000,1000000.000000,0.000000,0.000000,303,26.755735,111.48223808524502
313_STORAGE_1,211,0.000000,4.166667,4.166667,91.685487,-2000000.000000,5000.000000,-2850000.000000,5000.000000,0.000000,0.000000,1000000.000000,1000000.000000,0.000000,0.000000,303,26.755735,111.48223808524502
313_STORAGE_1,212,0.000000,4.166667,4.166667,87.518820,-2000000.000000,5000.000000,-2850000.000000,5000.000000,0.000000,0.000000,1000000.000000,1000000.000000,0.000000,0.000000,303,26.755735,111.48223808524502
313_STORAGE_1,213,0.000000,4.166667,4.166667,83.352154,-2000000.000000,5000.000000,-2850000.000000,5000.000000,0.000000,0.000000,1000000.000000,1000000.000000,0.000000,0.000000,303,26.755735,111.48223808524502
313_STORAGE_1,214,0.000000,4.166667,4.166667,79.185487,-2000000.000000,5000.000000,-2850000.000000,5000.000000,0.000000,0.000000,1000000.000000,1000000.000000,0.000000,0.000000,303,26.499179,110.41325466639302
313_STORAGE_1,215,0.000000,4.166667,4.166667,75.018820,-998000.000000,5000.000000,-1848000.000000,5000.000000,0.000000,0.000000,1000000.000000,1000000.000000,0.000000,0.000000,303,26.499179,110.41325466639302
313_STORAGE_1,216,0.000000,4.166667,4.166667,70.852154,-2000000.000000,5000.000000,-2850000.000000,5000.000000,0.000000,0.000000,1000000.000000,1000000.000000,0.000000,0.000000,303,26.429209,110.121712976403
313_STORAGE_1,217,0.000000,4.166667,4.166667,66.685487,-1889314.241764,5000.000000,-2739314.241764,5000.000000,0.000000,0.000000,1000000.000000,1000000.000000,0.000000,0.000000,303,26.429209,110.121712976403
313_STORAGE_1,218,0.000000,4.166667,4.166667,62.518820,-2000000.000000,5000.000000,-2850000.000000,5000.000000,0.000000,0.000000,1000000.000000,1000000.000000,0.000000,0.000000,303,26.429209,110.121712976403
313_STORAGE_1,219,0.000000,0.000000,0.000000,62.518820,-2000000.000000,5000.000000,-2850000.000000,5000.000000,0.000000,0.000000,1000000.000000,1000000.000000,0.000000,0.000000,303,26.429209,0.0
313_STORAGE_1,220,0.000000,0.000000,0.000000,62.518820,-2000000.000000,5000.000000,-2850000.000000,5000.000000,0.000000,0.000000,1000000.000000,1000000.000000,0.000000,0.000000,303,26.429209,0.0
313_STORAGE_1,221,0.000000,4.166667,4.166667,58.352154,-2000000.000000,5000.000000,-2850000.000000,5000.000000,0.000000,0.000000,1000000.000000,1000000.000000,0.000000,0.000000,303,26.429209,110.121712976403
313_STORAGE_1,222,0.000000,4.166667,4.166667,54.185487,-2000000.000000,5000.000000,-2850000.000000,5000.000000,0.000000,0.000000,1000000.000000,1000000.000000,0.000000,0.000000,303,26.429209,110.121712976403
313_STORAGE_1,223,0.000000,4.166667,4.166667,50.018820,-1037038.366473,5000.000000,-1887038.366473,5000.000000,0.000000,0.000000,1000000.000000,1000000.000000,0.000000,0.000000,303,26.429209,110.121712976403
313_STORAGE_1,224,0.000000,4.166667,4.166667,45.852154,-2000000.000000,5000.000000,-2850000.000000,5000.000000,0.000000,0.000000,1000000.000000,1000000.000000,0.000000,0.000000,303,26.429209,110.121712976403
313_STORAGE_1,225,0.000000,0.000000,0.000000,45.852154,-2000000.000000,5000.000000,-2850000.000000,5000.000000,0.000000,0.000000,1000000.000000,1000000.000000,0.000000,0.000000,303,26.429209,0.0
313_STORAGE_1,226,0.000000,4.166667,4.166667,41.685487,-1588988.400602,5000.000000,-2438988.400602,5000.000000,0.000000,0.000000,1000000.000000,1000000.000000,0.000000,0.000000,303,26.429209,110.121712976403
313_STORAGE_1,227,0.000000,4.166667,4.166667,37.518820,-2000000.000000,5000.000000,-2850000.000000,5000.000000,0.000000,0.000000,1000000.000000,1000000.000000,0.000000,0.000000,303,26.429209,110.121712976403
313_STORAGE_1,228,0.000000,4.166667,4.166667,33.352154,-2000000.000000,5000.000000,-2850000.000000,5000.000000,0.000000,0.000000,1000000.000000,1000000.000000,0.000000,0.000000,303,26.429209,110.121712976403
313_STORAGE_1,229,0.000000,0.000000,0.000000,33.352154,-2000000.000000,5000.000000,-2850000.000000,5000.000000,0.000000,0.000000,1000000.000000,1000000.000000,0.000000,0.000000,303,26.429209,0.0
313_STORAGE_1,230,0.000000,4.166667,4.166667,29.185487,-2000000.000000,5000.000000,-2850000.000000,5000.000000,0.000000,0.000000,1000000.000000,1000000.000000,0.000000,0.000000,303,26.429209,110.121712976403
313_STORAGE_1,231,0.000000,4.166667,4.166667,25.018820,-2000000.000000,5000.000000,-2850000.000000,5000.000000,0.000000,0.000000,1000000.000000,1000000.000000,0.000000,0.000000,303,26.429209,110.121712976403
313_STORAGE_1,232,0.000000,4.166667,4.166667,20.852154,-2000000.000000,5000.000000,-2850000.000000,5000.000000,0.000000,0.000000,1000000.000000,1000000.000000,0.000000,0.000000,303,26.429209,110.121712976403
313_STORAGE_1,233,0.000000,4.166667,4.166667,16.685487,-2000000.000000,5000.000000,-2850000.000000,5000.000000,0.000000,0.000000,1000000.000000,1000000.000000,0.000000,0.000000,303,26.429209,110.121712976403
313_STORAGE_1,234,0.000000,4.166667,4.166667,12.518820,-2000000.000000,5000.000000,-2850000.000000,5000.000000,0.000000,0.000000,1000000.000000,1000000.000000,0.000000,0.000000,303,26.429209,110.121712976403
313_STORAGE_1,235,0.000000,4.166667,4.166667,8.352154,-2000000.000000,5000.000000,-2850000.000000,5000.000000,0.000000,0.000000,1000000.000000,1000000.000000,0.000000,0.000000,303,26.429209,110.121712976403
313_STORAGE_1,236,0.000000,4.166667,4.166667,4.185487,-2000000.000000,5000.000000,-2850000.000000,5000.000000,0.000000,0.000000,1000000.000000,1000000.000000,0.000000,0.000000,303,26.429209,110.121712976403
313_STORAGE_1,237,0.000000,0.018820,0.018820,4.166667,-1961795.990665,5000.000000,-2811795.990665,5000.000000,0.000000,0.000000,1000000.000000,1000000.000000,0.000000,0.000000,303,26.429209,0.49739771338
313_STORAGE_1,238,0.000000,0.000000,0.000000,4.166667,-2000000.000000,5000.000000,-2850000.000000,5000.000000,0.000000,0.000000,1000000.000000,1000000.000000,0.000000,0.000000,303,26.429209,0.0
313_STORAGE_1,239,0.000000,0.000000,0.000000,4.166667,-2000000.000000,5000.000000,-2850000.000000,5000.000000,0.000000,0.000000,1000000.000000,1000000.000000,0.000000,0.000000,303,26.429209,0.0
313_STORAGE_1,240,0.000000,4.166667,4.166667,0.000000,-2000000.000000,5000.000000,-2850000.000000,5000.000000,0.000000,0.000000,1000000.000000,1000000.000000,0.000000,0.000000,303,26.429209,110.121712976403
